STATION,NAME,LATITUDE,LONGITUDE,ELEVATION,DATE,DEWP,DEWP_ATTRIBUTES,FRSHTT,FRSHTT_ATTRIBUTES,GUST,GUST_ATTRIBUTES,MAX,MAX_ATTRIBUTES,MIN,MIN_ATTRIBUTES,MXSPD,MXSPD_ATTRIBUTES,PRCP,PRCP_ATTRIBUTES,SLP,SLP_ATTRIBUTES,SNDP,SNDP_ATTRIBUTES,STP,STP_ATTRIBUTES,TEMP,TEMP_ATTRIBUTES,VISIB,VISIB_ATTRIBUTES,WDSP,WDSP_ATTRIBUTES
67561099999,"NDOLA SIMON MWANSA KAWEPEWE INTERNATIONAL, ZA",-12.9833333,28.65,1270.1,5/20/1980,49.5,4,0,,999.9,,78.8, ,55.4,*,13,,0,I,9999.9,0,999.9,,878.7,4,66.7,4,18.6,4,7.2,4
67561099999,"NDOLA SIMON MWANSA KAWEPEWE INTERNATIONAL, ZA",-12.9833333,28.65,1270.1,6/1/1980,46.4,4,0,,999.9,,77, ,62.6,*,8,,0,I,9999.9,0,999.9,,876.7,4,69.4,4,17.1,4,5,4
67561099999,"NDOLA SIMON MWANSA KAWEPEWE INTERNATIONAL, ZA",-12.9833333,28.65,1270.1,7/8/1980,41.9,4,0,,999.9,,77, ,48.2, ,11.1,,0,G,9999.9,0,999.9,,879,4,63.1,4,12.4,4,4.8,4
67561099999,"NDOLA SIMON MWANSA KAWEPEWE INTERNATIONAL, ZA",-12.9833333,28.65,1270.1,9/5/1980,45.5,4,0,,999.9,,84.2,*,55.4, ,8,,0,G,9999.9,0,999.9,,876,4,78.3,4,9.5,4,4,4
67561099999,"NDOLA SIMON MWANSA KAWEPEWE INTERNATIONAL, ZA",-12.9833333,28.65,1270.1,9/6/1980,47.8,4,0,,999.9,,84.2,*,53.6, ,5.1,,0,G,9999.9,0,999.9,,875.9,4,71.6,4,7.5,4,2.5,4
67561099999,"NDOLA SIMON MWANSA KAWEPEWE INTERNATIONAL, ZA",-12.9833333,28.65,1270.1,9/7/1980,43.5,5,0,,999.9,,87.8,*,53.6, ,8,,0,G,9999.9,0,999.9,,873.6,5,79.9,5,9.7,5,4.6,5
67561099999,"NDOLA SIMON MWANSA KAWEPEWE INTERNATIONAL, ZA",-12.9833333,28.65,1270.1,12/6/1980,57.7,4,0,,999.9,,80.6, ,59, ,8,,0,G,9999.9,0,999.9,,872.2,4,74.8,4,18.6,4,4,4
67561099999,"NDOLA SIMON MWANSA KAWEPEWE INTERNATIONAL, ZA",-12.9833333,28.65,1270.1,1/12/1981,64.4,4,10,,999.9,,84.2, ,62.6, ,2.9,,0.28,G,9999.9,0,999.9,,873.7,4,73.4,4,17.1,4,1.5,4
67561099999,"NDOLA SIMON MWANSA KAWEPEWE INTERNATIONAL, ZA",-12.9833333,28.65,1270.1,1/20/1981,62.1,4,10,,999.9,,84.2, ,62.6, ,8,,0.28,G,9999.9,0,999.9,,872.3,4,74.3,4,17.2,4,4.8,4
67561099999,"NDOLA SIMON MWANSA KAWEPEWE INTERNATIONAL, ZA",-12.9833333,28.65,1270.1,1/29/1981,63,5,10000,,999.9,,73.4, ,62.6, ,6,,0.28,G,9999.9,0,999.9,,874.8,5,67.3,5,17.4,5,3.8,4
67561099999,"NDOLA SIMON MWANSA KAWEPEWE INTERNATIONAL, ZA",-12.9833333,28.65,1270.1,2/7/1981,62.6,4,10000,,999.9,,77, ,62.6, ,7,,1.61,G,9999.9,0,999.9,,873.3,4,65.8,4,11.2,4,3,4
67561099999,"NDOLA SIMON MWANSA KAWEPEWE INTERNATIONAL, ZA",-12.9833333,28.65,1270.1,2/9/1981,63.5,4,10,,999.9,,78.8, ,64.4, ,8,,0,G,9999.9,0,999.9,,871.8,4,70.7,4,12.4,4,4.2,4
67561099999,"NDOLA SIMON MWANSA KAWEPEWE INTERNATIONAL, ZA",-12.9833333,28.65,1270.1,2/11/1981,63.1,4,10,,999.9,,80.6, ,62.6, ,8,,0,G,9999.9,0,999.9,,999.9,0,73.4,4,9.6,4,5,4
67561099999,"NDOLA SIMON MWANSA KAWEPEWE INTERNATIONAL, ZA",-12.9833333,28.65,1270.1,2/17/1981,64.4,4,10010,,999.9,,80.6, ,62.6, ,11.1,,0.28,G,9999.9,0,999.9,,872.8,4,70.3,4,11.7,4,4.5,4
67561099999,"NDOLA SIMON MWANSA KAWEPEWE INTERNATIONAL, ZA",-12.9833333,28.65,1270.1,2/20/1981,65.8,4,110010,,999.9,,77, ,62.6, ,5.1,,0,G,9999.9,0,999.9,,871.2,4,70.3,4,15.5,4,2.2,4
67561099999,"NDOLA SIMON MWANSA KAWEPEWE INTERNATIONAL, ZA",-12.9833333,28.65,1270.1,2/21/1981,65.1,5,10010,,999.9,,80.6, ,66.2,*,7,,99.99, ,9999.9,0,999.9,,870.7,4,69.8,5,10.7,5,2.6,5
67561099999,"NDOLA SIMON MWANSA KAWEPEWE INTERNATIONAL, ZA",-12.9833333,28.65,1270.1,2/22/1981,64.8,4,100010,,999.9,,82.4, ,60.8, ,4.1,,0.16,G,9999.9,0,999.9,,999.9,0,72.1,4,6.7,4,2.2,4
67561099999,"NDOLA SIMON MWANSA KAWEPEWE INTERNATIONAL, ZA",-12.9833333,28.65,1270.1,2/24/1981,63.9,4,10000,,999.9,,80.6, ,62.6, ,7,,1.77,G,9999.9,0,999.9,,872.8,4,73,4,14,4,5.2,4
67561099999,"NDOLA SIMON MWANSA KAWEPEWE INTERNATIONAL, ZA",-12.9833333,28.65,1270.1,3/4/1981,63.9,4,10010,,999.9,,84.2, ,64.4, ,4.9,,0.51,G,9999.9,0,999.9,,999.9,0,71.2,4,14.6,4,3.6,4
67561099999,"NDOLA SIMON MWANSA KAWEPEWE INTERNATIONAL, ZA",-12.9833333,28.65,1270.1,3/5/1981,63,4,10,,999.9,,84.2, ,62.6, ,3.9,,0.02,G,9999.9,0,999.9,,872.9,4,77,4,17.1,4,2.9,4
67561099999,"NDOLA SIMON MWANSA KAWEPEWE INTERNATIONAL, ZA",-12.9833333,28.65,1270.1,3/7/1981,62.6,4,10000,,999.9,,80.6, ,62.6, ,8.9,,1.1,G,9999.9,0,999.9,,874.6,4,68,4,11.2,4,5,4
67561099999,"NDOLA SIMON MWANSA KAWEPEWE INTERNATIONAL, ZA",-12.9833333,28.65,1270.1,3/8/1981,59.5,4,10010,,999.9,,75.2, ,62.6, ,8.9,,0.71,G,9999.9,0,999.9,,874.8,4,71.2,4,13.2,4,3.4,4
67561099999,"NDOLA SIMON MWANSA KAWEPEWE INTERNATIONAL, ZA",-12.9833333,28.65,1270.1,3/9/1981,63.1,4,0,,999.9,,77,*,64.4, ,4.9,,0.28,G,9999.9,0,999.9,,875.4,4,70.3,4,17.1,4,3.2,4
67561099999,"NDOLA SIMON MWANSA KAWEPEWE INTERNATIONAL, ZA",-12.9833333,28.65,1270.1,3/10/1981,62.2,4,0,,999.9,,80.6, ,62.6, ,3.9,,0.51,G,9999.9,0,999.9,,874.3,4,74.8,4,16.3,4,2.4,4
67561099999,"NDOLA SIMON MWANSA KAWEPEWE INTERNATIONAL, ZA",-12.9833333,28.65,1270.1,3/15/1981,61.2,5,10,,999.9,,86, ,60.8, ,11.8,,0,G,9999.9,0,999.9,,875.3,5,77,5,18,5,5.1,5
67561099999,"NDOLA SIMON MWANSA KAWEPEWE INTERNATIONAL, ZA",-12.9833333,28.65,1270.1,3/16/1981,9999.9,0,0,,999.9,,87.8, ,60.8,*,5.8,,0,I,9999.9,0,999.9,,874.8,4,77.4,4,18.6,4,2.4,4
67561099999,"NDOLA SIMON MWANSA KAWEPEWE INTERNATIONAL, ZA",-12.9833333,28.65,1270.1,3/18/1981,62.6,4,10,,999.9,,84.2, ,62.6,*,8,,0,I,9999.9,0,999.9,,872.9,4,73,4,16.3,4,4.4,4
67561099999,"NDOLA SIMON MWANSA KAWEPEWE INTERNATIONAL, ZA",-12.9833333,28.65,1270.1,3/19/1981,64,5,10010,,999.9,,80.6, ,64.4, ,10.9,,99.99, ,9999.9,0,999.9,,876.9,5,70.5,5,16.8,5,4.9,5
67561099999,"NDOLA SIMON MWANSA KAWEPEWE INTERNATIONAL, ZA",-12.9833333,28.65,1270.1,3/21/1981,64.4,4,10010,,999.9,,82.4, ,62.6, ,8,,0.2,G,9999.9,0,999.9,,999.9,0,72.9,4,14.8,4,3.7,4
67561099999,"NDOLA SIMON MWANSA KAWEPEWE INTERNATIONAL, ZA",-12.9833333,28.65,1270.1,3/22/1981,64,5,10010,,999.9,,82.4, ,64.4, ,7,,0.01,G,9999.9,0,999.9,,872.5,5,73.8,5,16.8,5,4,5
67561099999,"NDOLA SIMON MWANSA KAWEPEWE INTERNATIONAL, ZA",-12.9833333,28.65,1270.1,3/24/1981,64.8,5,100010,,999.9,,86, ,64.4, ,2.9,,0,G,9999.9,0,999.9,,872.3,5,76.6,5,14,5,1.6,5
67561099999,"NDOLA SIMON MWANSA KAWEPEWE INTERNATIONAL, ZA",-12.9833333,28.65,1270.1,3/25/1981,65,6,10010,,999.9,,82.4, ,64.4, ,9.9,,0,G,9999.9,0,999.9,,872.9,6,69.8,6,12.2,6,3.3,6
67561099999,"NDOLA SIMON MWANSA KAWEPEWE INTERNATIONAL, ZA",-12.9833333,28.65,1270.1,3/28/1981,9999.9,0,0,,999.9,,66.2,*,62.6,*,3.9,,0,I,9999.9,0,999.9,,872.7,4,64.4,4,17.1,4,1.2,4
67561099999,"NDOLA SIMON MWANSA KAWEPEWE INTERNATIONAL, ZA",-12.9833333,28.65,1270.1,3/30/1981,62.2,5,0,,999.9,,78.8,*,62.6,*,9.9,,0,I,9999.9,0,999.9,,874.2,4,71.2,5,14.3,5,5,4
67561099999,"NDOLA SIMON MWANSA KAWEPEWE INTERNATIONAL, ZA",-12.9833333,28.65,1270.1,4/2/1981,57.7,4,0,,999.9,,78.8,*,57.2, ,3.9,,0,G,9999.9,0,999.9,,875.2,4,72.1,4,17.1,4,2.4,4
67561099999,"NDOLA SIMON MWANSA KAWEPEWE INTERNATIONAL, ZA",-12.9833333,28.65,1270.1,4/3/1981,50,5,0,,999.9,,80.6, ,53.6, ,8,,0,G,9999.9,0,999.9,,875.7,5,67.6,5,17.4,5,3.7,5
67561099999,"NDOLA SIMON MWANSA KAWEPEWE INTERNATIONAL, ZA",-12.9833333,28.65,1270.1,4/4/1981,47.8,4,0,,999.9,,80.6, ,50,*,9.9,,0,I,9999.9,0,999.9,,875.4,4,71.2,4,18.6,4,5.7,4
67561099999,"NDOLA SIMON MWANSA KAWEPEWE INTERNATIONAL, ZA",-12.9833333,28.65,1270.1,4/6/1981,50.5,4,0,,999.9,,82.4, ,50, ,4.9,,0,G,9999.9,0,999.9,,999.9,0,72.9,4,17.9,4,1.7,4
67561099999,"NDOLA SIMON MWANSA KAWEPEWE INTERNATIONAL, ZA",-12.9833333,28.65,1270.1,4/15/1981,53.2,4,0,,999.9,,82.4, ,51.8, ,7,,0,G,9999.9,0,999.9,,874.4,4,72.1,4,17.1,4,2.2,4
67561099999,"NDOLA SIMON MWANSA KAWEPEWE INTERNATIONAL, ZA",-12.9833333,28.65,1270.1,4/27/1981,62.6,4,0,,999.9,,82.4,*,59, ,5.8,,0,G,9999.9,0,999.9,,873.5,4,72.9,4,18.6,4,3.6,4
67561099999,"NDOLA SIMON MWANSA KAWEPEWE INTERNATIONAL, ZA",-12.9833333,28.65,1270.1,4/28/1981,63,5,100000,,999.9,,82.4,*,62.6, ,8,,0,G,9999.9,0,999.9,,873.5,5,70.5,5,18,5,4.7,5
67561099999,"NDOLA SIMON MWANSA KAWEPEWE INTERNATIONAL, ZA",-12.9833333,28.65,1270.1,5/23/1981,52.2,4,0,,999.9,,75.2,*,53.6, ,11.8,,0,G,9999.9,0,999.9,,859.5,4,70.3,4,18.6,4,9.7,4
67561099999,"NDOLA SIMON MWANSA KAWEPEWE INTERNATIONAL, ZA",-12.9833333,28.65,1270.1,5/24/1981,51.2,6,0,,999.9,,77,*,51.8, ,8,,0,G,9999.9,0,999.9,,879,6,62,6,18.6,6,4.4,6
67561099999,"NDOLA SIMON MWANSA KAWEPEWE INTERNATIONAL, ZA",-12.9833333,28.65,1270.1,5/27/1981,53.3,6,0,,999.9,,78.8, ,51.8, ,5.8,,0,G,9999.9,0,999.9,,875.7,6,64.1,6,16.1,6,1,6
67561099999,"NDOLA SIMON MWANSA KAWEPEWE INTERNATIONAL, ZA",-12.9833333,28.65,1270.1,5/29/1981,56.3,4,0,,999.9,,82.4, ,64.4,*,4.9,,0,I,9999.9,0,999.9,,875,4,74.8,4,11.7,4,3.2,4
67561099999,"NDOLA SIMON MWANSA KAWEPEWE INTERNATIONAL, ZA",-12.9833333,28.65,1270.1,6/4/1981,48.2,4,0,,999.9,,80.6,*,46.4, ,5.8,,0,G,9999.9,0,999.9,,877.3,4,68,4,14.9,4,3.2,4
67561099999,"NDOLA SIMON MWANSA KAWEPEWE INTERNATIONAL, ZA",-12.9833333,28.65,1270.1,6/5/1981,44.6,5,0,,999.9,,82.4, ,46.4, ,7,,0,G,9999.9,0,999.9,,876.9,5,67.6,5,11.9,5,2.8,5
67561099999,"NDOLA SIMON MWANSA KAWEPEWE INTERNATIONAL, ZA",-12.9833333,28.65,1270.1,6/11/1981,42.5,6,0,,999.9,,73.4,*,42.8, ,8,,0,G,9999.9,0,999.9,,880.1,6,56.6,6,18.6,6,2.9,6
67561099999,"NDOLA SIMON MWANSA KAWEPEWE INTERNATIONAL, ZA",-12.9833333,28.65,1270.1,6/12/1981,39.7,4,0,,999.9,,75.2, ,46.4, ,8,,0,G,9999.9,0,999.9,,879.1,4,64.9,4,18.6,4,5.2,4
67561099999,"NDOLA SIMON MWANSA KAWEPEWE INTERNATIONAL, ZA",-12.9833333,28.65,1270.1,6/13/1981,41,4,0,,999.9,,73.4, ,41, ,8.9,,0,G,9999.9,0,999.9,,880.5,4,65.3,4,17.1,4,6.7,4
67561099999,"NDOLA SIMON MWANSA KAWEPEWE INTERNATIONAL, ZA",-12.9833333,28.65,1270.1,6/17/1981,37.4,5,0,,999.9,,73.4, ,44.6,*,16.9,,0,I,9999.9,0,999.9,,880.6,5,61.9,5,16.8,5,8.5,5
67561099999,"NDOLA SIMON MWANSA KAWEPEWE INTERNATIONAL, ZA",-12.9833333,28.65,1270.1,6/20/1981,41,4,100000,,999.9,,80.6, ,41, ,5.8,,0,G,9999.9,0,999.9,,877.2,4,67.6,4,13.7,4,2.9,4
67561099999,"NDOLA SIMON MWANSA KAWEPEWE INTERNATIONAL, ZA",-12.9833333,28.65,1270.1,6/21/1981,46,5,0,,999.9,,78.8, ,42.8, ,1.9,,0,G,9999.9,0,999.9,,876.7,5,60.4,5,10.1,5,0.8,5
67561099999,"NDOLA SIMON MWANSA KAWEPEWE INTERNATIONAL, ZA",-12.9833333,28.65,1270.1,6/22/1981,45.7,5,0,,999.9,,78.8,*,44.6, ,3.9,,0,G,9999.9,0,999.9,,876.8,4,60.1,5,8.9,5,1.4,5
67561099999,"NDOLA SIMON MWANSA KAWEPEWE INTERNATIONAL, ZA",-12.9833333,28.65,1270.1,6/23/1981,46.1,6,0,,999.9,,78.8, ,46.4, ,9.9,,0,G,9999.9,0,999.9,,877.8,6,66.2,6,11.9,6,5.9,6
67561099999,"NDOLA SIMON MWANSA KAWEPEWE INTERNATIONAL, ZA",-12.9833333,28.65,1270.1,6/25/1981,43.2,5,0,,999.9,,75.2, ,42.8, ,10.9,,0,G,9999.9,0,999.9,,878.8,5,62.2,5,13,5,3.9,5
67561099999,"NDOLA SIMON MWANSA KAWEPEWE INTERNATIONAL, ZA",-12.9833333,28.65,1270.1,6/26/1981,40.5,4,0,,999.9,,77, ,41, ,5.8,,0,G,9999.9,0,999.9,,877.5,4,67.1,4,13.2,4,1.9,4
67561099999,"NDOLA SIMON MWANSA KAWEPEWE INTERNATIONAL, ZA",-12.9833333,28.65,1270.1,6/27/1981,42.1,5,0,,999.9,,78.8, ,41, ,4.9,,0,G,9999.9,0,999.9,,875.2,5,67.3,5,15,5,1.9,5
67561099999,"NDOLA SIMON MWANSA KAWEPEWE INTERNATIONAL, ZA",-12.9833333,28.65,1270.1,6/30/1981,36.3,5,0,,999.9,,80.6, ,42.8, ,9.9,,0,G,9999.9,0,999.9,,876.4,5,69.8,5,7.8,5,3.7,4
67561099999,"NDOLA SIMON MWANSA KAWEPEWE INTERNATIONAL, ZA",-12.9833333,28.65,1270.1,7/7/1981,42.8,4,0,,999.9,,80.6, ,41, ,3.9,,0,G,9999.9,0,999.9,,876.7,4,70.3,4,8.5,4,1,4
67561099999,"NDOLA SIMON MWANSA KAWEPEWE INTERNATIONAL, ZA",-12.9833333,28.65,1270.1,7/10/1981,47.3,8,0,,999.9,,80.6, ,48.2, ,8.9,,0,G,9999.9,0,999.9,,877.3,8,64.6,8,12.6,8,3.4,8
67561099999,"NDOLA SIMON MWANSA KAWEPEWE INTERNATIONAL, ZA",-12.9833333,28.65,1270.1,7/11/1981,44.6,4,0,,999.9,,77,*,46.4,*,5.8,,0,I,9999.9,0,999.9,,875.7,4,65.8,4,14,4,3.4,4
67561099999,"NDOLA SIMON MWANSA KAWEPEWE INTERNATIONAL, ZA",-12.9833333,28.65,1270.1,7/12/1981,43.9,5,0,,999.9,,80.6, ,42.8, ,5.8,,0,G,9999.9,0,999.9,,875.8,5,66.9,5,6.8,5,2.9,5
67561099999,"NDOLA SIMON MWANSA KAWEPEWE INTERNATIONAL, ZA",-12.9833333,28.65,1270.1,7/13/1981,41.6,6,0,,999.9,,80.6, ,44.6, ,4.9,,0,G,9999.9,0,999.9,,875.9,6,64.4,6,8.3,6,2.1,6
67561099999,"NDOLA SIMON MWANSA KAWEPEWE INTERNATIONAL, ZA",-12.9833333,28.65,1270.1,7/16/1981,39.9,5,0,,999.9,,75.2, ,42.8, ,8,,0,G,9999.9,0,999.9,,999.9,0,61.5,5,11.1,5,2.4,5
67561099999,"NDOLA SIMON MWANSA KAWEPEWE INTERNATIONAL, ZA",-12.9833333,28.65,1270.1,7/20/1981,39.9,5,0,,999.9,,75.2, ,41, ,8,,0,G,9999.9,0,999.9,,877.2,5,61.5,5,9.4,5,3.6,5
67561099999,"NDOLA SIMON MWANSA KAWEPEWE INTERNATIONAL, ZA",-12.9833333,28.65,1270.1,7/22/1981,36.7,5,0,,999.9,,78.8, ,48.2, ,9.9,,0,G,9999.9,0,999.9,,877.3,5,65.8,5,12.4,5,6.1,5
67561099999,"NDOLA SIMON MWANSA KAWEPEWE INTERNATIONAL, ZA",-12.9833333,28.65,1270.1,7/23/1981,37.4,4,0,,999.9,,78.8, ,39.2, ,9.9,,0,G,9999.9,0,999.9,,877.9,4,65.3,4,7.8,4,5.7,4
67561099999,"NDOLA SIMON MWANSA KAWEPEWE INTERNATIONAL, ZA",-12.9833333,28.65,1270.1,7/25/1981,36.7,5,0,,999.9,,71.6, ,46.4, ,14,,0,G,9999.9,0,999.9,,880.8,5,61.5,5,11.2,5,12.1,5
67561099999,"NDOLA SIMON MWANSA KAWEPEWE INTERNATIONAL, ZA",-12.9833333,28.65,1270.1,7/26/1981,40.7,6,0,,999.9,,75.2, ,48.2, ,17.9,,0,G,9999.9,0,999.9,,879.8,6,63.5,6,16.6,6,8.1,6
67561099999,"NDOLA SIMON MWANSA KAWEPEWE INTERNATIONAL, ZA",-12.9833333,28.65,1270.1,7/28/1981,41.6,6,0,,999.9,,75.2, ,39.2,*,7,,0,G,9999.9,0,999.9,,877.9,6,54.8,6,14.5,6,3.6,6
67561099999,"NDOLA SIMON MWANSA KAWEPEWE INTERNATIONAL, ZA",-12.9833333,28.65,1270.1,7/29/1981,41.4,5,0,,999.9,,78.8, ,44.6, ,4.9,,0,G,9999.9,0,999.9,,878.5,4,63.7,5,13.4,5,2.7,4
67561099999,"NDOLA SIMON MWANSA KAWEPEWE INTERNATIONAL, ZA",-12.9833333,28.65,1270.1,7/30/1981,41.9,4,0,,999.9,,75.2,*,44.6, ,10.9,,0,G,9999.9,0,999.9,,879.7,4,68,4,12.9,4,5.1,4
67561099999,"NDOLA SIMON MWANSA KAWEPEWE INTERNATIONAL, ZA",-12.9833333,28.65,1270.1,7/31/1981,42.4,4,0,,999.9,,77, ,51.8, ,8,,0,G,9999.9,0,999.9,,878.6,4,66.2,4,17.1,4,6.5,4
67561099999,"NDOLA SIMON MWANSA KAWEPEWE INTERNATIONAL, ZA",-12.9833333,28.65,1270.1,8/1/1981,41,5,0,,999.9,,82.4,*,44.6, ,7,,0,G,9999.9,0,999.9,,878,5,66.2,5,10.9,5,3.1,5
67561099999,"NDOLA SIMON MWANSA KAWEPEWE INTERNATIONAL, ZA",-12.9833333,28.65,1270.1,8/2/1981,42.1,5,0,,999.9,,80.6, ,42.8, ,7,,0,G,9999.9,0,999.9,,875.5,5,70.2,5,9.3,5,2.8,5
67561099999,"NDOLA SIMON MWANSA KAWEPEWE INTERNATIONAL, ZA",-12.9833333,28.65,1270.1,8/3/1981,42.3,4,0,,999.9,,80.6,*,46.4, ,8,,0,G,9999.9,0,999.9,,876.7,4,64.9,4,5.9,4,5,4
67561099999,"NDOLA SIMON MWANSA KAWEPEWE INTERNATIONAL, ZA",-12.9833333,28.65,1270.1,8/4/1981,44,6,0,,999.9,,80.6, ,46.4, ,4.9,,0,G,9999.9,0,999.9,,876.9,6,64.4,6,8.1,5,2.3,6
67561099999,"NDOLA SIMON MWANSA KAWEPEWE INTERNATIONAL, ZA",-12.9833333,28.65,1270.1,8/5/1981,40.4,6,0,,999.9,,82.4, ,46.4, ,11.8,,0,G,9999.9,0,999.9,,877.2,6,68.3,6,9.6,6,8.2,6
67561099999,"NDOLA SIMON MWANSA KAWEPEWE INTERNATIONAL, ZA",-12.9833333,28.65,1270.1,8/6/1981,42.8,5,0,,999.9,,82.4, ,50,*,14,,0,I,9999.9,0,999.9,,877.1,5,70.9,5,11.8,5,8.4,5
67561099999,"NDOLA SIMON MWANSA KAWEPEWE INTERNATIONAL, ZA",-12.9833333,28.65,1270.1,8/7/1981,45,4,0,,999.9,,82.4, ,53.6, ,15,,0,G,9999.9,0,999.9,,878.1,4,72.5,4,11.7,4,12.4,4
67561099999,"NDOLA SIMON MWANSA KAWEPEWE INTERNATIONAL, ZA",-12.9833333,28.65,1270.1,8/10/1981,41.7,5,0,,999.9,,82.4, ,44.6, ,7,,0,G,9999.9,0,999.9,,875.8,4,72.3,5,9.1,5,1.7,4
67561099999,"NDOLA SIMON MWANSA KAWEPEWE INTERNATIONAL, ZA",-12.9833333,28.65,1270.1,8/11/1981,44.2,4,0,,999.9,,86, ,50, ,8.9,,0,G,9999.9,0,999.9,,875.5,4,66.7,4,999.9,0,2.7,4
67561099999,"NDOLA SIMON MWANSA KAWEPEWE INTERNATIONAL, ZA",-12.9833333,28.65,1270.1,8/12/1981,43.7,6,0,,999.9,,82.4,*,51.8, ,10.9,,0,G,9999.9,0,999.9,,875.2,6,71.9,6,9.5,6,4.3,6
67561099999,"NDOLA SIMON MWANSA KAWEPEWE INTERNATIONAL, ZA",-12.9833333,28.65,1270.1,8/14/1981,41,5,0,,999.9,,82.4, ,55.4, ,9.9,,0,G,9999.9,0,999.9,,876.1,5,73,5,7,5,7.5,5
67561099999,"NDOLA SIMON MWANSA KAWEPEWE INTERNATIONAL, ZA",-12.9833333,28.65,1270.1,8/15/1981,41.9,6,0,,999.9,,80.6, ,53.6, ,11.8,,0,G,9999.9,0,999.9,,877,6,69.5,6,7.8,6,8.6,6
67561099999,"NDOLA SIMON MWANSA KAWEPEWE INTERNATIONAL, ZA",-12.9833333,28.65,1270.1,8/17/1981,45.5,4,0,,999.9,,82.4,*,51.8,*,3.9,,0,I,9999.9,0,999.9,,874.4,4,69.8,4,8.2,4,2.9,4
67561099999,"NDOLA SIMON MWANSA KAWEPEWE INTERNATIONAL, ZA",-12.9833333,28.65,1270.1,8/19/1981,45.5,4,0,,999.9,,80.6, ,57.2, ,17.9,,0,G,9999.9,0,999.9,,878,4,73.4,4,11.2,4,12.2,4
67561099999,"NDOLA SIMON MWANSA KAWEPEWE INTERNATIONAL, ZA",-12.9833333,28.65,1270.1,8/21/1981,41.4,5,0,,999.9,,82.4, ,53.6, ,14,,0,G,9999.9,0,999.9,,877.9,5,73.8,5,11.3,5,8.7,5
67561099999,"NDOLA SIMON MWANSA KAWEPEWE INTERNATIONAL, ZA",-12.9833333,28.65,1270.1,8/23/1981,41.7,5,0,,999.9,,82.4, ,51.8, ,17.9,,0,G,9999.9,0,999.9,,877,4,71.2,5,13,5,10.6,4
67561099999,"NDOLA SIMON MWANSA KAWEPEWE INTERNATIONAL, ZA",-12.9833333,28.65,1270.1,8/24/1981,42.8,4,0,,999.9,,75.2,*,51.8, ,8.9,,0,G,9999.9,0,999.9,,878.2,4,64.4,4,11.7,4,4.2,4
67561099999,"NDOLA SIMON MWANSA KAWEPEWE INTERNATIONAL, ZA",-12.9833333,28.65,1270.1,8/26/1981,35.6,4,0,,999.9,,87.8, ,75.2,*,5.8,,0,I,9999.9,0,999.9,,874.2,4,81.5,4,10.1,4,5.6,4
67561099999,"NDOLA SIMON MWANSA KAWEPEWE INTERNATIONAL, ZA",-12.9833333,28.65,1270.1,8/27/1981,39.2,5,0,,999.9,,89.6, ,51.8, ,10.9,,0,G,9999.9,0,999.9,,874.1,5,80.6,5,8.1,5,5.5,5
67561099999,"NDOLA SIMON MWANSA KAWEPEWE INTERNATIONAL, ZA",-12.9833333,28.65,1270.1,8/28/1981,43.2,4,0,,999.9,,91.4, ,51.8, ,4.9,,0,G,9999.9,0,999.9,,872,4,76.6,4,6.4,4,1.7,4
67561099999,"NDOLA SIMON MWANSA KAWEPEWE INTERNATIONAL, ZA",-12.9833333,28.65,1270.1,8/29/1981,43.2,5,0,,999.9,,89.6, ,59, ,8,,0,G,9999.9,0,999.9,,871.5,5,75.2,5,6.1,5,4.9,5
67561099999,"NDOLA SIMON MWANSA KAWEPEWE INTERNATIONAL, ZA",-12.9833333,28.65,1270.1,8/30/1981,42.3,4,0,,999.9,,86, ,60.8, ,8.9,,0,G,9999.9,0,999.9,,873.7,4,75.2,4,8.2,4,6.7,4
67561099999,"NDOLA SIMON MWANSA KAWEPEWE INTERNATIONAL, ZA",-12.9833333,28.65,1270.1,8/31/1981,42.8,4,0,,999.9,,87.8, ,55.4, ,8.9,,0,G,9999.9,0,999.9,,873.3,4,79.2,4,13.2,4,6.2,4
67561099999,"NDOLA SIMON MWANSA KAWEPEWE INTERNATIONAL, ZA",-12.9833333,28.65,1270.1,9/3/1981,9999.9,0,0,,999.9,,64.4, ,55.4, ,12.8,,0,G,9999.9,0,999.9,,880,4,58.1,4,14.8,4,11.6,4
67561099999,"NDOLA SIMON MWANSA KAWEPEWE INTERNATIONAL, ZA",-12.9833333,28.65,1270.1,9/4/1981,42,7,0,,999.9,,77, ,44.6, ,16.9,,0,G,9999.9,0,999.9,,878.6,6,64.1,7,17.3,7,9.2,7
67561099999,"NDOLA SIMON MWANSA KAWEPEWE INTERNATIONAL, ZA",-12.9833333,28.65,1270.1,9/5/1981,41.5,4,0,,999.9,,68,*,48.2,*,9.9,,0,I,9999.9,0,999.9,,999.9,0,59.4,4,16.3,4,5.9,4
67561099999,"NDOLA SIMON MWANSA KAWEPEWE INTERNATIONAL, ZA",-12.9833333,28.65,1270.1,9/7/1981,37.8,4,0,,999.9,,80.6, ,44.6, ,8,,0,G,9999.9,0,999.9,,876.8,4,68.9,4,7.8,4,5.4,4
67561099999,"NDOLA SIMON MWANSA KAWEPEWE INTERNATIONAL, ZA",-12.9833333,28.65,1270.1,9/9/1981,32.9,4,0,,999.9,,89.6, ,69.8,*,7,,0,I,9999.9,0,999.9,,999.9,0,80.2,4,7.1,4,5.4,4
67561099999,"NDOLA SIMON MWANSA KAWEPEWE INTERNATIONAL, ZA",-12.9833333,28.65,1270.1,9/10/1981,34.7,4,0,,999.9,,87.8,*,50, ,5.8,,0,G,9999.9,0,999.9,,874.8,4,77,4,5.9,4,3.9,4
67561099999,"NDOLA SIMON MWANSA KAWEPEWE INTERNATIONAL, ZA",-12.9833333,28.65,1270.1,9/11/1981,39.8,6,0,,999.9,,89.6, ,9999.9, ,10.9,,0,G,9999.9,0,999.9,,873.5,6,73.1,6,5.1,6,5.1,6
67561099999,"NDOLA SIMON MWANSA KAWEPEWE INTERNATIONAL, ZA",-12.9833333,28.65,1270.1,9/12/1981,44.6,5,0,,999.9,,89.6, ,66.2,*,14,,0,I,9999.9,0,999.9,,873.7,5,78.8,5,7.2,5,5.6,5
67561099999,"NDOLA SIMON MWANSA KAWEPEWE INTERNATIONAL, ZA",-12.9833333,28.65,1270.1,9/14/1981,47.8,5,0,,999.9,,87.8,*,57.2, ,10.9,,0,G,9999.9,0,999.9,,874.3,5,81.7,5,5.7,5,8.7,5
67561099999,"NDOLA SIMON MWANSA KAWEPEWE INTERNATIONAL, ZA",-12.9833333,28.65,1270.1,9/16/1981,42.1,5,0,,999.9,,91.4, ,53.6, ,15,,0.31,G,9999.9,0,999.9,,877.3,5,78.8,5,8.1,5,8.5,5
67561099999,"NDOLA SIMON MWANSA KAWEPEWE INTERNATIONAL, ZA",-12.9833333,28.65,1270.1,9/18/1981,38.3,4,0,,999.9,,89.6, ,78.8,*,14,,0,I,9999.9,0,999.9,,874.5,4,84.7,4,7.5,4,10.2,4
67561099999,"NDOLA SIMON MWANSA KAWEPEWE INTERNATIONAL, ZA",-12.9833333,28.65,1270.1,9/20/1981,39.7,4,0,,999.9,,89.6, ,59, ,11.8,,0,G,9999.9,0,999.9,,999.9,0,81.9,4,6.2,4,8.2,4
67561099999,"NDOLA SIMON MWANSA KAWEPEWE INTERNATIONAL, ZA",-12.9833333,28.65,1270.1,9/24/1981,37,4,0,,999.9,,89.6, ,53.6, ,999.9,,0,G,9999.9,0,999.9,,875.9,4,79.7,4,7.3,4,27.9,4
67561099999,"NDOLA SIMON MWANSA KAWEPEWE INTERNATIONAL, ZA",-12.9833333,28.65,1270.1,9/25/1981,37.4,4,0,,999.9,,86,*,68,*,15.9,,0,I,9999.9,0,999.9,,875.3,4,77.4,4,5.3,4,6.2,4
67561099999,"NDOLA SIMON MWANSA KAWEPEWE INTERNATIONAL, ZA",-12.9833333,28.65,1270.1,9/26/1981,42.8,4,0,,999.9,,86,*,55.4, ,8,,0,G,9999.9,0,999.9,,875.5,4,74.3,4,6.7,4,3.4,4
67561099999,"NDOLA SIMON MWANSA KAWEPEWE INTERNATIONAL, ZA",-12.9833333,28.65,1270.1,9/27/1981,43.2,5,0,,999.9,,89.6, ,53.6, ,5.8,,0,G,9999.9,0,999.9,,873.7,5,79.9,5,5.1,5,1.9,5
67561099999,"NDOLA SIMON MWANSA KAWEPEWE INTERNATIONAL, ZA",-12.9833333,28.65,1270.1,9/29/1981,43.5,5,0,,999.9,,91.4, ,55.4, ,4.9,,0,G,9999.9,0,999.9,,871.5,5,76.6,5,5.1,5,1.7,5
67561099999,"NDOLA SIMON MWANSA KAWEPEWE INTERNATIONAL, ZA",-12.9833333,28.65,1270.1,9/30/1981,36,4,0,,999.9,,91.4, ,59, ,10.9,,0,G,9999.9,0,999.9,,873.2,4,83.8,4,7.6,4,8.2,4
67561099999,"NDOLA SIMON MWANSA KAWEPEWE INTERNATIONAL, ZA",-12.9833333,28.65,1270.1,10/3/1981,43.2,4,0,,999.9,,91.4, ,55.4, ,1.9,,0,G,9999.9,0,999.9,,870.6,4,78.8,4,6.5,4,0.5,4
67561099999,"NDOLA SIMON MWANSA KAWEPEWE INTERNATIONAL, ZA",-12.9833333,28.65,1270.1,10/4/1981,43.2,5,0,,999.9,,93.2, ,69.8,*,8.9,,0,G,9999.9,0,999.9,,871.6,5,78.4,5,5.6,5,3.3,5
67561099999,"NDOLA SIMON MWANSA KAWEPEWE INTERNATIONAL, ZA",-12.9833333,28.65,1270.1,10/5/1981,49.3,5,0,,999.9,,93.2, ,62.6, ,2.9,,0,G,9999.9,0,999.9,,872.4,5,82,5,4.8,5,1,5
67561099999,"NDOLA SIMON MWANSA KAWEPEWE INTERNATIONAL, ZA",-12.9833333,28.65,1270.1,10/7/1981,57.2,5,0,,999.9,,84.2, ,60.8, ,17.9,,0.28,G,9999.9,0,999.9,,873.6,5,78.1,5,9.7,5,8.7,5
67561099999,"NDOLA SIMON MWANSA KAWEPEWE INTERNATIONAL, ZA",-12.9833333,28.65,1270.1,10/8/1981,52.9,5,0,,999.9,,86,*,59, ,999.9,,0,G,9999.9,0,999.9,,874.8,4,75.2,5,12.8,5,18.3,5
67561099999,"NDOLA SIMON MWANSA KAWEPEWE INTERNATIONAL, ZA",-12.9833333,28.65,1270.1,10/9/1981,50.4,5,0,,999.9,,89.6, ,60.8,*,9.9,,0,I,9999.9,0,999.9,,874.4,5,75.6,5,13,5,5.1,5
67561099999,"NDOLA SIMON MWANSA KAWEPEWE INTERNATIONAL, ZA",-12.9833333,28.65,1270.1,10/11/1981,45,5,0,,999.9,,89.6, ,60.8, ,8.9,,0,G,9999.9,0,999.9,,873.2,4,75.6,5,9.9,5,5.1,5
67561099999,"NDOLA SIMON MWANSA KAWEPEWE INTERNATIONAL, ZA",-12.9833333,28.65,1270.1,10/12/1981,48.6,4,0,,999.9,,86,*,60.8, ,11.8,,0,G,9999.9,0,999.9,,873.6,4,73.9,4,10.1,4,11.1,4
67561099999,"NDOLA SIMON MWANSA KAWEPEWE INTERNATIONAL, ZA",-12.9833333,28.65,1270.1,10/13/1981,9999.9,0,0,,999.9,,86, ,60.8, ,999.9,,0,G,9999.9,0,999.9,,999.9,0,78.8,4,15.5,4,22.1,4
67561099999,"NDOLA SIMON MWANSA KAWEPEWE INTERNATIONAL, ZA",-12.9833333,28.65,1270.1,10/16/1981,49.5,4,10,,999.9,,87.8,*,60.8, ,10.9,,0,G,9999.9,0,999.9,,873.1,4,77,4,8.5,4,8.4,4
67561099999,"NDOLA SIMON MWANSA KAWEPEWE INTERNATIONAL, ZA",-12.9833333,28.65,1270.1,10/17/1981,52.1,6,0,,999.9,,93.2, ,62.6, ,8,,0,G,9999.9,0,999.9,,873.1,6,81.5,6,8.1,6,4.9,6
67561099999,"NDOLA SIMON MWANSA KAWEPEWE INTERNATIONAL, ZA",-12.9833333,28.65,1270.1,10/19/1981,51.8,4,0,,999.9,,87.8, ,68,*,16.9,,0,I,9999.9,0,999.9,,875.5,4,77,4,10.9,4,13.2,4
67561099999,"NDOLA SIMON MWANSA KAWEPEWE INTERNATIONAL, ZA",-12.9833333,28.65,1270.1,10/20/1981,53.1,4,0,,999.9,,77,*,59, ,12.8,,0,G,9999.9,0,999.9,,876.4,4,67.6,4,12.4,4,9.4,4
67561099999,"NDOLA SIMON MWANSA KAWEPEWE INTERNATIONAL, ZA",-12.9833333,28.65,1270.1,10/22/1981,49.1,4,0,,999.9,,87.8, ,57.2, ,8.9,,0,G,9999.9,0,999.9,,875.1,4,81.1,4,20.2,4,6.9,4
67561099999,"NDOLA SIMON MWANSA KAWEPEWE INTERNATIONAL, ZA",-12.9833333,28.65,1270.1,10/23/1981,49,7,0,,999.9,,87.8,*,59, ,8.9,,0,G,9999.9,0,999.9,,873.6,7,74.2,7,18.6,7,3.5,7
67561099999,"NDOLA SIMON MWANSA KAWEPEWE INTERNATIONAL, ZA",-12.9833333,28.65,1270.1,10/25/1981,58.1,4,0,,999.9,,80.6, ,66.2,*,9.9,,0,I,9999.9,0,999.9,,874.9,4,72.1,4,12.4,4,8.4,4
67561099999,"NDOLA SIMON MWANSA KAWEPEWE INTERNATIONAL, ZA",-12.9833333,28.65,1270.1,10/27/1981,49.5,4,0,,999.9,,89.6, ,60.8, ,12.8,,0,G,9999.9,0,999.9,,872.3,4,79.7,4,21.7,4,4.7,4
67561099999,"NDOLA SIMON MWANSA KAWEPEWE INTERNATIONAL, ZA",-12.9833333,28.65,1270.1,10/30/1981,53.6,4,0,,999.9,,91.4, ,60.8, ,999.9,,0,G,9999.9,0,999.9,,872.2,4,82.9,4,18.6,4,999.9,0
67561099999,"NDOLA SIMON MWANSA KAWEPEWE INTERNATIONAL, ZA",-12.9833333,28.65,1270.1,10/31/1981,55,5,0,,999.9,,89.6, ,62.6, ,11.8,,0.02,G,9999.9,0,999.9,,874.9,4,77.7,5,21.1,5,6.3,5
67561099999,"NDOLA SIMON MWANSA KAWEPEWE INTERNATIONAL, ZA",-12.9833333,28.65,1270.1,11/1/1981,53.2,4,0,,999.9,,84.2,*,62.6, ,14,,0,G,9999.9,0,999.9,,999.9,0,75.7,4,18.6,4,8.9,4
67561099999,"NDOLA SIMON MWANSA KAWEPEWE INTERNATIONAL, ZA",-12.9833333,28.65,1270.1,11/2/1981,45.7,5,0,,999.9,,87.8,*,66.2, ,11.8,,0,G,9999.9,0,999.9,,876.5,4,75.9,5,18.6,4,9.1,5
67561099999,"NDOLA SIMON MWANSA KAWEPEWE INTERNATIONAL, ZA",-12.9833333,28.65,1270.1,11/3/1981,9999.9,0,0,,999.9,,89.6, ,66.2,*,10.9,,0,I,9999.9,0,999.9,,874.3,4,79.9,5,18,5,7.5,5
67561099999,"NDOLA SIMON MWANSA KAWEPEWE INTERNATIONAL, ZA",-12.9833333,28.65,1270.1,11/6/1981,51.4,4,0,,999.9,,86,*,66.2, ,17.9,,0,G,9999.9,0,999.9,,873.9,4,77.9,4,18.6,4,9.9,4
67561099999,"NDOLA SIMON MWANSA KAWEPEWE INTERNATIONAL, ZA",-12.9833333,28.65,1270.1,11/10/1981,53.6,4,0,,999.9,,89.6,*,62.6, ,9.9,,0,G,9999.9,0,999.9,,872.8,4,83.8,4,15.5,4,4.9,4
67561099999,"NDOLA SIMON MWANSA KAWEPEWE INTERNATIONAL, ZA",-12.9833333,28.65,1270.1,11/11/1981,58.3,5,10010,,999.9,,87.8, ,68,*,3.9,,99.99, ,9999.9,0,999.9,,873.4,5,77.4,5,15.5,5,2.3,5
67561099999,"NDOLA SIMON MWANSA KAWEPEWE INTERNATIONAL, ZA",-12.9833333,28.65,1270.1,11/12/1981,57.2,5,0,,999.9,,87.8,*,62.6, ,10.9,,0,G,9999.9,0,999.9,,874,4,77.7,5,17.4,5,6.5,5
67561099999,"NDOLA SIMON MWANSA KAWEPEWE INTERNATIONAL, ZA",-12.9833333,28.65,1270.1,11/13/1981,54,5,10,,999.9,,91.4, ,62.6,*,9.9,,0,I,9999.9,0,999.9,,871.8,5,80.2,5,17.4,5,5.9,5
67561099999,"NDOLA SIMON MWANSA KAWEPEWE INTERNATIONAL, ZA",-12.9833333,28.65,1270.1,11/14/1981,55.9,4,10,,999.9,,89.6, ,73.4,*,12.8,,0,I,9999.9,0,999.9,,873.4,4,80.2,4,17.9,4,4.9,4
67561099999,"NDOLA SIMON MWANSA KAWEPEWE INTERNATIONAL, ZA",-12.9833333,28.65,1270.1,11/15/1981,57.2,5,10,,999.9,,91.4, ,62.6, ,11.8,,0,G,9999.9,0,999.9,,872.6,5,77.4,5,14.9,5,5.9,5
67561099999,"NDOLA SIMON MWANSA KAWEPEWE INTERNATIONAL, ZA",-12.9833333,28.65,1270.1,11/16/1981,58.7,6,10,,999.9,,91.4, ,66.2, ,8,,0.04,G,9999.9,0,999.9,,873,6,75.2,6,18.6,6,2.6,6
67561099999,"NDOLA SIMON MWANSA KAWEPEWE INTERNATIONAL, ZA",-12.9833333,28.65,1270.1,11/19/1981,61.4,6,10010,,999.9,,87.8, ,64.4, ,10.9,,0.16,G,9999.9,0,999.9,,871.9,6,74,6,13.2,6,5.4,6
67561099999,"NDOLA SIMON MWANSA KAWEPEWE INTERNATIONAL, ZA",-12.9833333,28.65,1270.1,11/24/1981,61.7,4,10,,999.9,,80.6, ,62.6, ,5.8,,0,G,9999.9,0,999.9,,874.7,4,70.3,4,17.1,4,3.2,4
67561099999,"NDOLA SIMON MWANSA KAWEPEWE INTERNATIONAL, ZA",-12.9833333,28.65,1270.1,11/28/1981,62.6,4,10010,,999.9,,68,*,62.6, ,4.9,,0.83,G,9999.9,0,999.9,,873.5,4,64.8,4,10.9,4,2.4,4
67561099999,"NDOLA SIMON MWANSA KAWEPEWE INTERNATIONAL, ZA",-12.9833333,28.65,1270.1,12/2/1981,60.8,4,0,,999.9,,82.4, ,62.6, ,8.9,,0,G,9999.9,0,999.9,,873.3,4,73,4,18.6,4,5.7,4
67561099999,"NDOLA SIMON MWANSA KAWEPEWE INTERNATIONAL, ZA",-12.9833333,28.65,1270.1,12/4/1981,54.7,5,0,,999.9,,84.2, ,60.8, ,8.9,,0,G,9999.9,0,999.9,,874.1,5,73.4,5,23,5,5.5,5
67561099999,"NDOLA SIMON MWANSA KAWEPEWE INTERNATIONAL, ZA",-12.9833333,28.65,1270.1,12/5/1981,9999.9,0,0,,999.9,,82.4,*,59, ,5.8,,0,G,9999.9,0,999.9,,874.5,4,72.1,4,20.2,4,4.6,4
67561099999,"NDOLA SIMON MWANSA KAWEPEWE INTERNATIONAL, ZA",-12.9833333,28.65,1270.1,12/6/1981,44.6,4,0,,999.9,,84.2, ,59, ,8,,0,G,9999.9,0,999.9,,999.9,0,75.6,4,21.7,4,4.4,4
67561099999,"NDOLA SIMON MWANSA KAWEPEWE INTERNATIONAL, ZA",-12.9833333,28.65,1270.1,12/9/1981,62.2,4,10,,999.9,,87.8,*,66.2, ,8,,0.04,G,9999.9,0,999.9,,874.4,4,77.4,4,18.6,4,3.7,4
67561099999,"NDOLA SIMON MWANSA KAWEPEWE INTERNATIONAL, ZA",-12.9833333,28.65,1270.1,12/12/1981,61.9,5,110010,,999.9,,86, ,62.6,*,19.8,,99.99, ,9999.9,0,999.9,,874.2,5,73.4,5,16.8,5,8.6,4
67561099999,"NDOLA SIMON MWANSA KAWEPEWE INTERNATIONAL, ZA",-12.9833333,28.65,1270.1,12/13/1981,62.2,5,10000,,999.9,,84.2,*,66.2, ,9.9,,0.04,G,9999.9,0,999.9,,874.3,5,75.9,5,18.6,5,4.9,5
67561099999,"NDOLA SIMON MWANSA KAWEPEWE INTERNATIONAL, ZA",-12.9833333,28.65,1270.1,12/14/1981,61.5,5,10000,,999.9,,84.2,*,66.2,*,9.9,,0,G,9999.9,0,999.9,,874,5,76.6,5,18.6,5,5.7,5
67561099999,"NDOLA SIMON MWANSA KAWEPEWE INTERNATIONAL, ZA",-12.9833333,28.65,1270.1,12/15/1981,59.9,4,0,,999.9,,86, ,59, ,3.9,,0,G,9999.9,0,999.9,,873.4,4,79.2,4,18.6,4,2.4,4
67561099999,"NDOLA SIMON MWANSA KAWEPEWE INTERNATIONAL, ZA",-12.9833333,28.65,1270.1,12/17/1981,61.3,4,10,,999.9,,80.6,*,60.8, ,9.9,,0,G,9999.9,0,999.9,,873.9,4,73.9,4,17.1,4,5.9,4
67561099999,"NDOLA SIMON MWANSA KAWEPEWE INTERNATIONAL, ZA",-12.9833333,28.65,1270.1,12/20/1981,58.5,4,0,,999.9,,84.2,*,62.6, ,7,,0,G,9999.9,0,999.9,,874.2,4,77.4,4,18.6,4,5.2,4
67561099999,"NDOLA SIMON MWANSA KAWEPEWE INTERNATIONAL, ZA",-12.9833333,28.65,1270.1,12/21/1981,61.7,4,10,,999.9,,84.2,*,64.4,*,10.9,,0,I,9999.9,0,999.9,,872.2,4,70.7,4,17.1,4,3.7,4
67561099999,"NDOLA SIMON MWANSA KAWEPEWE INTERNATIONAL, ZA",-12.9833333,28.65,1270.1,12/23/1981,61.7,4,10010,,999.9,,87.8, ,62.6,*,4.9,,99.99, ,9999.9,0,999.9,,872.7,4,71.6,4,15.5,4,1.2,4
67561099999,"NDOLA SIMON MWANSA KAWEPEWE INTERNATIONAL, ZA",-12.9833333,28.65,1270.1,12/24/1981,63.5,4,10000,,999.9,,78.8,*,66.2, ,5.8,,0.04,G,9999.9,0,999.9,,999.9,0,71.6,4,14,4,2.2,4
67561099999,"NDOLA SIMON MWANSA KAWEPEWE INTERNATIONAL, ZA",-12.9833333,28.65,1270.1,12/27/1981,62.6,6,10010,,999.9,,75.2,*,62.6, ,19.8,,0,G,9999.9,0,999.9,,873.1,6,69.5,6,18.6,5,3.3,6
67561099999,"NDOLA SIMON MWANSA KAWEPEWE INTERNATIONAL, ZA",-12.9833333,28.65,1270.1,12/28/1981,63.7,5,10,,999.9,,82.4, ,62.6, ,4.9,,0.04,G,9999.9,0,999.9,,872.8,5,71.2,5,14.9,5,2.5,5
67561099999,"NDOLA SIMON MWANSA KAWEPEWE INTERNATIONAL, ZA",-12.9833333,28.65,1270.1,12/30/1981,63.7,5,100010,,999.9,,80.6, ,64.4, ,2.9,,1.02,G,9999.9,0,999.9,,871.4,4,72.3,5,13.2,5,0.6,5
67561099999,"NDOLA SIMON MWANSA KAWEPEWE INTERNATIONAL, ZA",-12.9833333,28.65,1270.1,1/12/1982,62.2,5,10,,999.9,,80.4, ,61.7, ,7.8,,1.38,G,9999.9,0,999.9,,999.9,0,73.3,5,11.2,5,4.3,5
67561099999,"NDOLA SIMON MWANSA KAWEPEWE INTERNATIONAL, ZA",-12.9833333,28.65,1270.1,1/26/1982,65.4,4,10000,,999.9,,73.8,*,64.9, ,5.8,,0.28,G,9999.9,0,999.9,,999.9,0,69.9,4,12.4,4,1.5,4
67561099999,"NDOLA SIMON MWANSA KAWEPEWE INTERNATIONAL, ZA",-12.9833333,28.65,1270.1,1/27/1982,60.4,5,100010,,999.9,,83.5, ,63.5, ,5.8,,0.2,G,9999.9,0,999.9,,999.9,0,73.8,5,16.2,5,4.7,5
67561099999,"NDOLA SIMON MWANSA KAWEPEWE INTERNATIONAL, ZA",-12.9833333,28.65,1270.1,1/30/1982,64,6,0,,999.9,,83.5, ,65.1,*,5.8,,0.08,G,9999.9,0,999.9,,999.9,0,71.9,6,15.1,6,1.9,6
67561099999,"NDOLA SIMON MWANSA KAWEPEWE INTERNATIONAL, ZA",-12.9833333,28.65,1270.1,2/2/1982,61.8,4,10000,,999.9,,84.6, ,59.7, ,7.8,,99.99, ,9999.9,0,999.9,,999.9,0,71.1,4,18.6,4,5.3,4
67561099999,"NDOLA SIMON MWANSA KAWEPEWE INTERNATIONAL, ZA",-12.9833333,28.65,1270.1,2/3/1982,61.4,4,0,,999.9,,82.6,*,63.5,*,9.7,,0,G,9999.9,0,999.9,,999.9,0,73.3,4,17.1,4,3.4,4
67561099999,"NDOLA SIMON MWANSA KAWEPEWE INTERNATIONAL, ZA",-12.9833333,28.65,1270.1,2/4/1982,63.5,6,0,,999.9,,86, ,66.4,*,5.8,,0,I,9999.9,0,999.9,,999.9,0,76.9,6,16.1,6,1.9,6
67561099999,"NDOLA SIMON MWANSA KAWEPEWE INTERNATIONAL, ZA",-12.9833333,28.65,1270.1,2/5/1982,62.6,4,0,,999.9,,86,*,69.8,*,7.8,,0,I,9999.9,0,999.9,,999.9,0,80.3,4,16.3,4,2.9,4
67561099999,"NDOLA SIMON MWANSA KAWEPEWE INTERNATIONAL, ZA",-12.9833333,28.65,1270.1,2/9/1982,63.3,6,10010,,999.9,,80.1,*,61.9, ,5.8,,0.08,G,9999.9,0,999.9,,999.9,0,69.3,6,12.4,6,2.9,6
67561099999,"NDOLA SIMON MWANSA KAWEPEWE INTERNATIONAL, ZA",-12.9833333,28.65,1270.1,2/10/1982,64.9,4,10000,,999.9,,78.8,*,63.3, ,3.9,,0.12,G,9999.9,0,999.9,,999.9,0,69.3,4,999.9,0,2.9,4
67561099999,"NDOLA SIMON MWANSA KAWEPEWE INTERNATIONAL, ZA",-12.9833333,28.65,1270.1,2/15/1982,63.8,5,10,,999.9,,76.5, ,63, ,3.9,,0.51,G,9999.9,0,999.9,,999.9,0,71.1,5,12.4,5,3.1,5
67561099999,"NDOLA SIMON MWANSA KAWEPEWE INTERNATIONAL, ZA",-12.9833333,28.65,1270.1,2/16/1982,64.5,4,10010,,999.9,,69.3,*,63.1, ,3.9,,1.42,G,9999.9,0,999.9,,999.9,0,66.3,4,15.2,4,1.9,4
67561099999,"NDOLA SIMON MWANSA KAWEPEWE INTERNATIONAL, ZA",-12.9833333,28.65,1270.1,2/17/1982,65.1,4,100010,,999.9,,84.2, ,65.1,*,13.6,,0,G,9999.9,0,999.9,,999.9,0,73.4,4,18.6,4,5.3,4
67561099999,"NDOLA SIMON MWANSA KAWEPEWE INTERNATIONAL, ZA",-12.9833333,28.65,1270.1,2/18/1982,63.8,4,0,,999.9,,79.7, ,64.9, ,7.8,,0,I,9999.9,0,999.9,,999.9,0,70.3,4,999.9,0,7.8,4
67561099999,"NDOLA SIMON MWANSA KAWEPEWE INTERNATIONAL, ZA",-12.9833333,28.65,1270.1,2/19/1982,63.5,4,10000,,999.9,,77.5,*,64, ,9.7,,0,H,9999.9,0,999.9,,999.9,0,70.3,4,17.9,4,4.9,4
67561099999,"NDOLA SIMON MWANSA KAWEPEWE INTERNATIONAL, ZA",-12.9833333,28.65,1270.1,2/21/1982,63.8,6,110010,,999.9,,80.6,*,61.5, ,19.4,,0.39,G,9999.9,0,999.9,,999.9,0,69.3,6,8.3,6,6.8,6
67561099999,"NDOLA SIMON MWANSA KAWEPEWE INTERNATIONAL, ZA",-12.9833333,28.65,1270.1,2/22/1982,65.8,4,10,,999.9,,79,*,74.3,*,7.8,,0,G,9999.9,0,999.9,,999.9,0,76.3,4,21.7,4,3.9,4
67561099999,"NDOLA SIMON MWANSA KAWEPEWE INTERNATIONAL, ZA",-12.9833333,28.65,1270.1,2/24/1982,62.3,4,0,,999.9,,85.5, ,71.4,*,5.8,,0,G,9999.9,0,999.9,,999.9,0,78.3,4,18.6,4,4.9,4
67561099999,"NDOLA SIMON MWANSA KAWEPEWE INTERNATIONAL, ZA",-12.9833333,28.65,1270.1,2/25/1982,61.9,4,0,,999.9,,86.7, ,64.8, ,5.8,,0,A,9999.9,0,999.9,,999.9,0,73.1,4,18.6,4,1.5,4
67561099999,"NDOLA SIMON MWANSA KAWEPEWE INTERNATIONAL, ZA",-12.9833333,28.65,1270.1,2/26/1982,61.9,4,0,,999.9,,84.2,*,61.5,*,7.8,,0,I,9999.9,0,999.9,,999.9,0,74.9,4,17.1,4,3.4,4
67561099999,"NDOLA SIMON MWANSA KAWEPEWE INTERNATIONAL, ZA",-12.9833333,28.65,1270.1,2/27/1982,58.8,5,0,,999.9,,83.1,*,61.2, ,7.8,,0,I,9999.9,0,999.9,,999.9,0,77.5,5,18.6,5,4.7,5
67561099999,"NDOLA SIMON MWANSA KAWEPEWE INTERNATIONAL, ZA",-12.9833333,28.65,1270.1,3/4/1982,63.6,4,10,,999.9,,83.1,*,64, ,3.9,,0.02,G,9999.9,0,999.9,,999.9,0,77.2,4,12.9,4,1,4
67561099999,"NDOLA SIMON MWANSA KAWEPEWE INTERNATIONAL, ZA",-12.9833333,28.65,1270.1,3/6/1982,62.3,4,10,,999.9,,76.1, ,67.3,*,5.8,,0,G,9999.9,0,999.9,,999.9,0,72.9,4,14,4,2.9,4
67561099999,"NDOLA SIMON MWANSA KAWEPEWE INTERNATIONAL, ZA",-12.9833333,28.65,1270.1,3/8/1982,61.9,4,10010,,999.9,,81.3,*,62.1,*,7.8,,99.99, ,9999.9,0,999.9,,999.9,0,70.8,5,14.9,5,5.1,5
67561099999,"NDOLA SIMON MWANSA KAWEPEWE INTERNATIONAL, ZA",-12.9833333,28.65,1270.1,3/9/1982,63.4,5,10010,,999.9,,79.9, ,63.1, ,9.7,,1.22,G,9999.9,0,999.9,,999.9,0,69.1,5,18.6,5,4.7,5
67561099999,"NDOLA SIMON MWANSA KAWEPEWE INTERNATIONAL, ZA",-12.9833333,28.65,1270.1,3/10/1982,9999.9,0,10000,,999.9,,75.9,*,62.8,*,999.9,,0,G,9999.9,0,999.9,,999.9,0,70,4,18.6,4,999.9,0
67561099999,"NDOLA SIMON MWANSA KAWEPEWE INTERNATIONAL, ZA",-12.9833333,28.65,1270.1,3/11/1982,62.7,4,10000,,999.9,,77.7,*,62.8,*,999.9,,0.04,G,9999.9,0,999.9,,999.9,0,70.1,4,17.1,4,999.9,0
67561099999,"NDOLA SIMON MWANSA KAWEPEWE INTERNATIONAL, ZA",-12.9833333,28.65,1270.1,3/12/1982,9999.9,0,0,,999.9,,82.4,*,61.2, ,9.7,,0.01,G,9999.9,0,999.9,,999.9,0,76.5,4,18.6,4,6.3,4
67561099999,"NDOLA SIMON MWANSA KAWEPEWE INTERNATIONAL, ZA",-12.9833333,28.65,1270.1,3/15/1982,56.8,4,0,,999.9,,78.1,*,58.3, ,5.8,,0,A,9999.9,0,999.9,,999.9,0,69.4,4,18.6,4,1.9,4
67561099999,"NDOLA SIMON MWANSA KAWEPEWE INTERNATIONAL, ZA",-12.9833333,28.65,1270.1,3/17/1982,60.8,5,0,,999.9,,85.1, ,66.9,*,5.8,,0,I,9999.9,0,999.9,,999.9,0,75,5,18.6,5,3.5,5
67561099999,"NDOLA SIMON MWANSA KAWEPEWE INTERNATIONAL, ZA",-12.9833333,28.65,1270.1,3/18/1982,62,4,0,,999.9,,82.9,*,62.1, ,5.8,,0,A,9999.9,0,999.9,,999.9,0,76.1,5,18.6,5,4.3,5
67561099999,"NDOLA SIMON MWANSA KAWEPEWE INTERNATIONAL, ZA",-12.9833333,28.65,1270.1,3/19/1982,59.5,4,0,,999.9,,85.5, ,59.7, ,5.8,,0,A,9999.9,0,999.9,,999.9,0,71.6,4,18.6,4,3.9,4
67561099999,"NDOLA SIMON MWANSA KAWEPEWE INTERNATIONAL, ZA",-12.9833333,28.65,1270.1,3/20/1982,59.5,4,0,,999.9,,85.5, ,64.8,*,999.9,,0,A,9999.9,0,999.9,,999.9,0,75.6,4,14.9,4,999.9,0
67561099999,"NDOLA SIMON MWANSA KAWEPEWE INTERNATIONAL, ZA",-12.9833333,28.65,1270.1,3/21/1982,58.1,4,0,,999.9,,85.3, ,58.1, ,5.8,,0,A,9999.9,0,999.9,,999.9,0,70.3,4,18.6,4,3.9,4
67561099999,"NDOLA SIMON MWANSA KAWEPEWE INTERNATIONAL, ZA",-12.9833333,28.65,1270.1,3/22/1982,57.2,5,0,,999.9,,81.7,*,58.5, ,7.8,,0,A,9999.9,0,999.9,,999.9,0,72.9,5,18.6,5,2.7,5
67561099999,"NDOLA SIMON MWANSA KAWEPEWE INTERNATIONAL, ZA",-12.9833333,28.65,1270.1,3/23/1982,58.6,4,0,,999.9,,87.6, ,73.8,*,5.8,,0,I,9999.9,0,999.9,,999.9,0,80.6,4,18.6,4,2.4,4
67561099999,"NDOLA SIMON MWANSA KAWEPEWE INTERNATIONAL, ZA",-12.9833333,28.65,1270.1,3/24/1982,62.3,5,10000,,999.9,,87.3,*,61.9, ,7.8,,0,H,9999.9,0,999.9,,999.9,0,74.4,5,18.6,5,4.7,5
67561099999,"NDOLA SIMON MWANSA KAWEPEWE INTERNATIONAL, ZA",-12.9833333,28.65,1270.1,3/30/1982,59.9,5,10,,999.9,,81.9,*,62.2,*,13.6,,0,I,9999.9,0,999.9,,999.9,0,73.7,5,18.6,5,7.4,5
67561099999,"NDOLA SIMON MWANSA KAWEPEWE INTERNATIONAL, ZA",-12.9833333,28.65,1270.1,4/1/1982,60.6,4,10000,,999.9,,82,*,59.5, ,17.5,,0.08,G,9999.9,0,999.9,,999.9,0,71.8,4,18.6,4,4.4,4
67561099999,"NDOLA SIMON MWANSA KAWEPEWE INTERNATIONAL, ZA",-12.9833333,28.65,1270.1,4/2/1982,61.6,6,10,,999.9,,83.5, ,64.2, ,9.7,,0,G,9999.9,0,999.9,,999.9,0,71.5,6,18.6,6,6.2,6
67561099999,"NDOLA SIMON MWANSA KAWEPEWE INTERNATIONAL, ZA",-12.9833333,28.65,1270.1,4/3/1982,62.7,6,10010,,999.9,,79.2, ,64.4, ,11.1,,0.12,G,9999.9,0,999.9,,999.9,0,69.2,6,15.5,6,3.2,6
67561099999,"NDOLA SIMON MWANSA KAWEPEWE INTERNATIONAL, ZA",-12.9833333,28.65,1270.1,4/5/1982,58.6,6,0,,999.9,,80.1, ,60.6, ,9.9,,0.02,G,9999.9,0,999.9,,999.9,0,70.7,6,18.6,6,6.2,6
67561099999,"NDOLA SIMON MWANSA KAWEPEWE INTERNATIONAL, ZA",-12.9833333,28.65,1270.1,4/6/1982,60,5,10000,,999.9,,83.8, ,57.6, ,6,,0,G,9999.9,0,999.9,,999.9,0,73.8,5,18.6,5,3.6,5
67561099999,"NDOLA SIMON MWANSA KAWEPEWE INTERNATIONAL, ZA",-12.9833333,28.65,1270.1,4/7/1982,59.5,5,0,,999.9,,85.1, ,60.4, ,9.7,,0,G,9999.9,0,999.9,,999.9,0,73.1,5,18.6,5,3.9,4
67561099999,"NDOLA SIMON MWANSA KAWEPEWE INTERNATIONAL, ZA",-12.9833333,28.65,1270.1,4/8/1982,59.4,5,0,,999.9,,81.5,*,57.2, ,11.7,,0,B,9999.9,0,999.9,,999.9,0,70.6,5,18.6,5,5.4,5
67561099999,"NDOLA SIMON MWANSA KAWEPEWE INTERNATIONAL, ZA",-12.9833333,28.65,1270.1,4/10/1982,61.2,6,10,,999.9,,86.2, ,63.7, ,11.7,,0,G,9999.9,0,999.9,,999.9,0,75.8,6,17.6,6,5.8,6
67561099999,"NDOLA SIMON MWANSA KAWEPEWE INTERNATIONAL, ZA",-12.9833333,28.65,1270.1,4/11/1982,60.7,5,10000,,999.9,,85.6,*,62.1, ,19.4,,0,H,9999.9,0,999.9,,999.9,0,77.2,5,17.4,5,6.6,5
67561099999,"NDOLA SIMON MWANSA KAWEPEWE INTERNATIONAL, ZA",-12.9833333,28.65,1270.1,4/13/1982,59.9,6,10,,999.9,,86.4, ,58.6, ,9.7,,0,B,9999.9,0,999.9,,999.9,0,74,6,18.1,6,5.8,6
67561099999,"NDOLA SIMON MWANSA KAWEPEWE INTERNATIONAL, ZA",-12.9833333,28.65,1270.1,4/15/1982,61.4,4,0,,999.9,,80.1,*,60.6, ,5.8,,0.28,G,9999.9,0,999.9,,999.9,0,75.8,4,17.9,4,2.9,4
67561099999,"NDOLA SIMON MWANSA KAWEPEWE INTERNATIONAL, ZA",-12.9833333,28.65,1270.1,4/17/1982,63.3,4,100010,,999.9,,80.6,*,62.4, ,5.8,,0,I,9999.9,0,999.9,,999.9,0,75,4,16.3,4,2.9,4
67561099999,"NDOLA SIMON MWANSA KAWEPEWE INTERNATIONAL, ZA",-12.9833333,28.65,1270.1,4/19/1982,64.3,5,100010,,999.9,,84, ,62.6, ,7.8,,0.28,G,9999.9,0,999.9,,999.9,0,72.2,5,16.2,5,1.9,5
67561099999,"NDOLA SIMON MWANSA KAWEPEWE INTERNATIONAL, ZA",-12.9833333,28.65,1270.1,4/20/1982,63.8,5,110010,,999.9,,82.8, ,63.9, ,3.9,,0,G,9999.9,0,999.9,,999.9,0,70.8,5,16.8,5,1.6,5
67561099999,"NDOLA SIMON MWANSA KAWEPEWE INTERNATIONAL, ZA",-12.9833333,28.65,1270.1,4/22/1982,61.3,5,10000,,999.9,,80.1,*,60.6, ,9.7,,0.01,G,9999.9,0,999.9,,999.9,0,71.3,5,13.2,5,5.4,5
67561099999,"NDOLA SIMON MWANSA KAWEPEWE INTERNATIONAL, ZA",-12.9833333,28.65,1270.1,4/23/1982,58,4,0,,999.9,,71.8, ,62.1, ,11.7,,0.28,G,9999.9,0,999.9,,999.9,0,67.1,4,18.6,4,9.7,4
67561099999,"NDOLA SIMON MWANSA KAWEPEWE INTERNATIONAL, ZA",-12.9833333,28.65,1270.1,4/24/1982,56.9,5,0,,999.9,,76.3, ,56.7, ,7.8,,0,G,9999.9,0,999.9,,999.9,0,68.6,5,18.6,5,5.4,5
67561099999,"NDOLA SIMON MWANSA KAWEPEWE INTERNATIONAL, ZA",-12.9833333,28.65,1270.1,4/25/1982,56.4,4,0,,999.9,,75.6,*,55.8, ,7.8,,0,A,9999.9,0,999.9,,999.9,0,70.9,4,21.7,4,5.3,4
67561099999,"NDOLA SIMON MWANSA KAWEPEWE INTERNATIONAL, ZA",-12.9833333,28.65,1270.1,4/28/1982,54.4,4,0,,999.9,,82.9,*,55.8, ,4.1,,0,A,9999.9,0,999.9,,999.9,0,75.8,4,23.3,4,1.7,4
67561099999,"NDOLA SIMON MWANSA KAWEPEWE INTERNATIONAL, ZA",-12.9833333,28.65,1270.1,5/1/1982,62.8,4,10010,,999.9,,84,*,59, ,999.9,,99.99, ,9999.9,0,999.9,,999.9,0,73.9,4,11.5,4,999.9,0
67561099999,"NDOLA SIMON MWANSA KAWEPEWE INTERNATIONAL, ZA",-12.9833333,28.65,1270.1,5/5/1982,55.8,5,0,,999.9,,81.5, ,54.7, ,5.1,,0,A,9999.9,0,999.9,,999.9,0,72.2,5,14.9,5,2.2,5
67561099999,"NDOLA SIMON MWANSA KAWEPEWE INTERNATIONAL, ZA",-12.9833333,28.65,1270.1,5/6/1982,57.7,5,0,,999.9,,80.1,*,56.5, ,6,,0,A,9999.9,0,999.9,,999.9,0,71.6,5,18.6,5,3.6,5
67561099999,"NDOLA SIMON MWANSA KAWEPEWE INTERNATIONAL, ZA",-12.9833333,28.65,1270.1,5/7/1982,60,4,10000,,999.9,,73.6, ,61.7, ,999.9,,0,G,9999.9,0,999.9,,999.9,0,67.6,4,18.6,4,999.9,0
67561099999,"NDOLA SIMON MWANSA KAWEPEWE INTERNATIONAL, ZA",-12.9833333,28.65,1270.1,5/14/1982,51.8,4,0,,999.9,,78.3,*,60.3,*,7,,0,A,9999.9,0,999.9,,999.9,0,72.1,4,18.6,4,4,4
67561099999,"NDOLA SIMON MWANSA KAWEPEWE INTERNATIONAL, ZA",-12.9833333,28.65,1270.1,5/18/1982,41,4,0,,999.9,,75.2,*,41, ,4.1,,0,A,9999.9,0,999.9,,999.9,0,60.3,4,14.9,4,1,4
67561099999,"NDOLA SIMON MWANSA KAWEPEWE INTERNATIONAL, ZA",-12.9833333,28.65,1270.1,5/22/1982,49.5,4,0,,999.9,,79.5,*,52.5,*,7,,0,A,9999.9,0,999.9,,999.9,0,68.5,5,15.9,5,2.2,4
67561099999,"NDOLA SIMON MWANSA KAWEPEWE INTERNATIONAL, ZA",-12.9833333,28.65,1270.1,5/23/1982,45.1,6,0,,999.9,,77.9,*,45.1, ,8.9,,0,A,9999.9,0,999.9,,999.9,0,64,6,16.4,6,3.8,6
67561099999,"NDOLA SIMON MWANSA KAWEPEWE INTERNATIONAL, ZA",-12.9833333,28.65,1270.1,5/24/1982,44.1,4,0,,999.9,,76.6,*,45.5,*,8.9,,0,A,9999.9,0,999.9,,999.9,0,65.5,5,17.4,5,3.3,5
67561099999,"NDOLA SIMON MWANSA KAWEPEWE INTERNATIONAL, ZA",-12.9833333,28.65,1270.1,5/25/1982,48.6,5,0,,999.9,,79.3,*,47.8,*,8,,0,I,9999.9,0,999.9,,999.9,0,67.6,5,16.8,5,2.6,5
67561099999,"NDOLA SIMON MWANSA KAWEPEWE INTERNATIONAL, ZA",-12.9833333,28.65,1270.1,5/26/1982,50.8,4,0,,999.9,,80.8,*,50.9,*,5.1,,0,I,9999.9,0,999.9,,999.9,0,72.3,4,18.6,4,4.3,4
67561099999,"NDOLA SIMON MWANSA KAWEPEWE INTERNATIONAL, ZA",-12.9833333,28.65,1270.1,5/27/1982,53.9,5,0,,999.9,,82.6,*,51.8, ,6,,0,I,9999.9,0,999.9,,999.9,0,71.4,5,17.4,5,2,5
67561099999,"NDOLA SIMON MWANSA KAWEPEWE INTERNATIONAL, ZA",-12.9833333,28.65,1270.1,6/1/1982,43.5,4,0,,999.9,,72.1,*,48.7, ,11.1,,0,A,9999.9,0,999.9,,999.9,0,63,4,999.9,0,6.5,4
67561099999,"NDOLA SIMON MWANSA KAWEPEWE INTERNATIONAL, ZA",-12.9833333,28.65,1270.1,6/2/1982,47.5,4,0,,999.9,,79.9,*,45.5,*,999.9,,0,A,9999.9,0,999.9,,999.9,0,63.5,4,17.9,4,999.9,0
67561099999,"NDOLA SIMON MWANSA KAWEPEWE INTERNATIONAL, ZA",-12.9833333,28.65,1270.1,6/5/1982,46.5,4,0,,999.9,,77.4,*,46.9, ,6,,0,A,9999.9,0,999.9,,999.9,0,69.7,4,15.2,4,3.5,4
67561099999,"NDOLA SIMON MWANSA KAWEPEWE INTERNATIONAL, ZA",-12.9833333,28.65,1270.1,6/6/1982,42.6,5,0,,999.9,,73.8,*,45.5, ,7,,0,A,9999.9,0,999.9,,999.9,0,59.4,5,16.2,5,2.4,5
67561099999,"NDOLA SIMON MWANSA KAWEPEWE INTERNATIONAL, ZA",-12.9833333,28.65,1270.1,6/7/1982,38.7,5,0,,999.9,,77.5, ,43.7, ,9.9,,0,A,9999.9,0,999.9,,999.9,0,65.6,5,18.6,5,5.2,5
67561099999,"NDOLA SIMON MWANSA KAWEPEWE INTERNATIONAL, ZA",-12.9833333,28.65,1270.1,6/8/1982,37.1,5,0,,999.9,,75.9,*,40.3, ,14,,0,I,9999.9,0,999.9,,999.9,0,62.2,5,15.9,5,6.2,5
67561099999,"NDOLA SIMON MWANSA KAWEPEWE INTERNATIONAL, ZA",-12.9833333,28.65,1270.1,6/9/1982,39.7,5,0,,999.9,,71.2,*,41.5, ,29.9,,0,A,9999.9,0,999.9,,999.9,0,57,5,16.8,5,2.8,5
67561099999,"NDOLA SIMON MWANSA KAWEPEWE INTERNATIONAL, ZA",-12.9833333,28.65,1270.1,6/11/1982,53.4,4,0,,999.9,,76.5,*,41.7, ,2.9,,0,A,9999.9,0,999.9,,999.9,0,67.2,4,14.4,4,1,4
67561099999,"NDOLA SIMON MWANSA KAWEPEWE INTERNATIONAL, ZA",-12.9833333,28.65,1270.1,6/14/1982,51.1,6,0,,999.9,,83.8, ,52.2, ,13,,0,A,9999.9,0,999.9,,999.9,0,69.7,6,18.6,5,3.3,6
67561099999,"NDOLA SIMON MWANSA KAWEPEWE INTERNATIONAL, ZA",-12.9833333,28.65,1270.1,6/16/1982,46.2,6,0,,999.9,,80.4,*,53.8, ,11.1,,0,A,9999.9,0,999.9,,999.9,0,68.5,6,17.6,6,6.5,6
67561099999,"NDOLA SIMON MWANSA KAWEPEWE INTERNATIONAL, ZA",-12.9833333,28.65,1270.1,6/17/1982,47.8,5,0,,999.9,,77.9,*,50.9,*,13,,0,I,9999.9,0,999.9,,999.9,0,66.5,5,18.6,5,4.8,5
67561099999,"NDOLA SIMON MWANSA KAWEPEWE INTERNATIONAL, ZA",-12.9833333,28.65,1270.1,6/18/1982,43.3,5,0,,999.9,,80.4, ,47.1, ,13,,0,I,9999.9,0,999.9,,999.9,0,67.3,5,18.6,5,7.1,5
67561099999,"NDOLA SIMON MWANSA KAWEPEWE INTERNATIONAL, ZA",-12.9833333,28.65,1270.1,6/22/1982,9999.9,0,0,,999.9,,77.4,*,49.1,*,4.1,,0,I,9999.9,0,999.9,,999.9,0,69.1,4,18.6,4,2,4
67561099999,"NDOLA SIMON MWANSA KAWEPEWE INTERNATIONAL, ZA",-12.9833333,28.65,1270.1,6/23/1982,9999.9,0,0,,999.9,,82.2, ,68,*,9.9,,0,I,9999.9,0,999.9,,999.9,0,74.8,4,18.6,4,7.7,4
67561099999,"NDOLA SIMON MWANSA KAWEPEWE INTERNATIONAL, ZA",-12.9833333,28.65,1270.1,6/24/1982,52.7,7,0,,999.9,,81.5, ,51.1, ,14,,0,A,9999.9,0,999.9,,999.9,0,66.8,7,16.4,7,4.7,7
67561099999,"NDOLA SIMON MWANSA KAWEPEWE INTERNATIONAL, ZA",-12.9833333,28.65,1270.1,6/25/1982,49.8,6,0,,999.9,,81.3, ,50.7, ,13,,0,A,9999.9,0,999.9,,999.9,0,70.2,6,17.6,6,8.3,6
67561099999,"NDOLA SIMON MWANSA KAWEPEWE INTERNATIONAL, ZA",-12.9833333,28.65,1270.1,6/26/1982,51,5,0,,999.9,,80.2, ,50.5, ,9.9,,0,A,9999.9,0,999.9,,999.9,0,67.1,6,18.6,6,5.1,6
67561099999,"NDOLA SIMON MWANSA KAWEPEWE INTERNATIONAL, ZA",-12.9833333,28.65,1270.1,6/27/1982,45.5,6,0,,999.9,,77.5,*,50.9, ,9.9,,0,A,9999.9,0,999.9,,999.9,0,69.1,6,16.6,6,5.6,5
67561099999,"NDOLA SIMON MWANSA KAWEPEWE INTERNATIONAL, ZA",-12.9833333,28.65,1270.1,6/28/1982,45,4,0,,999.9,,72.3,*,53.2,*,8.9,,0,I,9999.9,0,999.9,,999.9,0,67.1,4,18.6,4,5.5,4
67561099999,"NDOLA SIMON MWANSA KAWEPEWE INTERNATIONAL, ZA",-12.9833333,28.65,1270.1,6/29/1982,47.8,6,0,,999.9,,75.9,*,47.8, ,15,,0,A,9999.9,0,999.9,,999.9,0,63,6,18.6,6,5.5,6
67561099999,"NDOLA SIMON MWANSA KAWEPEWE INTERNATIONAL, ZA",-12.9833333,28.65,1270.1,6/30/1982,47.2,7,0,,999.9,,78.8, ,46.9, ,13,,0,A,9999.9,0,999.9,,999.9,0,63.2,7,18.6,7,4.7,7
67561099999,"NDOLA SIMON MWANSA KAWEPEWE INTERNATIONAL, ZA",-12.9833333,28.65,1270.1,7/1/1982,47.8,7,0,,999.9,,80.4, ,45.3, ,9.9,,0,A,9999.9,0,999.9,,999.9,0,64.3,7,15.5,7,3.6,7
67561099999,"NDOLA SIMON MWANSA KAWEPEWE INTERNATIONAL, ZA",-12.9833333,28.65,1270.1,7/2/1982,49.5,5,0,,999.9,,83.5, ,55.4,*,6,,0,I,9999.9,0,999.9,,999.9,0,66.8,5,16.8,5,2.8,4
67561099999,"NDOLA SIMON MWANSA KAWEPEWE INTERNATIONAL, ZA",-12.9833333,28.65,1270.1,7/5/1982,50.5,4,0,,999.9,,73,*,52.7, ,16.9,,0,I,9999.9,0,999.9,,999.9,0,67.4,4,18.6,4,11.9,4
67561099999,"NDOLA SIMON MWANSA KAWEPEWE INTERNATIONAL, ZA",-12.9833333,28.65,1270.1,7/6/1982,46.1,5,0,,999.9,,73.4, ,52, ,14,,0,A,9999.9,0,999.9,,999.9,0,61.4,5,18.6,5,10.6,5
67561099999,"NDOLA SIMON MWANSA KAWEPEWE INTERNATIONAL, ZA",-12.9833333,28.65,1270.1,7/7/1982,47.3,7,0,,999.9,,72.5, ,50.7, ,12,,0,A,9999.9,0,999.9,,999.9,0,61.7,7,18.6,7,7.7,7
67561099999,"NDOLA SIMON MWANSA KAWEPEWE INTERNATIONAL, ZA",-12.9833333,28.65,1270.1,7/8/1982,47.7,5,0,,999.9,,70.9,*,45.9, ,11.1,,0,A,9999.9,0,999.9,,999.9,0,64.5,5,18.6,5,6.4,5
67561099999,"NDOLA SIMON MWANSA KAWEPEWE INTERNATIONAL, ZA",-12.9833333,28.65,1270.1,7/9/1982,49.4,4,0,,999.9,,77.5, ,64.9,*,9.9,,0,I,9999.9,0,999.9,,999.9,0,70.8,4,18.6,4,7.5,4
67561099999,"NDOLA SIMON MWANSA KAWEPEWE INTERNATIONAL, ZA",-12.9833333,28.65,1270.1,7/11/1982,38.2,4,0,,999.9,,71.8,*,52, ,12,,0,A,9999.9,0,999.9,,999.9,0,64.4,5,18.6,5,6,5
67561099999,"NDOLA SIMON MWANSA KAWEPEWE INTERNATIONAL, ZA",-12.9833333,28.65,1270.1,7/13/1982,30.7,4,0,,999.9,,73.2,*,42.1, ,9.9,,0,A,9999.9,0,999.9,,999.9,0,66.2,4,11.7,4,6.9,4
67561099999,"NDOLA SIMON MWANSA KAWEPEWE INTERNATIONAL, ZA",-12.9833333,28.65,1270.1,7/14/1982,34.7,6,0,,999.9,,73.2, ,40.3, ,15,,0,A,9999.9,0,999.9,,999.9,0,59.3,6,17.6,6,8.5,6
67561099999,"NDOLA SIMON MWANSA KAWEPEWE INTERNATIONAL, ZA",-12.9833333,28.65,1270.1,7/15/1982,41.3,4,0,,999.9,,68,*,46,*,13,,0,I,9999.9,0,999.9,,999.9,0,60.8,4,18.6,4,7.7,4
67561099999,"NDOLA SIMON MWANSA KAWEPEWE INTERNATIONAL, ZA",-12.9833333,28.65,1270.1,7/16/1982,40.3,4,0,,999.9,,65.8, ,49.6,*,12,,0,I,9999.9,0,999.9,,999.9,0,57.4,4,18.6,4,10.5,4
67561099999,"NDOLA SIMON MWANSA KAWEPEWE INTERNATIONAL, ZA",-12.9833333,28.65,1270.1,7/17/1982,39.4,4,0,,999.9,,69.3,*,45.7,*,13,,0,I,9999.9,0,999.9,,999.9,0,61.7,4,18.6,4,8.5,4
67561099999,"NDOLA SIMON MWANSA KAWEPEWE INTERNATIONAL, ZA",-12.9833333,28.65,1270.1,7/21/1982,40.8,4,0,,999.9,,80.4, ,66.9,*,5.1,,0,I,9999.9,0,999.9,,999.9,0,73.4,4,17.1,4,3.3,4
67561099999,"NDOLA SIMON MWANSA KAWEPEWE INTERNATIONAL, ZA",-12.9833333,28.65,1270.1,7/24/1982,46.4,6,0,,999.9,,76.5,*,54.3, ,8,,0,A,9999.9,0,999.9,,999.9,0,65.8,6,13.5,6,2.2,5
67561099999,"NDOLA SIMON MWANSA KAWEPEWE INTERNATIONAL, ZA",-12.9833333,28.65,1270.1,7/27/1982,45.1,4,0,,999.9,,80.8, ,49.5, ,7,,0,A,9999.9,0,999.9,,999.9,0,71.1,4,16.3,4,5.5,4
67561099999,"NDOLA SIMON MWANSA KAWEPEWE INTERNATIONAL, ZA",-12.9833333,28.65,1270.1,7/28/1982,37.4,5,0,,999.9,,79.5,*,47.7, ,14,,0,A,9999.9,0,999.9,,999.9,0,71.7,5,16.4,5,6.8,5
67561099999,"NDOLA SIMON MWANSA KAWEPEWE INTERNATIONAL, ZA",-12.9833333,28.65,1270.1,8/2/1982,9999.9,0,0,,999.9,,79.2,*,42.8, ,2.9,,0,I,9999.9,0,999.9,,999.9,0,66.7,4,12.1,4,1,4
67561099999,"NDOLA SIMON MWANSA KAWEPEWE INTERNATIONAL, ZA",-12.9833333,28.65,1270.1,8/5/1982,37.4,4,0,,999.9,,79.7, ,43.9, ,11.1,,0,A,9999.9,0,999.9,,999.9,0,69.2,4,14,4,7.8,4
67561099999,"NDOLA SIMON MWANSA KAWEPEWE INTERNATIONAL, ZA",-12.9833333,28.65,1270.1,8/6/1982,38.7,5,0,,999.9,,79.2,*,52.3, ,9.9,,0,A,9999.9,0,999.9,,999.9,0,70.5,5,12.4,5,5.8,5
67561099999,"NDOLA SIMON MWANSA KAWEPEWE INTERNATIONAL, ZA",-12.9833333,28.65,1270.1,8/8/1982,48,4,0,,999.9,,77.2,*,59.4,*,9.9,,0,A,9999.9,0,999.9,,999.9,0,70.5,4,17.9,4,6.2,4
67561099999,"NDOLA SIMON MWANSA KAWEPEWE INTERNATIONAL, ZA",-12.9833333,28.65,1270.1,8/9/1982,44.9,4,0,,999.9,,81.5, ,69.8,*,9.9,,0,I,9999.9,0,999.9,,999.9,0,75.2,4,16.3,4,6.2,4
67561099999,"NDOLA SIMON MWANSA KAWEPEWE INTERNATIONAL, ZA",-12.9833333,28.65,1270.1,8/10/1982,44.3,5,0,,999.9,,82, ,51.3, ,7,,0,A,9999.9,0,999.9,,999.9,0,73.4,5,25.6,5,4.8,5
67561099999,"NDOLA SIMON MWANSA KAWEPEWE INTERNATIONAL, ZA",-12.9833333,28.65,1270.1,8/11/1982,39.8,5,0,,999.9,,81.3, ,50,*,9.9,,0,I,9999.9,0,999.9,,999.9,0,70.1,5,14.3,5,6,5
67561099999,"NDOLA SIMON MWANSA KAWEPEWE INTERNATIONAL, ZA",-12.9833333,28.65,1270.1,8/17/1982,41.4,5,0,,999.9,,81.5, ,65.5,*,15.9,,0,A,9999.9,0,999.9,,999.9,0,73.6,5,18,5,7,5
67561099999,"NDOLA SIMON MWANSA KAWEPEWE INTERNATIONAL, ZA",-12.9833333,28.65,1270.1,8/18/1982,45,4,0,,999.9,,81.5,*,53.1, ,14,,0,A,9999.9,0,999.9,,999.9,0,76.2,4,18.6,4,10.5,4
67561099999,"NDOLA SIMON MWANSA KAWEPEWE INTERNATIONAL, ZA",-12.9833333,28.65,1270.1,8/19/1982,45.8,5,0,,999.9,,78.8, ,54.3, ,999.9,,0,A,9999.9,0,3.1,,999.9,0,68.3,5,18.6,5,6.6,5
67561099999,"NDOLA SIMON MWANSA KAWEPEWE INTERNATIONAL, ZA",-12.9833333,28.65,1270.1,8/20/1982,44.1,5,0,,999.9,,78.8,*,61.9,*,9.9,,0,A,9999.9,0,999.9,,999.9,0,72.7,5,18.6,5,6.2,5
67561099999,"NDOLA SIMON MWANSA KAWEPEWE INTERNATIONAL, ZA",-12.9833333,28.65,1270.1,8/21/1982,37.1,5,0,,999.9,,84.6, ,48.4, ,8,,0,A,9999.9,0,999.9,,999.9,0,75.8,5,16.8,5,6,5
67561099999,"NDOLA SIMON MWANSA KAWEPEWE INTERNATIONAL, ZA",-12.9833333,28.65,1270.1,8/22/1982,39.3,7,0,,999.9,,85.5, ,50, ,15.9,,0,A,9999.9,0,999.9,,999.9,0,69.5,7,18.2,7,8,7
67561099999,"NDOLA SIMON MWANSA KAWEPEWE INTERNATIONAL, ZA",-12.9833333,28.65,1270.1,8/23/1982,45.7,4,0,,999.9,,75.2,*,57.2, ,15,,0,A,9999.9,0,999.9,,999.9,0,67.3,4,17.1,4,11.5,4
67561099999,"NDOLA SIMON MWANSA KAWEPEWE INTERNATIONAL, ZA",-12.9833333,28.65,1270.1,8/26/1982,39.1,4,0,,999.9,,82.4, ,51.3,*,8.9,,0,I,9999.9,0,999.9,,999.9,0,70.4,4,18.6,4,3.5,4
67561099999,"NDOLA SIMON MWANSA KAWEPEWE INTERNATIONAL, ZA",-12.9833333,28.65,1270.1,8/27/1982,44.4,6,0,,999.9,,83.5, ,50.5, ,6,,0,A,9999.9,0,999.9,,999.9,0,71.4,6,15,6,2.5,6
67561099999,"NDOLA SIMON MWANSA KAWEPEWE INTERNATIONAL, ZA",-12.9833333,28.65,1270.1,8/28/1982,43.6,6,0,,999.9,,82.8,*,51.1, ,5.1,,0,A,9999.9,0,999.9,,999.9,0,68.9,6,11.2,6,2.5,6
67561099999,"NDOLA SIMON MWANSA KAWEPEWE INTERNATIONAL, ZA",-12.9833333,28.65,1270.1,8/29/1982,43.3,6,0,,999.9,,85.6, ,50.7, ,9.9,,0,A,9999.9,0,999.9,,999.9,0,71.9,6,16.1,6,2.7,6
67561099999,"NDOLA SIMON MWANSA KAWEPEWE INTERNATIONAL, ZA",-12.9833333,28.65,1270.1,8/30/1982,42.7,7,0,,999.9,,87.3, ,52.5,*,9.9,,0,A,9999.9,0,999.9,,999.9,0,70.7,7,16.4,7,5.8,6
67561099999,"NDOLA SIMON MWANSA KAWEPEWE INTERNATIONAL, ZA",-12.9833333,28.65,1270.1,8/31/1982,46,5,0,,999.9,,85.5,*,55.6, ,8.9,,0,A,9999.9,0,999.9,,999.9,0,75.2,5,12.4,5,6.8,5
67561099999,"NDOLA SIMON MWANSA KAWEPEWE INTERNATIONAL, ZA",-12.9833333,28.65,1270.1,9/1/1982,44.2,6,0,,999.9,,86.7,*,54, ,8.9,,0,A,9999.9,0,999.9,,999.9,0,72.7,6,13.5,6,3.8,6
67561099999,"NDOLA SIMON MWANSA KAWEPEWE INTERNATIONAL, ZA",-12.9833333,28.65,1270.1,9/2/1982,42,5,0,,999.9,,89.6, ,54.1, ,8,,0,A,9999.9,0,999.9,,999.9,0,79,5,13,5,6.4,5
67561099999,"NDOLA SIMON MWANSA KAWEPEWE INTERNATIONAL, ZA",-12.9833333,28.65,1270.1,9/3/1982,46.7,7,0,,999.9,,90, ,54.5, ,7,,0,A,9999.9,0,999.9,,999.9,0,73.1,7,12.4,7,2.4,7
67561099999,"NDOLA SIMON MWANSA KAWEPEWE INTERNATIONAL, ZA",-12.9833333,28.65,1270.1,9/4/1982,44,4,0,,999.9,,89.8, ,79.3,*,7,,0,I,9999.9,0,999.9,,999.9,0,84.4,4,11.7,4,3.7,4
67561099999,"NDOLA SIMON MWANSA KAWEPEWE INTERNATIONAL, ZA",-12.9833333,28.65,1270.1,9/5/1982,47.8,6,0,,999.9,,83.3,*,64.6, ,11.1,,0,A,9999.9,0,999.9,,999.9,0,74.4,6,12.3,6,6.2,6
67561099999,"NDOLA SIMON MWANSA KAWEPEWE INTERNATIONAL, ZA",-12.9833333,28.65,1270.1,9/6/1982,52.4,4,10000,,999.9,,74.1,*,63.5,*,15.9,,99.99, ,9999.9,0,999.9,,999.9,0,70.5,4,12.7,4,9.7,4
67561099999,"NDOLA SIMON MWANSA KAWEPEWE INTERNATIONAL, ZA",-12.9833333,28.65,1270.1,9/7/1982,53.4,4,0,,999.9,,75.4,*,63.3,*,13,,0,I,9999.9,0,999.9,,999.9,0,70,4,17.1,4,8,4
67561099999,"NDOLA SIMON MWANSA KAWEPEWE INTERNATIONAL, ZA",-12.9833333,28.65,1270.1,9/8/1982,47.6,5,0,,999.9,,84.7, ,56.1, ,15,,0,A,9999.9,0,999.9,,999.9,0,76,5,17.4,5,9.6,5
67561099999,"NDOLA SIMON MWANSA KAWEPEWE INTERNATIONAL, ZA",-12.9833333,28.65,1270.1,9/9/1982,45.2,5,0,,999.9,,84.9, ,60.1,*,11.1,,0,I,9999.9,0,999.9,,999.9,0,74.7,5,16.2,5,7.2,5
67561099999,"NDOLA SIMON MWANSA KAWEPEWE INTERNATIONAL, ZA",-12.9833333,28.65,1270.1,9/11/1982,45.1,6,0,,999.9,,89.6, ,55.4, ,9.9,,0,A,9999.9,0,999.9,,999.9,0,76.2,6,10.3,6,2.8,6
67561099999,"NDOLA SIMON MWANSA KAWEPEWE INTERNATIONAL, ZA",-12.9833333,28.65,1270.1,9/12/1982,42.4,6,0,,999.9,,93.4, ,54.5, ,9.9,,0,A,9999.9,0,999.9,,999.9,0,76.6,6,14,6,5.8,6
67561099999,"NDOLA SIMON MWANSA KAWEPEWE INTERNATIONAL, ZA",-12.9833333,28.65,1270.1,9/13/1982,44.9,5,0,,999.9,,88.7, ,55.2, ,11.1,,0,A,9999.9,0,999.9,,999.9,0,75.5,5,10.9,5,5.2,5
67561099999,"NDOLA SIMON MWANSA KAWEPEWE INTERNATIONAL, ZA",-12.9833333,28.65,1270.1,9/14/1982,50,4,0,,999.9,,85.8,*,61.5,*,12,,0,A,9999.9,0,999.9,,999.9,0,73,4,9.2,4,6,4
67561099999,"NDOLA SIMON MWANSA KAWEPEWE INTERNATIONAL, ZA",-12.9833333,28.65,1270.1,9/16/1982,36.7,4,0,,999.9,,88.7, ,53.6, ,11.1,,0,A,9999.9,0,999.9,,999.9,0,77.9,4,16.3,4,7,4
67561099999,"NDOLA SIMON MWANSA KAWEPEWE INTERNATIONAL, ZA",-12.9833333,28.65,1270.1,9/17/1982,34.3,7,0,,999.9,,88.2, ,55.2, ,11.1,,0,A,9999.9,0,999.9,,999.9,0,72.7,7,8.3,7,5.9,7
67561099999,"NDOLA SIMON MWANSA KAWEPEWE INTERNATIONAL, ZA",-12.9833333,28.65,1270.1,9/18/1982,35,4,0,,999.9,,87.8, ,59.2, ,15,,0,I,9999.9,0,999.9,,999.9,0,73.3,4,6.8,4,11,4
67561099999,"NDOLA SIMON MWANSA KAWEPEWE INTERNATIONAL, ZA",-12.9833333,28.65,1270.1,9/19/1982,38.5,4,0,,999.9,,84.6,*,56.8,*,14,,0,I,9999.9,0,999.9,,999.9,0,71.2,4,7.9,4,7,4
67561099999,"NDOLA SIMON MWANSA KAWEPEWE INTERNATIONAL, ZA",-12.9833333,28.65,1270.1,9/20/1982,33.9,4,0,,999.9,,85.5,*,52, ,9.9,,0,A,9999.9,0,999.9,,999.9,0,79.5,4,15.4,4,7.2,4
67561099999,"NDOLA SIMON MWANSA KAWEPEWE INTERNATIONAL, ZA",-12.9833333,28.65,1270.1,9/21/1982,32.3,6,0,,999.9,,89.2,*,54.5,*,13,,0,I,9999.9,0,999.9,,999.9,0,73.9,6,17.1,6,8.8,5
67561099999,"NDOLA SIMON MWANSA KAWEPEWE INTERNATIONAL, ZA",-12.9833333,28.65,1270.1,9/22/1982,34.5,6,0,,999.9,,86,*,54.9, ,15.9,,0,A,9999.9,0,999.9,,999.9,0,74.8,6,10.9,6,10.8,6
67561099999,"NDOLA SIMON MWANSA KAWEPEWE INTERNATIONAL, ZA",-12.9833333,28.65,1270.1,9/23/1982,40.5,7,0,,999.9,,83.1,*,54.3, ,9.9,,0,A,9999.9,0,999.9,,999.9,0,70.1,7,14.2,7,6.5,7
67561099999,"NDOLA SIMON MWANSA KAWEPEWE INTERNATIONAL, ZA",-12.9833333,28.65,1270.1,9/24/1982,42.2,6,0,,999.9,,84, ,54.5, ,9.9,,0,A,9999.9,0,999.9,,999.9,0,73.2,6,12.4,6,7.8,6
67561099999,"NDOLA SIMON MWANSA KAWEPEWE INTERNATIONAL, ZA",-12.9833333,28.65,1270.1,9/25/1982,43.1,6,0,,999.9,,85.1, ,57.6,*,8,,0,I,9999.9,0,999.9,,999.9,0,73.2,6,9.3,6,4.7,6
67561099999,"NDOLA SIMON MWANSA KAWEPEWE INTERNATIONAL, ZA",-12.9833333,28.65,1270.1,9/26/1982,45.5,6,0,,999.9,,85.5,*,59.2, ,9.9,,0,A,9999.9,0,999.9,,999.9,0,74.8,6,12.6,6,6,6
67561099999,"NDOLA SIMON MWANSA KAWEPEWE INTERNATIONAL, ZA",-12.9833333,28.65,1270.1,9/27/1982,45.6,5,0,,999.9,,83.8, ,62.8, ,8,,0,A,9999.9,0,999.9,,999.9,0,73.1,5,13,5,6.4,5
67561099999,"NDOLA SIMON MWANSA KAWEPEWE INTERNATIONAL, ZA",-12.9833333,28.65,1270.1,9/28/1982,47.1,4,0,,999.9,,84.4,*,59.2, ,11.1,,0,A,9999.9,0,999.9,,999.9,0,75.6,5,13,5,6.2,5
67561099999,"NDOLA SIMON MWANSA KAWEPEWE INTERNATIONAL, ZA",-12.9833333,28.65,1270.1,9/30/1982,53.6,4,0,,999.9,,84.9, ,52.5, ,8.9,,0.28,G,9999.9,0,999.9,,999.9,0,70.7,4,15.5,4,7.4,4
67561099999,"NDOLA SIMON MWANSA KAWEPEWE INTERNATIONAL, ZA",-12.9833333,28.65,1270.1,10/1/1982,47.5,4,0,,999.9,,84.6, ,74.3,*,14,,0,G,9999.9,0,999.9,,999.9,0,79.4,4,10.9,4,10.4,4
67561099999,"NDOLA SIMON MWANSA KAWEPEWE INTERNATIONAL, ZA",-12.9833333,28.65,1270.1,10/2/1982,48.7,6,0,,999.9,,84.6, ,59.7, ,9.9,,0,I,9999.9,0,999.9,,999.9,0,74.6,6,9.3,6,7.4,6
67561099999,"NDOLA SIMON MWANSA KAWEPEWE INTERNATIONAL, ZA",-12.9833333,28.65,1270.1,10/3/1982,48.1,4,0,,999.9,,87.1, ,59.2, ,12,,0,A,9999.9,0,999.9,,999.9,0,76.6,4,16.3,4,10,4
67561099999,"NDOLA SIMON MWANSA KAWEPEWE INTERNATIONAL, ZA",-12.9833333,28.65,1270.1,10/6/1982,51.4,5,0,,999.9,,84.2,*,62.4, ,15,,0,A,9999.9,0,999.9,,999.9,0,74.9,5,14.3,5,5.7,5
67561099999,"NDOLA SIMON MWANSA KAWEPEWE INTERNATIONAL, ZA",-12.9833333,28.65,1270.1,10/7/1982,51.6,5,0,,999.9,,85.5,*,61.9, ,8.9,,0,I,9999.9,0,999.9,,999.9,0,78.6,5,16.8,5,4.8,5
67561099999,"NDOLA SIMON MWANSA KAWEPEWE INTERNATIONAL, ZA",-12.9833333,28.65,1270.1,10/9/1982,54.8,6,0,,999.9,,89.6, ,60.3, ,9.9,,0.31,G,9999.9,0,999.9,,999.9,0,74.6,6,11.9,6,4.5,6
67561099999,"NDOLA SIMON MWANSA KAWEPEWE INTERNATIONAL, ZA",-12.9833333,28.65,1270.1,10/11/1982,54.7,4,0,,999.9,,89.1, ,75.9,*,12,,0,I,9999.9,0,999.9,,999.9,0,82.8,4,18.6,4,7.8,4
67561099999,"NDOLA SIMON MWANSA KAWEPEWE INTERNATIONAL, ZA",-12.9833333,28.65,1270.1,10/12/1982,52,4,0,,999.9,,90.3, ,64, ,14,,0,I,9999.9,0,999.9,,999.9,0,82.5,4,17.1,4,7.8,4
67561099999,"NDOLA SIMON MWANSA KAWEPEWE INTERNATIONAL, ZA",-12.9833333,28.65,1270.1,10/13/1982,55.4,5,0,,999.9,,87.8,*,66.7, ,12,,0,A,9999.9,0,999.9,,999.9,0,77.7,5,16.8,5,7.4,5
67561099999,"NDOLA SIMON MWANSA KAWEPEWE INTERNATIONAL, ZA",-12.9833333,28.65,1270.1,10/14/1982,55.7,6,0,,999.9,,92.1, ,61.2, ,14,,0.08,G,9999.9,0,999.9,,999.9,0,75.4,6,12.4,6,4.7,6
67561099999,"NDOLA SIMON MWANSA KAWEPEWE INTERNATIONAL, ZA",-12.9833333,28.65,1270.1,10/15/1982,51.9,6,0,,999.9,,91.6,*,64.4, ,12,,0,G,9999.9,0,999.9,,999.9,0,79.8,6,12.4,6,5.7,6
67561099999,"NDOLA SIMON MWANSA KAWEPEWE INTERNATIONAL, ZA",-12.9833333,28.65,1270.1,10/16/1982,53.5,4,0,,999.9,,94.6, ,65.5,*,9.9,,0,A,9999.9,0,999.9,,999.9,0,75.7,5,10.6,5,7,5
67561099999,"NDOLA SIMON MWANSA KAWEPEWE INTERNATIONAL, ZA",-12.9833333,28.65,1270.1,10/17/1982,49.9,5,0,,999.9,,93, ,65.8, ,12,,0,A,9999.9,0,999.9,,999.9,0,85.5,5,11.1,5,7.7,5
67561099999,"NDOLA SIMON MWANSA KAWEPEWE INTERNATIONAL, ZA",-12.9833333,28.65,1270.1,10/18/1982,54.5,5,10,,999.9,,91.9, ,66, ,9.9,,0,A,9999.9,0,999.9,,999.9,0,80.4,5,9.3,5,8.7,5
67561099999,"NDOLA SIMON MWANSA KAWEPEWE INTERNATIONAL, ZA",-12.9833333,28.65,1270.1,10/19/1982,60.4,6,0,,999.9,,85.1, ,62.6,*,8.9,,0.08,G,9999.9,0,999.9,,999.9,0,72.6,6,14.5,6,5.6,6
67561099999,"NDOLA SIMON MWANSA KAWEPEWE INTERNATIONAL, ZA",-12.9833333,28.65,1270.1,10/20/1982,58.9,5,10,,999.9,,90.3, ,63.5, ,9.9,,0,G,9999.9,0,999.9,,999.9,0,77.6,5,14.3,5,4.2,5
67561099999,"NDOLA SIMON MWANSA KAWEPEWE INTERNATIONAL, ZA",-12.9833333,28.65,1270.1,10/23/1982,58.4,4,10000,,999.9,,66.6, ,62.6,*,9.9,,99.99, ,9999.9,0,999.9,,999.9,0,63.9,4,16.3,4,8.4,4
67561099999,"NDOLA SIMON MWANSA KAWEPEWE INTERNATIONAL, ZA",-12.9833333,28.65,1270.1,10/24/1982,56.5,5,0,,999.9,,75.9, ,57.9, ,9.9,,0.04,G,9999.9,0,999.9,,999.9,0,66.1,5,17.4,5,6.2,5
67561099999,"NDOLA SIMON MWANSA KAWEPEWE INTERNATIONAL, ZA",-12.9833333,28.65,1270.1,10/25/1982,57,4,0,,999.9,,84.6, ,55, ,15.9,,0,G,9999.9,0,999.9,,999.9,0,73.9,4,18.6,4,8,4
67561099999,"NDOLA SIMON MWANSA KAWEPEWE INTERNATIONAL, ZA",-12.9833333,28.65,1270.1,10/26/1982,53.7,5,0,,999.9,,88.5, ,59.4, ,6,,0,I,9999.9,0,999.9,,999.9,0,79.6,5,18.6,5,3.8,5
67561099999,"NDOLA SIMON MWANSA KAWEPEWE INTERNATIONAL, ZA",-12.9833333,28.65,1270.1,10/27/1982,48.9,6,0,,999.9,,89.8, ,62.8, ,12,,0,A,9999.9,0,999.9,,999.9,0,80.1,6,18.6,6,8,6
67561099999,"NDOLA SIMON MWANSA KAWEPEWE INTERNATIONAL, ZA",-12.9833333,28.65,1270.1,10/28/1982,48.5,7,0,,999.9,,86.9, ,61, ,9.9,,0,A,9999.9,0,999.9,,999.9,0,74.9,7,16.4,7,3.8,7
67561099999,"NDOLA SIMON MWANSA KAWEPEWE INTERNATIONAL, ZA",-12.9833333,28.65,1270.1,10/29/1982,48.2,5,0,,999.9,,84.2,*,56.3, ,15,,0,A,9999.9,0,999.9,,999.9,0,75.3,5,19.3,5,11.2,5
67561099999,"NDOLA SIMON MWANSA KAWEPEWE INTERNATIONAL, ZA",-12.9833333,28.65,1270.1,10/30/1982,49.9,6,0,,999.9,,85.6, ,55.2, ,8.9,,0,A,9999.9,0,999.9,,999.9,0,74.9,6,17.6,6,2.8,5
67561099999,"NDOLA SIMON MWANSA KAWEPEWE INTERNATIONAL, ZA",-12.9833333,28.65,1270.1,10/31/1982,49.9,5,0,,999.9,,88.5, ,56.3, ,4.1,,0,A,9999.9,0,999.9,,999.9,0,75.3,5,16.8,5,1.2,5
67561099999,"NDOLA SIMON MWANSA KAWEPEWE INTERNATIONAL, ZA",-12.9833333,28.65,1270.1,11/1/1982,56.3,4,0,,999.9,,87.4, ,61.2, ,2.9,,0,A,9999.9,0,999.9,,999.9,0,78.9,4,11.7,4,2.7,4
67561099999,"NDOLA SIMON MWANSA KAWEPEWE INTERNATIONAL, ZA",-12.9833333,28.65,1270.1,11/4/1982,53.6,4,0,,999.9,,91.9, ,62.4, ,5.1,,0,B,9999.9,0,999.9,,999.9,0,77.2,4,13.2,4,4.5,4
67561099999,"NDOLA SIMON MWANSA KAWEPEWE INTERNATIONAL, ZA",-12.9833333,28.65,1270.1,11/6/1982,54.9,7,10010,,999.9,,94.5, ,60.8, ,9.9,,0,H,9999.9,0,999.9,,999.9,0,78.6,7,12,7,4.6,7
67561099999,"NDOLA SIMON MWANSA KAWEPEWE INTERNATIONAL, ZA",-12.9833333,28.65,1270.1,11/7/1982,57.7,5,0,,999.9,,89.8,*,63.7, ,9.9,,0.2,G,9999.9,0,999.9,,999.9,0,82,5,14.3,5,7.4,5
67561099999,"NDOLA SIMON MWANSA KAWEPEWE INTERNATIONAL, ZA",-12.9833333,28.65,1270.1,11/8/1982,55.3,4,0,,999.9,,91.8,*,62.8, ,8,,0,G,9999.9,0,999.9,,999.9,0,85.1,4,17.9,4,3,4
67561099999,"NDOLA SIMON MWANSA KAWEPEWE INTERNATIONAL, ZA",-12.9833333,28.65,1270.1,11/12/1982,61,5,10,,999.9,,86.5, ,63.5, ,8,,0,G,9999.9,0,999.9,,999.9,0,73.4,5,16.8,5,3.6,5
67561099999,"NDOLA SIMON MWANSA KAWEPEWE INTERNATIONAL, ZA",-12.9833333,28.65,1270.1,11/13/1982,60.7,5,10,,999.9,,85.5,*,64.9, ,11.1,,0,A,9999.9,0,999.9,,999.9,0,76.5,5,16.2,5,7.8,5
67561099999,"NDOLA SIMON MWANSA KAWEPEWE INTERNATIONAL, ZA",-12.9833333,28.65,1270.1,11/14/1982,61.3,7,10010,,999.9,,83.7, ,66.6, ,12,,0,G,9999.9,0,999.9,,999.9,0,71.2,7,16.4,7,5.4,7
67561099999,"NDOLA SIMON MWANSA KAWEPEWE INTERNATIONAL, ZA",-12.9833333,28.65,1270.1,11/15/1982,63.5,5,10010,,999.9,,72.7,*,63.9, ,7,,0.2,G,9999.9,0,999.9,,999.9,0,68.9,5,14.3,5,3.8,5
67561099999,"NDOLA SIMON MWANSA KAWEPEWE INTERNATIONAL, ZA",-12.9833333,28.65,1270.1,11/18/1982,63.1,4,10,,999.9,,78.8,*,64.9, ,999.9,,0,G,9999.9,0,999.9,,999.9,0,72.9,4,17.1,4,0,4
67561099999,"NDOLA SIMON MWANSA KAWEPEWE INTERNATIONAL, ZA",-12.9833333,28.65,1270.1,11/29/1982,62.6,4,0,,999.9,,79.3,*,64, ,8,,0.04,G,9999.9,0,999.9,,999.9,0,74,4,18.6,4,6,4
67561099999,"NDOLA SIMON MWANSA KAWEPEWE INTERNATIONAL, ZA",-12.9833333,28.65,1270.1,11/30/1982,64.3,5,10000,,999.9,,73.4,*,63.7, ,7,,0.35,G,9999.9,0,999.9,,999.9,0,69.9,5,14.2,5,3.2,5
67561099999,"NDOLA SIMON MWANSA KAWEPEWE INTERNATIONAL, ZA",-12.9833333,28.65,1270.1,12/1/1982,64.5,4,10000,,999.9,,79.2, ,63.5, ,8,,1.06,G,9999.9,0,999.9,,999.9,0,71.4,4,16.3,4,5,4
67561099999,"NDOLA SIMON MWANSA KAWEPEWE INTERNATIONAL, ZA",-12.9833333,28.65,1270.1,12/2/1982,65.1,7,10010,,999.9,,79.9, ,65.7,*,7,,0.01,G,9999.9,0,999.9,,999.9,0,69.3,7,18.6,7,1.8,7
67561099999,"NDOLA SIMON MWANSA KAWEPEWE INTERNATIONAL, ZA",-12.9833333,28.65,1270.1,12/3/1982,62.6,8,10010,,999.9,,83.1, ,63.9,*,13,,0.12,G,9999.9,0,999.9,,999.9,0,72.5,8,15.5,8,4.2,8
67561099999,"NDOLA SIMON MWANSA KAWEPEWE INTERNATIONAL, ZA",-12.9833333,28.65,1270.1,12/4/1982,63.2,7,10010,,999.9,,86.2, ,64.8, ,12,,0.08,G,9999.9,0,999.9,,999.9,0,73.1,7,17.3,7,4.3,7
67561099999,"NDOLA SIMON MWANSA KAWEPEWE INTERNATIONAL, ZA",-12.9833333,28.65,1270.1,12/6/1982,62.2,6,0,,999.9,,83.8, ,62.6, ,11.1,,0,A,9999.9,0,999.9,,999.9,0,71.5,6,18.6,6,4.7,6
67561099999,"NDOLA SIMON MWANSA KAWEPEWE INTERNATIONAL, ZA",-12.9833333,28.65,1270.1,12/11/1982,64.5,6,10010,,999.9,,75.2,*,64.4,*,6,,99.99, ,9999.9,0,999.9,,999.9,0,68.2,6,12.8,6,4.9,6
67561099999,"NDOLA SIMON MWANSA KAWEPEWE INTERNATIONAL, ZA",-12.9833333,28.65,1270.1,12/13/1982,64,4,10010,,999.9,,84.4, ,63.5, ,6,,0,H,9999.9,0,999.9,,999.9,0,72.5,4,12.6,4,4,4
67561099999,"NDOLA SIMON MWANSA KAWEPEWE INTERNATIONAL, ZA",-12.9833333,28.65,1270.1,12/14/1982,62.2,5,0,,999.9,,79.3,*,62.4,*,1.9,,0.39,G,9999.9,0,999.9,,999.9,0,70.4,5,16.8,5,0.8,5
67561099999,"NDOLA SIMON MWANSA KAWEPEWE INTERNATIONAL, ZA",-12.9833333,28.65,1270.1,12/15/1982,63.6,7,10010,,999.9,,83.8, ,64.8, ,8,,0,G,9999.9,0,999.9,,999.9,0,71.1,7,14.2,7,2,7
67561099999,"NDOLA SIMON MWANSA KAWEPEWE INTERNATIONAL, ZA",-12.9833333,28.65,1270.1,12/16/1982,64.7,4,10,,999.9,,81.1, ,63, ,6,,0.24,G,9999.9,0,999.9,,999.9,0,72.4,4,17.1,4,4,4
67561099999,"NDOLA SIMON MWANSA KAWEPEWE INTERNATIONAL, ZA",-12.9833333,28.65,1270.1,12/17/1982,64.9,4,10,,999.9,,77,*,63.5, ,8,,0.02,G,9999.9,0,999.9,,999.9,0,70.4,4,17.1,4,5.1,4
67561099999,"NDOLA SIMON MWANSA KAWEPEWE INTERNATIONAL, ZA",-12.9833333,28.65,1270.1,12/20/1982,63.7,4,10000,,999.9,,81.7,*,65.1, ,5.1,,0.55,G,9999.9,0,999.9,,999.9,0,75.6,4,18.6,4,2.3,4
67561099999,"NDOLA SIMON MWANSA KAWEPEWE INTERNATIONAL, ZA",-12.9833333,28.65,1270.1,12/22/1982,62.1,7,0,,999.9,,85.6, ,61.5, ,6,,0.12,G,9999.9,0,999.9,,999.9,0,72.3,7,16.9,7,2,7
67561099999,"NDOLA SIMON MWANSA KAWEPEWE INTERNATIONAL, ZA",-12.9833333,28.65,1270.1,12/23/1982,62.7,5,10,,999.9,,80.6,*,61.7, ,6,,0,G,9999.9,0,999.9,,999.9,0,75.9,5,17.4,5,2.6,5
67561099999,"NDOLA SIMON MWANSA KAWEPEWE INTERNATIONAL, ZA",-12.9833333,28.65,1270.1,12/24/1982,62.6,5,10,,999.9,,82,*,63.5, ,4.1,,0.04,G,9999.9,0,999.9,,999.9,0,77.4,5,14.3,5,3,5
67561099999,"NDOLA SIMON MWANSA KAWEPEWE INTERNATIONAL, ZA",-12.9833333,28.65,1270.1,12/26/1982,63.2,4,0,,999.9,,89.6, ,64, ,999.9,,0.24,G,9999.9,0,999.9,,999.9,0,75.6,4,17.1,4,19.2,4
67561099999,"NDOLA SIMON MWANSA KAWEPEWE INTERNATIONAL, ZA",-12.9833333,28.65,1270.1,12/27/1982,64.2,5,10,,999.9,,86.7, ,62.1, ,4.1,,0.87,G,9999.9,0,999.9,,999.9,0,76.1,5,16.2,5,1.2,5
67561099999,"NDOLA SIMON MWANSA KAWEPEWE INTERNATIONAL, ZA",-12.9833333,28.65,1270.1,12/28/1982,63.1,4,10,,999.9,,86.7, ,63, ,4.1,,0,G,9999.9,0,999.9,,999.9,0,78.3,4,15.5,4,2,4
67561099999,"NDOLA SIMON MWANSA KAWEPEWE INTERNATIONAL, ZA",-12.9833333,28.65,1270.1,12/31/1982,62.3,4,100000,,999.9,,85.1,*,64.4, ,7,,0.16,G,9999.9,0,999.9,,999.9,0,77.9,4,999.9,0,5,4
67561099999,"NDOLA SIMON MWANSA KAWEPEWE INTERNATIONAL, ZA",-12.9833333,28.65,1270.1,1/1/1983,59.3,4,0,,999.9,,85.3,*,59.7, ,9.9,,0,A,9999.9,0,999.9,,999.9,0,80.2,4,17.9,4,5.5,4
67561099999,"NDOLA SIMON MWANSA KAWEPEWE INTERNATIONAL, ZA",-12.9833333,28.65,1270.1,1/2/1983,58.9,4,0,,999.9,,85.8,*,62.1, ,8.9,,0,A,9999.9,0,999.9,,999.9,0,80.8,4,18.6,4,7.2,4
67561099999,"NDOLA SIMON MWANSA KAWEPEWE INTERNATIONAL, ZA",-12.9833333,28.65,1270.1,1/5/1983,64,5,10,,999.9,,85.3,*,63, ,6,,0,A,9999.9,0,999.9,,999.9,0,76.9,5,18.6,5,3,5
67561099999,"NDOLA SIMON MWANSA KAWEPEWE INTERNATIONAL, ZA",-12.9833333,28.65,1270.1,1/8/1983,63.4,4,10010,,999.9,,75.4,*,62.4, ,11.1,,0,H,9999.9,0,999.9,,999.9,0,72.5,4,14.8,4,6.3,4
67561099999,"NDOLA SIMON MWANSA KAWEPEWE INTERNATIONAL, ZA",-12.9833333,28.65,1270.1,1/9/1983,65,5,10010,,999.9,,81.9, ,61.7, ,7,,0.08,G,9999.9,0,999.9,,999.9,0,70.4,5,17.4,5,3.4,5
67561099999,"NDOLA SIMON MWANSA KAWEPEWE INTERNATIONAL, ZA",-12.9833333,28.65,1270.1,1/10/1983,63,5,0,,999.9,,84.7, ,58.5, ,7,,0.31,G,9999.9,0,999.9,,999.9,0,72.9,5,18.6,5,1.7,4
67561099999,"NDOLA SIMON MWANSA KAWEPEWE INTERNATIONAL, ZA",-12.9833333,28.65,1270.1,1/11/1983,62.3,5,0,,999.9,,83.5,*,61.7, ,8.9,,0.04,G,9999.9,0,999.9,,999.9,0,71.5,5,22.4,5,2.8,5
67561099999,"NDOLA SIMON MWANSA KAWEPEWE INTERNATIONAL, ZA",-12.9833333,28.65,1270.1,1/12/1983,64.7,4,0,,999.9,,86.9, ,63.5, ,9.9,,0.24,G,9999.9,0,999.9,,999.9,0,76.3,4,17.9,4,6.2,4
67561099999,"NDOLA SIMON MWANSA KAWEPEWE INTERNATIONAL, ZA",-12.9833333,28.65,1270.1,1/14/1983,64.6,4,10010,,999.9,,83.3, ,62.1, ,5.1,,0.12,G,9999.9,0,999.9,,999.9,0,72.1,4,15.5,4,2.3,4
67561099999,"NDOLA SIMON MWANSA KAWEPEWE INTERNATIONAL, ZA",-12.9833333,28.65,1270.1,1/15/1983,64.6,4,10000,,999.9,,82,*,64.6, ,5.1,,0.71,G,9999.9,0,999.9,,999.9,0,69.9,4,12.6,4,1.3,4
67561099999,"NDOLA SIMON MWANSA KAWEPEWE INTERNATIONAL, ZA",-12.9833333,28.65,1270.1,1/17/1983,65.3,5,10010,,999.9,,83.5, ,64.8, ,4.1,,0,G,9999.9,0,999.9,,999.9,0,73.3,5,14.3,5,2.6,5
67561099999,"NDOLA SIMON MWANSA KAWEPEWE INTERNATIONAL, ZA",-12.9833333,28.65,1270.1,1/18/1983,65.3,5,10010,,999.9,,83.5, ,62.8, ,9.9,,1.06,G,9999.9,0,999.9,,999.9,0,72.1,5,13.4,5,3.2,5
67561099999,"NDOLA SIMON MWANSA KAWEPEWE INTERNATIONAL, ZA",-12.9833333,28.65,1270.1,1/19/1983,65.8,7,110010,,999.9,,84.2, ,65.3, ,999.9,,0,G,9999.9,0,999.9,,999.9,0,71.4,7,15.6,7,0,7
67561099999,"NDOLA SIMON MWANSA KAWEPEWE INTERNATIONAL, ZA",-12.9833333,28.65,1270.1,1/20/1983,65.5,8,10,,999.9,,84.2, ,65.5, ,7,,0,A,9999.9,0,999.9,,999.9,0,71.9,8,12.4,8,1.6,8
67561099999,"NDOLA SIMON MWANSA KAWEPEWE INTERNATIONAL, ZA",-12.9833333,28.65,1270.1,1/21/1983,65.4,7,110010,,999.9,,84.6,*,65.8, ,8.9,,0,G,9999.9,0,999.9,,999.9,0,73.1,7,11.5,7,3.1,6
67561099999,"NDOLA SIMON MWANSA KAWEPEWE INTERNATIONAL, ZA",-12.9833333,28.65,1270.1,1/22/1983,65,5,10000,,999.9,,74.5,*,64.2, ,9.9,,0.59,G,9999.9,0,999.9,,999.9,0,68.1,5,11.3,5,3,5
67561099999,"NDOLA SIMON MWANSA KAWEPEWE INTERNATIONAL, ZA",-12.9833333,28.65,1270.1,1/23/1983,9999.9,0,10010,,999.9,,79.2, ,53.6,*,6,,0,G,9999.9,0,999.9,,999.9,0,64.8,4,14,4,2.2,4
67561099999,"NDOLA SIMON MWANSA KAWEPEWE INTERNATIONAL, ZA",-12.9833333,28.65,1270.1,1/24/1983,9999.9,0,10,,999.9,,83.3, ,64.4, ,8,,0.08,G,9999.9,0,999.9,,999.9,0,73.5,4,14.8,4,4.8,4
67561099999,"NDOLA SIMON MWANSA KAWEPEWE INTERNATIONAL, ZA",-12.9833333,28.65,1270.1,1/25/1983,65.4,5,10010,,999.9,,81.5, ,65.5,*,5.1,,0,G,9999.9,0,999.9,,999.9,0,73.4,5,16.8,5,3.5,4
67561099999,"NDOLA SIMON MWANSA KAWEPEWE INTERNATIONAL, ZA",-12.9833333,28.65,1270.1,1/26/1983,65.7,6,10010,,999.9,,83.1, ,64.4,*,5.1,,1.89,G,9999.9,0,999.9,,999.9,0,73.4,6,15.5,6,3.2,6
67561099999,"NDOLA SIMON MWANSA KAWEPEWE INTERNATIONAL, ZA",-12.9833333,28.65,1270.1,1/27/1983,63.4,4,10010,,999.9,,77.5, ,64,*,6,,0,G,9999.9,0,999.9,,999.9,0,68.9,4,10.6,4,1.7,4
67561099999,"NDOLA SIMON MWANSA KAWEPEWE INTERNATIONAL, ZA",-12.9833333,28.65,1270.1,1/29/1983,64.4,4,10,,999.9,,81.5, ,65.3,*,8.9,,0,I,9999.9,0,999.9,,999.9,0,71.3,4,14.8,4,4.8,4
67561099999,"NDOLA SIMON MWANSA KAWEPEWE INTERNATIONAL, ZA",-12.9833333,28.65,1270.1,1/30/1983,63.5,5,100000,,999.9,,80.1,*,61, ,5.1,,0,G,9999.9,0,999.9,,999.9,0,70.1,5,13.4,5,2,5
67561099999,"NDOLA SIMON MWANSA KAWEPEWE INTERNATIONAL, ZA",-12.9833333,28.65,1270.1,1/31/1983,64.3,5,0,,999.9,,83.8, ,63.1, ,6,,0.2,G,9999.9,0,999.9,,999.9,0,71.9,5,18.6,5,3.6,5
67561099999,"NDOLA SIMON MWANSA KAWEPEWE INTERNATIONAL, ZA",-12.9833333,28.65,1270.1,2/2/1983,62.7,4,0,,999.9,,84.7, ,62.8, ,5.1,,0,G,9999.9,0,999.9,,999.9,0,72.1,5,18,5,2.6,5
67561099999,"NDOLA SIMON MWANSA KAWEPEWE INTERNATIONAL, ZA",-12.9833333,28.65,1270.1,2/3/1983,64.4,5,0,,999.9,,87.6, ,61.9, ,6,,0,A,9999.9,0,999.9,,999.9,0,75.9,5,18.6,5,3.2,5
67561099999,"NDOLA SIMON MWANSA KAWEPEWE INTERNATIONAL, ZA",-12.9833333,28.65,1270.1,2/4/1983,65.7,6,10000,,999.9,,82.8, ,64.2, ,4.1,,0,H,9999.9,0,999.9,,999.9,0,69.2,6,16.6,6,0.7,6
67561099999,"NDOLA SIMON MWANSA KAWEPEWE INTERNATIONAL, ZA",-12.9833333,28.65,1270.1,2/5/1983,65,5,100000,,999.9,,83.8, ,65.1, ,8.9,,0.51,G,9999.9,0,999.9,,999.9,0,74.3,5,14.8,5,2.4,5
67561099999,"NDOLA SIMON MWANSA KAWEPEWE INTERNATIONAL, ZA",-12.9833333,28.65,1270.1,2/6/1983,63.9,6,10000,,999.9,,78.6, ,64.4, ,6,,0.94,G,9999.9,0,999.9,,999.9,0,68.9,6,13.5,6,2.5,6
67561099999,"NDOLA SIMON MWANSA KAWEPEWE INTERNATIONAL, ZA",-12.9833333,28.65,1270.1,2/20/1983,58.5,4,0,,999.9,,84.2,*,58.5, ,5.1,,0,A,9999.9,0,999.9,,999.9,0,79.3,4,17.1,4,3.3,4
67561099999,"NDOLA SIMON MWANSA KAWEPEWE INTERNATIONAL, ZA",-12.9833333,28.65,1270.1,2/21/1983,62.9,7,0,,999.9,,84.9, ,62.1, ,8,,0,A,9999.9,0,999.9,,999.9,0,72.5,7,18.6,7,4.1,7
67561099999,"NDOLA SIMON MWANSA KAWEPEWE INTERNATIONAL, ZA",-12.9833333,28.65,1270.1,2/22/1983,60.5,5,0,,999.9,,86.7, ,62.8, ,9.9,,0,A,9999.9,0,999.9,,999.9,0,79.2,5,18.6,5,4,5
67561099999,"NDOLA SIMON MWANSA KAWEPEWE INTERNATIONAL, ZA",-12.9833333,28.65,1270.1,2/23/1983,57.6,5,0,,999.9,,88.2, ,59.9, ,2.9,,0,A,9999.9,0,999.9,,999.9,0,79.5,5,16.8,5,1.7,5
67561099999,"NDOLA SIMON MWANSA KAWEPEWE INTERNATIONAL, ZA",-12.9833333,28.65,1270.1,2/24/1983,58.1,4,0,,999.9,,87.3, ,58.6, ,7,,0,A,9999.9,0,999.9,,999.9,0,70.8,4,18.6,4,3.7,4
67561099999,"NDOLA SIMON MWANSA KAWEPEWE INTERNATIONAL, ZA",-12.9833333,28.65,1270.1,2/27/1983,58.1,4,0,,999.9,,87.6, ,66.7, ,7,,0,A,9999.9,0,999.9,,999.9,0,79.2,4,17.1,4,3.5,4
67561099999,"NDOLA SIMON MWANSA KAWEPEWE INTERNATIONAL, ZA",-12.9833333,28.65,1270.1,3/1/1983,58.5,5,0,,999.9,,83.8, ,60.4, ,9.9,,0,A,9999.9,0,999.9,,999.9,0,72.8,5,18.6,5,5.2,5
67561099999,"NDOLA SIMON MWANSA KAWEPEWE INTERNATIONAL, ZA",-12.9833333,28.65,1270.1,3/2/1983,60.4,4,10000,,999.9,,79.7,*,59.2, ,8.9,,0,H,9999.9,0,999.9,,999.9,0,75.6,4,19.4,4,7,4
67561099999,"NDOLA SIMON MWANSA KAWEPEWE INTERNATIONAL, ZA",-12.9833333,28.65,1270.1,3/3/1983,64.5,6,10010,,999.9,,78.6,*,64.9, ,8,,0.08,G,9999.9,0,999.9,,999.9,0,71.8,6,15.3,6,4,6
67561099999,"NDOLA SIMON MWANSA KAWEPEWE INTERNATIONAL, ZA",-12.9833333,28.65,1270.1,3/4/1983,64.7,5,10010,,999.9,,81.7,*,62.6, ,8,,0.01,G,9999.9,0,999.9,,999.9,0,71.4,5,15.5,5,2.4,5
67561099999,"NDOLA SIMON MWANSA KAWEPEWE INTERNATIONAL, ZA",-12.9833333,28.65,1270.1,3/7/1983,65.5,5,10010,,999.9,,79.5,*,66.4, ,5.1,,0,G,9999.9,0,999.9,,999.9,0,70.8,5,14.3,5,2,5
67561099999,"NDOLA SIMON MWANSA KAWEPEWE INTERNATIONAL, ZA",-12.9833333,28.65,1270.1,3/10/1983,64.7,5,10010,,999.9,,80.8, ,64.4, ,5.1,,0.24,G,9999.9,0,999.9,,999.9,0,68.9,5,11.8,5,4,5
67561099999,"NDOLA SIMON MWANSA KAWEPEWE INTERNATIONAL, ZA",-12.9833333,28.65,1270.1,3/11/1983,64.6,5,10010,,999.9,,79,*,64.4, ,8,,0.04,G,9999.9,0,999.9,,999.9,0,69.1,5,18,5,3.4,5
67561099999,"NDOLA SIMON MWANSA KAWEPEWE INTERNATIONAL, ZA",-12.9833333,28.65,1270.1,3/13/1983,62.7,5,0,,999.9,,83.8, ,64.2, ,9.9,,0,A,9999.9,0,999.9,,999.9,0,76.2,5,18.6,5,5.2,5
67561099999,"NDOLA SIMON MWANSA KAWEPEWE INTERNATIONAL, ZA",-12.9833333,28.65,1270.1,3/15/1983,64,4,10000,,999.9,,83.5,*,61.2, ,7,,0,H,9999.9,0,999.9,,999.9,0,76.5,4,18.6,4,4.8,4
67561099999,"NDOLA SIMON MWANSA KAWEPEWE INTERNATIONAL, ZA",-12.9833333,28.65,1270.1,3/17/1983,56.3,4,0,,999.9,,83.3, ,58.5, ,8,,0,A,9999.9,0,999.9,,999.9,0,76,4,18.6,4,6,4
67561099999,"NDOLA SIMON MWANSA KAWEPEWE INTERNATIONAL, ZA",-12.9833333,28.65,1270.1,3/19/1983,65.1,5,10,,999.9,,83.3, ,63.3, ,5.1,,0,A,9999.9,0,999.9,,999.9,0,74.5,5,18,5,1,5
67561099999,"NDOLA SIMON MWANSA KAWEPEWE INTERNATIONAL, ZA",-12.9833333,28.65,1270.1,3/21/1983,64.6,4,10010,,999.9,,86.2, ,64.4,*,8,,99.99, ,9999.9,0,999.9,,999.9,0,75.3,4,15.5,4,4,4
67561099999,"NDOLA SIMON MWANSA KAWEPEWE INTERNATIONAL, ZA",-12.9833333,28.65,1270.1,3/23/1983,64,4,10,,999.9,,85.5,*,64.4, ,5.1,,0.01,G,9999.9,0,999.9,,999.9,0,79,4,18.6,4,4,4
67561099999,"NDOLA SIMON MWANSA KAWEPEWE INTERNATIONAL, ZA",-12.9833333,28.65,1270.1,3/27/1983,62.8,4,0,,999.9,,84.9,*,62.2, ,9.9,,0,A,9999.9,0,999.9,,999.9,0,80.2,4,21.7,4,8.4,4
67561099999,"NDOLA SIMON MWANSA KAWEPEWE INTERNATIONAL, ZA",-12.9833333,28.65,1270.1,3/30/1983,57.1,4,0,,999.9,,84.9, ,56.3, ,6,,0,A,9999.9,0,999.9,,999.9,0,70.7,4,17.9,4,2.5,4
67561099999,"NDOLA SIMON MWANSA KAWEPEWE INTERNATIONAL, ZA",-12.9833333,28.65,1270.1,3/31/1983,58.8,5,0,,999.9,,81.5,*,58.3, ,4.1,,0,A,9999.9,0,999.9,,999.9,0,69.3,5,17.4,5,1.8,5
67561099999,"NDOLA SIMON MWANSA KAWEPEWE INTERNATIONAL, ZA",-12.9833333,28.65,1270.1,4/1/1983,58.2,4,0,,999.9,,84.7, ,59.7, ,8,,0,A,9999.9,0,999.9,,999.9,0,75.4,4,18.6,4,6.3,4
67561099999,"NDOLA SIMON MWANSA KAWEPEWE INTERNATIONAL, ZA",-12.9833333,28.65,1270.1,4/6/1983,61.9,4,10,,999.9,,84.9, ,62.1, ,7,,1.18,G,9999.9,0,999.9,,999.9,0,76.1,4,18.6,4,5,4
67561099999,"NDOLA SIMON MWANSA KAWEPEWE INTERNATIONAL, ZA",-12.9833333,28.65,1270.1,4/7/1983,65.3,4,10010,,999.9,,76.8, ,65.7, ,4.1,,0.16,G,9999.9,0,999.9,,999.9,0,70.4,4,15.2,4,2,4
67561099999,"NDOLA SIMON MWANSA KAWEPEWE INTERNATIONAL, ZA",-12.9833333,28.65,1270.1,4/10/1983,63.5,4,10010,,999.9,,85.3, ,64.4, ,9.9,,0,H,9999.9,0,999.9,,999.9,0,73.2,4,15.5,4,4,4
67561099999,"NDOLA SIMON MWANSA KAWEPEWE INTERNATIONAL, ZA",-12.9833333,28.65,1270.1,4/11/1983,62.8,4,0,,999.9,,83.7,*,61.3, ,8,,0.24,G,9999.9,0,999.9,,999.9,0,78.7,4,18.6,4,3.5,4
67561099999,"NDOLA SIMON MWANSA KAWEPEWE INTERNATIONAL, ZA",-12.9833333,28.65,1270.1,4/12/1983,63,7,0,,999.9,,85.3, ,62.1, ,9.9,,0,G,9999.9,0,999.9,,999.9,0,74.3,7,18.6,7,3.4,7
67561099999,"NDOLA SIMON MWANSA KAWEPEWE INTERNATIONAL, ZA",-12.9833333,28.65,1270.1,4/13/1983,62.7,4,0,,999.9,,85.8, ,64.4, ,5.1,,0,A,9999.9,0,999.9,,999.9,0,77.2,4,18.6,4,2.8,4
67561099999,"NDOLA SIMON MWANSA KAWEPEWE INTERNATIONAL, ZA",-12.9833333,28.65,1270.1,4/14/1983,61.6,5,0,,999.9,,84.7,*,61.5, ,7,,0,A,9999.9,0,999.9,,999.9,0,76.7,5,18.6,5,4.2,5
67561099999,"NDOLA SIMON MWANSA KAWEPEWE INTERNATIONAL, ZA",-12.9833333,28.65,1270.1,4/15/1983,61.4,4,0,,999.9,,86.9, ,75.2,*,7,,0,I,9999.9,0,999.9,,999.9,0,81.5,4,18.6,4,4.5,4
67561099999,"NDOLA SIMON MWANSA KAWEPEWE INTERNATIONAL, ZA",-12.9833333,28.65,1270.1,4/16/1983,61.3,4,0,,999.9,,85.6, ,59.9, ,8,,0,A,9999.9,0,999.9,,999.9,0,76.8,4,18.6,4,6.3,4
67561099999,"NDOLA SIMON MWANSA KAWEPEWE INTERNATIONAL, ZA",-12.9833333,28.65,1270.1,4/17/1983,59.2,5,0,,999.9,,83.7,*,59.4, ,5.1,,0,B,9999.9,0,999.9,,999.9,0,76.2,5,18.6,5,3.6,5
67561099999,"NDOLA SIMON MWANSA KAWEPEWE INTERNATIONAL, ZA",-12.9833333,28.65,1270.1,4/18/1983,54,6,0,,999.9,,86, ,56.1, ,6,,0,B,9999.9,0,999.9,,999.9,0,74.9,6,15.5,6,2.2,6
67561099999,"NDOLA SIMON MWANSA KAWEPEWE INTERNATIONAL, ZA",-12.9833333,28.65,1270.1,4/20/1983,57.1,4,0,,999.9,,84.6, ,61.5, ,12,,0,A,9999.9,0,999.9,,999.9,0,74.5,4,18.6,4,9.3,4
67561099999,"NDOLA SIMON MWANSA KAWEPEWE INTERNATIONAL, ZA",-12.9833333,28.65,1270.1,4/21/1983,56.8,5,0,,999.9,,77.7,*,57.7, ,8,,0,A,9999.9,0,999.9,,999.9,0,67.7,5,16.2,5,4.8,5
67561099999,"NDOLA SIMON MWANSA KAWEPEWE INTERNATIONAL, ZA",-12.9833333,28.65,1270.1,4/22/1983,52.3,4,0,,999.9,,82.6, ,52.7, ,4.1,,0,A,9999.9,0,999.9,,999.9,0,71.6,4,15.5,4,1,4
67561099999,"NDOLA SIMON MWANSA KAWEPEWE INTERNATIONAL, ZA",-12.9833333,28.65,1270.1,4/23/1983,52.3,4,0,,999.9,,81,*,50.4, ,2.9,,0,A,9999.9,0,999.9,,999.9,0,68.6,4,15.2,4,1.5,4
67561099999,"NDOLA SIMON MWANSA KAWEPEWE INTERNATIONAL, ZA",-12.9833333,28.65,1270.1,4/24/1983,51.7,4,0,,999.9,,80.2,*,53.8, ,7,,0,A,9999.9,0,999.9,,999.9,0,75.2,4,18.6,4,4.3,4
67561099999,"NDOLA SIMON MWANSA KAWEPEWE INTERNATIONAL, ZA",-12.9833333,28.65,1270.1,4/25/1983,56.7,4,0,,999.9,,80.2,*,56.5, ,13,,0,A,9999.9,0,999.9,,999.9,0,75.7,4,18.6,4,9.7,4
67561099999,"NDOLA SIMON MWANSA KAWEPEWE INTERNATIONAL, ZA",-12.9833333,28.65,1270.1,4/26/1983,59.4,4,0,,999.9,,80.8, ,60.1, ,12,,0,A,9999.9,0,999.9,,999.9,0,71,4,18.6,4,7.8,4
67561099999,"NDOLA SIMON MWANSA KAWEPEWE INTERNATIONAL, ZA",-12.9833333,28.65,1270.1,4/29/1983,61.3,4,0,,999.9,,78.8,*,62.2, ,6,,0,I,9999.9,0,999.9,,999.9,0,71.4,4,18.6,4,2.5,4
67561099999,"NDOLA SIMON MWANSA KAWEPEWE INTERNATIONAL, ZA",-12.9833333,28.65,1270.1,4/30/1983,60.6,7,0,,999.9,,85.1, ,58.6, ,12,,0,A,9999.9,0,999.9,,999.9,0,71.6,7,18.5,7,4.3,7
67561099999,"NDOLA SIMON MWANSA KAWEPEWE INTERNATIONAL, ZA",-12.9833333,28.65,1270.1,5/1/1983,58.6,5,0,,999.9,,83.3,*,58.3, ,8,,0,A,9999.9,0,999.9,,999.9,0,73.3,5,18.6,5,4.8,5
67561099999,"NDOLA SIMON MWANSA KAWEPEWE INTERNATIONAL, ZA",-12.9833333,28.65,1270.1,5/2/1983,58.8,4,0,,999.9,,77.4,*,59.4, ,12,,0,A,9999.9,0,999.9,,999.9,0,66.7,4,18.6,4,7.2,4
67561099999,"NDOLA SIMON MWANSA KAWEPEWE INTERNATIONAL, ZA",-12.9833333,28.65,1270.1,5/4/1983,58.8,5,0,,999.9,,82.8, ,60.3, ,8.9,,0,A,9999.9,0,999.9,,999.9,0,74.1,5,17.4,5,5.2,5
67561099999,"NDOLA SIMON MWANSA KAWEPEWE INTERNATIONAL, ZA",-12.9833333,28.65,1270.1,5/5/1983,57.3,5,0,,999.9,,72.9,*,57.7, ,11.1,,0,A,9999.9,0,999.9,,999.9,0,67.5,5,18.6,5,5.2,5
67561099999,"NDOLA SIMON MWANSA KAWEPEWE INTERNATIONAL, ZA",-12.9833333,28.65,1270.1,5/6/1983,55.7,5,10000,,999.9,,72.9, ,59, ,7,,0,H,9999.9,0,999.9,,999.9,0,67.8,5,18.6,5,4.8,5
67561099999,"NDOLA SIMON MWANSA KAWEPEWE INTERNATIONAL, ZA",-12.9833333,28.65,1270.1,5/7/1983,55.3,4,0,,999.9,,80.2, ,69.3,*,8,,0,I,9999.9,0,999.9,,999.9,0,74.4,4,18.6,4,3.7,4
67561099999,"NDOLA SIMON MWANSA KAWEPEWE INTERNATIONAL, ZA",-12.9833333,28.65,1270.1,5/8/1983,57.5,4,0,,999.9,,82.2, ,54.5, ,7,,0,A,9999.9,0,999.9,,999.9,0,71.5,4,16.3,4,4.3,4
67561099999,"NDOLA SIMON MWANSA KAWEPEWE INTERNATIONAL, ZA",-12.9833333,28.65,1270.1,5/11/1983,59.7,5,10000,,999.9,,82.8,*,58.6,*,11.1,,99.99, ,9999.9,0,999.9,,999.9,0,70.8,5,18.6,5,5,5
67561099999,"NDOLA SIMON MWANSA KAWEPEWE INTERNATIONAL, ZA",-12.9833333,28.65,1270.1,5/12/1983,58.8,4,0,,999.9,,79.7,*,62.8, ,20,,0,G,9999.9,0,999.9,,999.9,0,75.5,4,18.6,4,14.7,4
67561099999,"NDOLA SIMON MWANSA KAWEPEWE INTERNATIONAL, ZA",-12.9833333,28.65,1270.1,5/13/1983,57,5,0,,999.9,,76.1,*,57.7, ,18.1,,0,A,9999.9,0,999.9,,999.9,0,67.2,5,18,5,8.4,5
67561099999,"NDOLA SIMON MWANSA KAWEPEWE INTERNATIONAL, ZA",-12.9833333,28.65,1270.1,5/14/1983,54.1,4,0,,999.9,,81,*,52.9, ,12,,0,A,9999.9,0,999.9,,999.9,0,74.3,4,17.9,4,7,4
67561099999,"NDOLA SIMON MWANSA KAWEPEWE INTERNATIONAL, ZA",-12.9833333,28.65,1270.1,5/16/1983,53.8,4,0,,999.9,,84.2,*,55.6, ,8.9,,0,A,9999.9,0,999.9,,999.9,0,77.2,4,17.1,4,5.5,4
67561099999,"NDOLA SIMON MWANSA KAWEPEWE INTERNATIONAL, ZA",-12.9833333,28.65,1270.1,5/17/1983,53.6,4,0,,999.9,,84, ,66.7,*,9.9,,0,I,9999.9,0,999.9,,999.9,0,77,4,18.6,4,6.5,4
67561099999,"NDOLA SIMON MWANSA KAWEPEWE INTERNATIONAL, ZA",-12.9833333,28.65,1270.1,5/18/1983,53,5,100000,,999.9,,84.2, ,53.4, ,13,,0,A,9999.9,0,999.9,,999.9,0,72.8,5,16.8,5,7.8,5
67561099999,"NDOLA SIMON MWANSA KAWEPEWE INTERNATIONAL, ZA",-12.9833333,28.65,1270.1,5/19/1983,52.2,4,0,,999.9,,80.1,*,52.3, ,7,,0,A,9999.9,0,999.9,,999.9,0,74.5,4,17.1,4,5.5,4
67561099999,"NDOLA SIMON MWANSA KAWEPEWE INTERNATIONAL, ZA",-12.9833333,28.65,1270.1,5/21/1983,54.7,5,0,,999.9,,82.8,*,51.1, ,7,,0,A,9999.9,0,999.9,,999.9,0,74.7,5,16.2,5,2.2,5
67561099999,"NDOLA SIMON MWANSA KAWEPEWE INTERNATIONAL, ZA",-12.9833333,28.65,1270.1,5/22/1983,51.2,6,0,,999.9,,84,*,50.7, ,7,,0,I,9999.9,0,999.9,,999.9,0,68.7,6,18.6,4,1.4,5
67561099999,"NDOLA SIMON MWANSA KAWEPEWE INTERNATIONAL, ZA",-12.9833333,28.65,1270.1,5/29/1983,47.8,4,0,,999.9,,82.6,*,51.3, ,999.9,,0,A,9999.9,0,999.9,,999.9,0,75.6,4,11.8,4,999.9,0
67561099999,"NDOLA SIMON MWANSA KAWEPEWE INTERNATIONAL, ZA",-12.9833333,28.65,1270.1,5/31/1983,45.5,4,0,,999.9,,82.6,*,51.4, ,13,,0,A,9999.9,0,999.9,,999.9,0,76.1,4,11.8,4,5.8,4
67561099999,"NDOLA SIMON MWANSA KAWEPEWE INTERNATIONAL, ZA",-12.9833333,28.65,1270.1,6/1/1983,54.9,5,0,,999.9,,77,*,54, ,14,,0,A,9999.9,0,999.9,,999.9,0,65.5,5,13,5,5,5
67561099999,"NDOLA SIMON MWANSA KAWEPEWE INTERNATIONAL, ZA",-12.9833333,28.65,1270.1,6/2/1983,52.1,5,0,,999.9,,81.1, ,50.9, ,9.9,,0,A,9999.9,0,999.9,,999.9,0,71.5,5,15.5,5,5.6,5
67561099999,"NDOLA SIMON MWANSA KAWEPEWE INTERNATIONAL, ZA",-12.9833333,28.65,1270.1,6/3/1983,51.2,5,0,,999.9,,81.7, ,60.6,*,7,,0,A,9999.9,0,999.9,,999.9,0,72.2,5,13.2,5,4.2,5
67561099999,"NDOLA SIMON MWANSA KAWEPEWE INTERNATIONAL, ZA",-12.9833333,28.65,1270.1,6/4/1983,53.6,4,0,,999.9,,79.7, ,52.9, ,13,,0,A,9999.9,0,999.9,,999.9,0,70.7,4,13,4,5.5,4
67561099999,"NDOLA SIMON MWANSA KAWEPEWE INTERNATIONAL, ZA",-12.9833333,28.65,1270.1,6/5/1983,52.2,4,0,,999.9,,82.2, ,52.7, ,11.1,,0,A,9999.9,0,999.9,,999.9,0,69.4,4,14.8,4,4.5,4
67561099999,"NDOLA SIMON MWANSA KAWEPEWE INTERNATIONAL, ZA",-12.9833333,28.65,1270.1,6/6/1983,51.3,5,0,,999.9,,83.1,*,50.4, ,6,,0,A,9999.9,0,999.9,,999.9,0,74.1,5,13.4,5,4.6,5
67561099999,"NDOLA SIMON MWANSA KAWEPEWE INTERNATIONAL, ZA",-12.9833333,28.65,1270.1,6/8/1983,51.3,4,0,,999.9,,80.1,*,52.3, ,8.9,,0,A,9999.9,0,999.9,,999.9,0,73,4,13.2,4,5.2,4
67561099999,"NDOLA SIMON MWANSA KAWEPEWE INTERNATIONAL, ZA",-12.9833333,28.65,1270.1,6/10/1983,50,5,0,,999.9,,81.5, ,48.9, ,999.9,,0,A,9999.9,0,999.9,,999.9,0,61.2,5,13.2,5,0,5
67561099999,"NDOLA SIMON MWANSA KAWEPEWE INTERNATIONAL, ZA",-12.9833333,28.65,1270.1,6/14/1983,49.1,5,0,,999.9,,81, ,47.7, ,8,,0,A,9999.9,0,999.9,,999.9,0,70.2,5,11.9,5,5.8,5
67561099999,"NDOLA SIMON MWANSA KAWEPEWE INTERNATIONAL, ZA",-12.9833333,28.65,1270.1,6/15/1983,49.7,4,0,,999.9,,79.9,*,50.9, ,11.1,,0,A,9999.9,0,999.9,,999.9,0,73,4,14,4,6.8,4
67561099999,"NDOLA SIMON MWANSA KAWEPEWE INTERNATIONAL, ZA",-12.9833333,28.65,1270.1,6/16/1983,51.9,5,0,,999.9,,82.2, ,50.9, ,8.9,,0,A,9999.9,0,999.9,,999.9,0,72.2,5,14.3,5,5,5
67561099999,"NDOLA SIMON MWANSA KAWEPEWE INTERNATIONAL, ZA",-12.9833333,28.65,1270.1,6/17/1983,45.8,4,0,,999.9,,81.9,*,51.8, ,11.1,,0,A,9999.9,0,999.9,,999.9,0,74.7,4,14.8,4,6.8,4
67561099999,"NDOLA SIMON MWANSA KAWEPEWE INTERNATIONAL, ZA",-12.9833333,28.65,1270.1,6/19/1983,47.8,5,0,,999.9,,80.4, ,48.2, ,6,,0,A,9999.9,0,999.9,,999.9,0,71.2,5,12.8,5,5.2,5
67561099999,"NDOLA SIMON MWANSA KAWEPEWE INTERNATIONAL, ZA",-12.9833333,28.65,1270.1,6/20/1983,48,6,0,,999.9,,80.4, ,47.3, ,8,,0,A,9999.9,0,999.9,,999.9,0,66.8,6,12.2,6,4.5,6
67561099999,"NDOLA SIMON MWANSA KAWEPEWE INTERNATIONAL, ZA",-12.9833333,28.65,1270.1,6/21/1983,48.2,4,0,,999.9,,74.3,*,49.8, ,8.9,,0,A,9999.9,0,999.9,,999.9,0,68.8,4,14.4,4,6.2,4
67561099999,"NDOLA SIMON MWANSA KAWEPEWE INTERNATIONAL, ZA",-12.9833333,28.65,1270.1,6/22/1983,45.5,5,0,,999.9,,75.4,*,49.3, ,6,,0,A,9999.9,0,999.9,,999.9,0,61.7,5,14.2,5,2.6,5
67561099999,"NDOLA SIMON MWANSA KAWEPEWE INTERNATIONAL, ZA",-12.9833333,28.65,1270.1,6/23/1983,41.9,4,0,,999.9,,77,*,45.5, ,9.9,,0,A,9999.9,0,999.9,,999.9,0,69.7,4,11.3,4,3.2,4
67561099999,"NDOLA SIMON MWANSA KAWEPEWE INTERNATIONAL, ZA",-12.9833333,28.65,1270.1,6/25/1983,40.9,6,0,,999.9,,80.2, ,45.5, ,7,,0,A,9999.9,0,999.9,,999.9,0,66.2,6,7.9,6,3.2,6
67561099999,"NDOLA SIMON MWANSA KAWEPEWE INTERNATIONAL, ZA",-12.9833333,28.65,1270.1,6/26/1983,35.3,5,0,,999.9,,80.8, ,43.3, ,11.1,,0,A,9999.9,0,999.9,,999.9,0,70.7,5,11.2,5,4.4,5
67561099999,"NDOLA SIMON MWANSA KAWEPEWE INTERNATIONAL, ZA",-12.9833333,28.65,1270.1,6/27/1983,37.1,7,0,,999.9,,77.9, ,43, ,19,,0,A,9999.9,0,999.9,,999.9,0,62.6,7,5.4,6,6.9,6
67561099999,"NDOLA SIMON MWANSA KAWEPEWE INTERNATIONAL, ZA",-12.9833333,28.65,1270.1,6/29/1983,50.4,4,0,,999.9,,80.6,*,51.8, ,9.9,,0,A,9999.9,0,999.9,,999.9,0,73.4,4,17.1,4,7.4,4
67561099999,"NDOLA SIMON MWANSA KAWEPEWE INTERNATIONAL, ZA",-12.9833333,28.65,1270.1,6/30/1983,50,5,0,,999.9,,80.2, ,53.4, ,9.9,,0,A,9999.9,0,999.9,,999.9,0,69.4,5,15.5,5,6.8,5
67561099999,"NDOLA SIMON MWANSA KAWEPEWE INTERNATIONAL, ZA",-12.9833333,28.65,1270.1,7/1/1983,48.9,5,0,,999.9,,77, ,54.1, ,12,,0,A,9999.9,0,999.9,,999.9,0,69,5,16.8,5,6.8,5
67561099999,"NDOLA SIMON MWANSA KAWEPEWE INTERNATIONAL, ZA",-12.9833333,28.65,1270.1,7/3/1983,45.8,5,0,,999.9,,74.1,*,54, ,9.9,,0,A,9999.9,0,999.9,,999.9,0,66.9,5,13,5,6.4,5
67561099999,"NDOLA SIMON MWANSA KAWEPEWE INTERNATIONAL, ZA",-12.9833333,28.65,1270.1,7/4/1983,46.8,4,0,,999.9,,77,*,48.9, ,8,,0,A,9999.9,0,999.9,,999.9,0,69.7,4,14,4,4,4
67561099999,"NDOLA SIMON MWANSA KAWEPEWE INTERNATIONAL, ZA",-12.9833333,28.65,1270.1,7/5/1983,50.5,4,0,,999.9,,79.3,*,48.2, ,5.1,,0,A,9999.9,0,999.9,,999.9,0,71.8,4,11.3,4,2,4
67561099999,"NDOLA SIMON MWANSA KAWEPEWE INTERNATIONAL, ZA",-12.9833333,28.65,1270.1,7/6/1983,51.3,4,0,,999.9,,79.5,*,52.7, ,9.9,,0,A,9999.9,0,999.9,,999.9,0,70.9,4,9,4,5.7,4
67561099999,"NDOLA SIMON MWANSA KAWEPEWE INTERNATIONAL, ZA",-12.9833333,28.65,1270.1,7/7/1983,52.9,7,0,,999.9,,81.5, ,55.4, ,14,,0,A,9999.9,0,999.9,,999.9,0,68.5,7,11.5,7,7.7,7
67561099999,"NDOLA SIMON MWANSA KAWEPEWE INTERNATIONAL, ZA",-12.9833333,28.65,1270.1,7/8/1983,50.9,6,0,,999.9,,77.2,*,47.5, ,7,,0,A,9999.9,0,999.9,,999.9,0,66.8,6,13,6,2.7,6
67561099999,"NDOLA SIMON MWANSA KAWEPEWE INTERNATIONAL, ZA",-12.9833333,28.65,1270.1,7/9/1983,46.2,5,0,,999.9,,76.6,*,48, ,6,,0,A,9999.9,0,999.9,,999.9,0,66.1,5,12.8,5,3.6,5
67561099999,"NDOLA SIMON MWANSA KAWEPEWE INTERNATIONAL, ZA",-12.9833333,28.65,1270.1,7/10/1983,44.8,6,0,,999.9,,79, ,51.8,*,9.9,,0,I,9999.9,0,999.9,,999.9,0,66.1,6,13.5,6,5.6,6
67561099999,"NDOLA SIMON MWANSA KAWEPEWE INTERNATIONAL, ZA",-12.9833333,28.65,1270.1,7/11/1983,40.9,4,0,,999.9,,80.4, ,65.8,*,999.9,,0,A,9999.9,0,999.9,,999.9,0,74.3,4,14,4,999.9,0
67561099999,"NDOLA SIMON MWANSA KAWEPEWE INTERNATIONAL, ZA",-12.9833333,28.65,1270.1,7/13/1983,45.5,4,0,,999.9,,81.5,*,46.6, ,7,,0,A,9999.9,0,999.9,,999.9,0,72.3,4,6.4,4,3,4
67561099999,"NDOLA SIMON MWANSA KAWEPEWE INTERNATIONAL, ZA",-12.9833333,28.65,1270.1,7/14/1983,45.3,5,0,,999.9,,82.2, ,47.7, ,5.1,,0,A,9999.9,0,999.9,,999.9,0,71.5,5,10.4,5,2.2,5
67561099999,"NDOLA SIMON MWANSA KAWEPEWE INTERNATIONAL, ZA",-12.9833333,28.65,1270.1,7/15/1983,43.6,5,0,,999.9,,81.7,*,48.2, ,2.9,,0,A,9999.9,0,999.9,,999.9,0,64.2,5,9.1,5,1.6,5
67561099999,"NDOLA SIMON MWANSA KAWEPEWE INTERNATIONAL, ZA",-12.9833333,28.65,1270.1,7/16/1983,40.5,6,0,,999.9,,81.1,*,48.4, ,6,,0,A,9999.9,0,999.9,,999.9,0,66.3,6,6.6,6,4.4,5
67561099999,"NDOLA SIMON MWANSA KAWEPEWE INTERNATIONAL, ZA",-12.9833333,28.65,1270.1,7/17/1983,39.2,4,0,,999.9,,78.4, ,66.2,*,999.9,,0,I,9999.9,0,999.9,,999.9,0,73.4,4,9.3,4,27,4
67561099999,"NDOLA SIMON MWANSA KAWEPEWE INTERNATIONAL, ZA",-12.9833333,28.65,1270.1,7/18/1983,44.8,4,0,,999.9,,69.3,*,52.5, ,16.9,,0,A,9999.9,0,999.9,,999.9,0,66.2,4,12.4,4,12.5,4
67561099999,"NDOLA SIMON MWANSA KAWEPEWE INTERNATIONAL, ZA",-12.9833333,28.65,1270.1,7/19/1983,46.4,4,0,,999.9,,71.1,*,49.5, ,13,,0,A,9999.9,0,999.9,,999.9,0,66.5,4,18.6,4,10.5,4
67561099999,"NDOLA SIMON MWANSA KAWEPEWE INTERNATIONAL, ZA",-12.9833333,28.65,1270.1,7/20/1983,42.9,5,0,,999.9,,77.4, ,47.8, ,9.9,,0,A,9999.9,0,999.9,,999.9,0,68.3,5,17.4,5,5.6,5
67561099999,"NDOLA SIMON MWANSA KAWEPEWE INTERNATIONAL, ZA",-12.9833333,28.65,1270.1,7/21/1983,38.5,4,0,,999.9,,77.4,*,42.8, ,8,,0,A,9999.9,0,999.9,,999.9,0,68.7,4,13.4,4,5.4,4
67561099999,"NDOLA SIMON MWANSA KAWEPEWE INTERNATIONAL, ZA",-12.9833333,28.65,1270.1,7/22/1983,34.1,5,0,,999.9,,81.9, ,42.3, ,6,,0,A,9999.9,0,999.9,,999.9,0,70.5,5,13.3,5,3,5
67561099999,"NDOLA SIMON MWANSA KAWEPEWE INTERNATIONAL, ZA",-12.9833333,28.65,1270.1,7/24/1983,43.2,5,0,,999.9,,79.5, ,45, ,12,,0,I,9999.9,0,999.9,,999.9,0,70.2,5,11.4,5,8.2,5
67561099999,"NDOLA SIMON MWANSA KAWEPEWE INTERNATIONAL, ZA",-12.9833333,28.65,1270.1,7/25/1983,41.8,6,0,,999.9,,77.7,*,48.2, ,9.9,,0,A,9999.9,0,999.9,,999.9,0,65.9,6,12.4,6,4.8,6
67561099999,"NDOLA SIMON MWANSA KAWEPEWE INTERNATIONAL, ZA",-12.9833333,28.65,1270.1,7/26/1983,41.8,4,0,,999.9,,80.8, ,46.2, ,13,,0,A,9999.9,0,999.9,,999.9,0,69.8,4,9,4,5.5,4
67561099999,"NDOLA SIMON MWANSA KAWEPEWE INTERNATIONAL, ZA",-12.9833333,28.65,1270.1,7/27/1983,42.3,7,0,,999.9,,81.7,*,46, ,9.9,,0,A,9999.9,0,999.9,,999.9,0,65.7,7,8.4,7,2,7
67561099999,"NDOLA SIMON MWANSA KAWEPEWE INTERNATIONAL, ZA",-12.9833333,28.65,1270.1,7/28/1983,41.5,4,0,,999.9,,83.5,*,47.8, ,6,,0,A,9999.9,0,999.9,,999.9,0,74.8,4,12.6,4,3.8,4
67561099999,"NDOLA SIMON MWANSA KAWEPEWE INTERNATIONAL, ZA",-12.9833333,28.65,1270.1,7/29/1983,44.4,6,0,,999.9,,81.1,*,53.1, ,15,,0,A,9999.9,0,999.9,,999.9,0,68.2,6,13.5,6,7.3,6
67561099999,"NDOLA SIMON MWANSA KAWEPEWE INTERNATIONAL, ZA",-12.9833333,28.65,1270.1,7/30/1983,48.9,5,0,,999.9,,67.1,*,58.3, ,13,,0,A,9999.9,0,999.9,,999.9,0,63.2,5,14.8,5,11.2,5
67561099999,"NDOLA SIMON MWANSA KAWEPEWE INTERNATIONAL, ZA",-12.9833333,28.65,1270.1,7/31/1983,46.5,5,0,,999.9,,76.1, ,47.8, ,11.1,,0,A,9999.9,0,999.9,,999.9,0,67.1,5,18.6,5,6.6,5
67561099999,"NDOLA SIMON MWANSA KAWEPEWE INTERNATIONAL, ZA",-12.9833333,28.65,1270.1,8/1/1983,45.6,6,0,,999.9,,80.1, ,45.3, ,6,,0,A,9999.9,0,999.9,,999.9,0,62.8,6,17.6,6,2.5,6
67561099999,"NDOLA SIMON MWANSA KAWEPEWE INTERNATIONAL, ZA",-12.9833333,28.65,1270.1,8/2/1983,43.6,4,0,,999.9,,78.8,*,52.7,*,7,,0,A,9999.9,0,999.9,,999.9,0,70.2,4,14.8,4,4.5,4
67561099999,"NDOLA SIMON MWANSA KAWEPEWE INTERNATIONAL, ZA",-12.9833333,28.65,1270.1,8/3/1983,39.8,5,0,,999.9,,77.7,*,47.5, ,8.9,,0,A,9999.9,0,999.9,,999.9,0,66.1,5,11.9,5,3.8,5
67561099999,"NDOLA SIMON MWANSA KAWEPEWE INTERNATIONAL, ZA",-12.9833333,28.65,1270.1,8/4/1983,39.3,5,0,,999.9,,82.2, ,49.5, ,11.1,,0,A,9999.9,0,999.9,,999.9,0,73.1,5,11.8,5,4.2,5
67561099999,"NDOLA SIMON MWANSA KAWEPEWE INTERNATIONAL, ZA",-12.9833333,28.65,1270.1,8/5/1983,48.4,5,0,,999.9,,83.8, ,54.3, ,7,,0,I,9999.9,0,999.9,,999.9,0,73.5,5,11.8,5,4.6,5
67561099999,"NDOLA SIMON MWANSA KAWEPEWE INTERNATIONAL, ZA",-12.9833333,28.65,1270.1,8/6/1983,50.8,6,0,,999.9,,81.7,*,55.4,*,5.1,,0,A,9999.9,0,999.9,,999.9,0,68.2,6,8.7,6,2.7,6
67561099999,"NDOLA SIMON MWANSA KAWEPEWE INTERNATIONAL, ZA",-12.9833333,28.65,1270.1,8/7/1983,50.8,5,0,,999.9,,86.4, ,52, ,2.9,,0,A,9999.9,0,999.9,,999.9,0,75.2,5,5.7,5,0.6,5
67561099999,"NDOLA SIMON MWANSA KAWEPEWE INTERNATIONAL, ZA",-12.9833333,28.65,1270.1,8/9/1983,24.8,5,0,,999.9,,81, ,53.8, ,8.9,,0,A,9999.9,0,999.9,,999.9,0,71.5,5,6.3,5,5.4,5
67561099999,"NDOLA SIMON MWANSA KAWEPEWE INTERNATIONAL, ZA",-12.9833333,28.65,1270.1,8/10/1983,32.6,7,0,,999.9,,80.4, ,54.5, ,9.9,,0,A,9999.9,0,999.9,,999.9,0,66.4,7,6.5,7,7,7
67561099999,"NDOLA SIMON MWANSA KAWEPEWE INTERNATIONAL, ZA",-12.9833333,28.65,1270.1,8/11/1983,41,6,0,,999.9,,78.6, ,49.1, ,12,,0,A,9999.9,0,999.9,,999.9,0,65.4,6,11.9,6,6,6
67561099999,"NDOLA SIMON MWANSA KAWEPEWE INTERNATIONAL, ZA",-12.9833333,28.65,1270.1,8/12/1983,36.4,5,0,,999.9,,72.7,*,51.1,*,13,,0,A,9999.9,0,999.9,,999.9,0,63.5,5,15.5,5,9,5
67561099999,"NDOLA SIMON MWANSA KAWEPEWE INTERNATIONAL, ZA",-12.9833333,28.65,1270.1,8/13/1983,36.5,5,0,,999.9,,75.4, ,50.2, ,15,,0,A,9999.9,0,999.9,,999.9,0,65.8,5,18,5,9.4,5
67561099999,"NDOLA SIMON MWANSA KAWEPEWE INTERNATIONAL, ZA",-12.9833333,28.65,1270.1,8/14/1983,37.6,7,0,,999.9,,77, ,45.7, ,9.9,,0,A,9999.9,0,999.9,,999.9,0,61.9,7,16.9,7,6.5,7
67561099999,"NDOLA SIMON MWANSA KAWEPEWE INTERNATIONAL, ZA",-12.9833333,28.65,1270.1,8/15/1983,35.6,7,0,,999.9,,78.8,*,46.8,*,8.9,,0,A,9999.9,0,999.9,,999.9,0,64,7,14.6,7,3.1,7
67561099999,"NDOLA SIMON MWANSA KAWEPEWE INTERNATIONAL, ZA",-12.9833333,28.65,1270.1,8/16/1983,36.3,6,0,,999.9,,82.9, ,44.6, ,6,,0,A,9999.9,0,999.9,,999.9,0,69.5,6,7.7,6,2,6
67561099999,"NDOLA SIMON MWANSA KAWEPEWE INTERNATIONAL, ZA",-12.9833333,28.65,1270.1,8/17/1983,39.9,5,0,,999.9,,81.9,*,46.4, ,5.1,,0,A,9999.9,0,999.9,,999.9,0,68.8,5,5.7,5,2.6,5
67561099999,"NDOLA SIMON MWANSA KAWEPEWE INTERNATIONAL, ZA",-12.9833333,28.65,1270.1,8/18/1983,38.1,6,0,,999.9,,82.6,*,47.7, ,9.9,,0,A,9999.9,0,999.9,,999.9,0,66.8,6,6.6,6,3.5,6
67561099999,"NDOLA SIMON MWANSA KAWEPEWE INTERNATIONAL, ZA",-12.9833333,28.65,1270.1,8/19/1983,35.3,6,0,,999.9,,79.7, ,47.1, ,8,,0,A,9999.9,0,999.9,,999.9,0,63.9,6,8.2,6,3.7,6
67561099999,"NDOLA SIMON MWANSA KAWEPEWE INTERNATIONAL, ZA",-12.9833333,28.65,1270.1,8/20/1983,37.9,5,0,,999.9,,76.1,*,47.1, ,8.9,,0,A,9999.9,0,999.9,,999.9,0,64.8,5,7.8,5,4,5
67561099999,"NDOLA SIMON MWANSA KAWEPEWE INTERNATIONAL, ZA",-12.9833333,28.65,1270.1,8/21/1983,37.6,5,0,,999.9,,80.2, ,45.1, ,8,,0,A,9999.9,0,999.9,,999.9,0,69,5,10.7,5,3.8,5
67561099999,"NDOLA SIMON MWANSA KAWEPEWE INTERNATIONAL, ZA",-12.9833333,28.65,1270.1,8/22/1983,34.6,7,0,,999.9,,83.1, ,45.1, ,8.9,,0,A,9999.9,0,999.9,,999.9,0,66.5,7,7.9,7,3.4,7
67561099999,"NDOLA SIMON MWANSA KAWEPEWE INTERNATIONAL, ZA",-12.9833333,28.65,1270.1,8/23/1983,34.9,5,10000,,999.9,,79.2, ,48, ,18.1,,0,H,9999.9,0,999.9,,999.9,0,69.3,5,9.1,5,10,5
67561099999,"NDOLA SIMON MWANSA KAWEPEWE INTERNATIONAL, ZA",-12.9833333,28.65,1270.1,8/24/1983,43,7,0,,999.9,,74.1, ,53.8, ,14,,0,A,9999.9,0,999.9,,999.9,0,63.3,7,18.2,7,10.4,7
67561099999,"NDOLA SIMON MWANSA KAWEPEWE INTERNATIONAL, ZA",-12.9833333,28.65,1270.1,8/25/1983,46.2,6,0,,999.9,,76.6,*,46, ,13,,0,A,9999.9,0,999.9,,999.9,0,63.1,6,17.1,6,4.8,6
67561099999,"NDOLA SIMON MWANSA KAWEPEWE INTERNATIONAL, ZA",-12.9833333,28.65,1270.1,8/26/1983,48.3,6,0,,999.9,,78.1,*,49.3, ,9.9,,0,A,9999.9,0,999.9,,999.9,0,63.1,6,16.6,6,3,5
67561099999,"NDOLA SIMON MWANSA KAWEPEWE INTERNATIONAL, ZA",-12.9833333,28.65,1270.1,8/28/1983,48,6,0,,999.9,,84.6,*,52.3, ,7,,0,A,9999.9,0,999.9,,999.9,0,70.8,6,8.6,6,2.3,6
67561099999,"NDOLA SIMON MWANSA KAWEPEWE INTERNATIONAL, ZA",-12.9833333,28.65,1270.1,8/29/1983,46.9,4,0,,999.9,,85.8,*,55.4, ,11.1,,0,A,9999.9,0,999.9,,999.9,0,72.5,4,8.2,4,5.3,4
67561099999,"NDOLA SIMON MWANSA KAWEPEWE INTERNATIONAL, ZA",-12.9833333,28.65,1270.1,8/30/1983,45,5,0,,999.9,,85.1,*,62.4,*,14,,0,I,9999.9,0,999.9,,999.9,0,72.8,5,11.2,5,7,5
67561099999,"NDOLA SIMON MWANSA KAWEPEWE INTERNATIONAL, ZA",-12.9833333,28.65,1270.1,8/31/1983,34.5,5,0,,999.9,,83.5, ,53.2, ,15.9,,0,A,9999.9,0,999.9,,999.9,0,66.2,5,11.8,5,8.2,5
67561099999,"NDOLA SIMON MWANSA KAWEPEWE INTERNATIONAL, ZA",-12.9833333,28.65,1270.1,9/1/1983,37.4,4,0,,999.9,,83.5, ,71.8,*,9.9,,0,I,9999.9,0,999.9,,999.9,0,77,4,14,4,6.5,4
67561099999,"NDOLA SIMON MWANSA KAWEPEWE INTERNATIONAL, ZA",-12.9833333,28.65,1270.1,9/2/1983,42.1,6,0,,999.9,,84, ,53.6, ,12,,0,A,9999.9,0,999.9,,999.9,0,72.7,6,11.4,6,8.5,6
67561099999,"NDOLA SIMON MWANSA KAWEPEWE INTERNATIONAL, ZA",-12.9833333,28.65,1270.1,9/3/1983,41.6,5,0,,999.9,,86.2, ,53.4, ,11.1,,0,A,9999.9,0,999.9,,999.9,0,77.1,5,12.4,5,5.6,5
67561099999,"NDOLA SIMON MWANSA KAWEPEWE INTERNATIONAL, ZA",-12.9833333,28.65,1270.1,9/4/1983,43.8,4,0,,999.9,,86.9, ,51.4, ,6,,0,A,9999.9,0,999.9,,999.9,0,74.9,4,10.1,4,3,4
67561099999,"NDOLA SIMON MWANSA KAWEPEWE INTERNATIONAL, ZA",-12.9833333,28.65,1270.1,9/5/1983,38,7,0,,999.9,,86.4, ,52.3, ,13,,0,A,9999.9,0,999.9,,999.9,0,70.6,7,9.4,7,5.3,7
67561099999,"NDOLA SIMON MWANSA KAWEPEWE INTERNATIONAL, ZA",-12.9833333,28.65,1270.1,9/6/1983,36.8,4,0,,999.9,,83.7, ,55.4, ,15,,0,A,9999.9,0,999.9,,999.9,0,70.7,4,6.7,4,11,4
67561099999,"NDOLA SIMON MWANSA KAWEPEWE INTERNATIONAL, ZA",-12.9833333,28.65,1270.1,9/7/1983,40.2,5,0,,999.9,,84.2, ,57.6, ,9.9,,0,A,9999.9,0,999.9,,999.9,0,71,5,6.2,5,7.5,5
67561099999,"NDOLA SIMON MWANSA KAWEPEWE INTERNATIONAL, ZA",-12.9833333,28.65,1270.1,9/8/1983,37.6,5,0,,999.9,,83.8,*,56.5, ,6,,0,A,9999.9,0,999.9,,999.9,0,69.6,5,7.2,5,5.1,5
67561099999,"NDOLA SIMON MWANSA KAWEPEWE INTERNATIONAL, ZA",-12.9833333,28.65,1270.1,9/9/1983,37,5,0,,999.9,,85.6, ,55.8, ,12,,0,A,9999.9,0,999.9,,999.9,0,77.1,5,8.5,5,7.4,5
67561099999,"NDOLA SIMON MWANSA KAWEPEWE INTERNATIONAL, ZA",-12.9833333,28.65,1270.1,9/10/1983,41.3,5,0,,999.9,,83.1, ,56.1, ,15,,0,A,9999.9,0,999.9,,999.9,0,72.2,5,6.3,5,4.6,5
67561099999,"NDOLA SIMON MWANSA KAWEPEWE INTERNATIONAL, ZA",-12.9833333,28.65,1270.1,9/11/1983,44.5,6,0,,999.9,,84.6, ,54.1, ,9.9,,0,A,9999.9,0,999.9,,999.9,0,68.9,6,6.3,6,5.8,5
67561099999,"NDOLA SIMON MWANSA KAWEPEWE INTERNATIONAL, ZA",-12.9833333,28.65,1270.1,9/12/1983,43.8,5,0,,999.9,,88.2, ,54.3, ,6,,0,A,9999.9,0,999.9,,999.9,0,72.4,5,5.8,5,2.2,5
67561099999,"NDOLA SIMON MWANSA KAWEPEWE INTERNATIONAL, ZA",-12.9833333,28.65,1270.1,9/13/1983,45.4,6,0,,999.9,,89.2,*,53.6, ,6,,0,A,9999.9,0,999.9,,999.9,0,73.1,6,6.3,6,1.7,6
67561099999,"NDOLA SIMON MWANSA KAWEPEWE INTERNATIONAL, ZA",-12.9833333,28.65,1270.1,9/14/1983,46.3,6,0,,999.9,,92.8, ,56.5, ,9.9,,0,A,9999.9,0,999.9,,999.9,0,78.1,6,6.5,6,3.2,6
67561099999,"NDOLA SIMON MWANSA KAWEPEWE INTERNATIONAL, ZA",-12.9833333,28.65,1270.1,9/15/1983,45.6,5,0,,999.9,,92.7,*,57.6, ,4.1,,0,A,9999.9,0,999.9,,999.9,0,74.7,5,6.1,5,1,4
67561099999,"NDOLA SIMON MWANSA KAWEPEWE INTERNATIONAL, ZA",-12.9833333,28.65,1270.1,9/16/1983,36.6,4,0,,999.9,,93.7,*,59.2, ,14,,0,A,9999.9,0,999.9,,999.9,0,85.4,4,4.5,4,7.7,4
67561099999,"NDOLA SIMON MWANSA KAWEPEWE INTERNATIONAL, ZA",-12.9833333,28.65,1270.1,9/17/1983,36.3,6,0,,999.9,,92.3,*,63.7, ,12,,0,A,9999.9,0,999.9,,999.9,0,79.7,6,6.2,6,8.2,6
67561099999,"NDOLA SIMON MWANSA KAWEPEWE INTERNATIONAL, ZA",-12.9833333,28.65,1270.1,9/18/1983,33.4,7,0,,999.9,,93.6, ,59, ,15,,0,A,9999.9,0,999.9,,999.9,0,77.3,7,6.8,7,7.7,7
67561099999,"NDOLA SIMON MWANSA KAWEPEWE INTERNATIONAL, ZA",-12.9833333,28.65,1270.1,9/19/1983,33,5,0,,999.9,,92.7, ,59.4, ,14,,0,A,9999.9,0,999.9,,999.9,0,82,5,5.5,5,9.6,5
67561099999,"NDOLA SIMON MWANSA KAWEPEWE INTERNATIONAL, ZA",-12.9833333,28.65,1270.1,9/20/1983,44.3,4,0,,999.9,,89.1,*,61.3, ,9.9,,0,A,9999.9,0,999.9,,999.9,0,77,4,5.6,4,9.2,4
67561099999,"NDOLA SIMON MWANSA KAWEPEWE INTERNATIONAL, ZA",-12.9833333,28.65,1270.1,9/21/1983,40.9,6,0,,999.9,,89.6, ,58.1, ,8,,0,A,9999.9,0,999.9,,999.9,0,73.3,6,7.1,6,3,6
67561099999,"NDOLA SIMON MWANSA KAWEPEWE INTERNATIONAL, ZA",-12.9833333,28.65,1270.1,9/22/1983,9999.9,0,0,,999.9,,90.9, ,58.3, ,8.9,,0,A,9999.9,0,999.9,,999.9,0,77.8,4,8.5,4,3.5,4
67561099999,"NDOLA SIMON MWANSA KAWEPEWE INTERNATIONAL, ZA",-12.9833333,28.65,1270.1,9/23/1983,41.8,5,0,,999.9,,87.8,*,59.4, ,8.9,,0,A,9999.9,0,999.9,,999.9,0,73,5,5.7,5,4,5
67561099999,"NDOLA SIMON MWANSA KAWEPEWE INTERNATIONAL, ZA",-12.9833333,28.65,1270.1,9/24/1983,9999.9,0,0,,999.9,,91.8,*,59, ,5.1,,0,A,9999.9,0,999.9,,999.9,0,84.2,4,4.8,4,3.3,4
67561099999,"NDOLA SIMON MWANSA KAWEPEWE INTERNATIONAL, ZA",-12.9833333,28.65,1270.1,9/25/1983,42.8,7,0,,999.9,,93, ,58.1, ,12,,0,A,9999.9,0,999.9,,999.9,0,77.8,7,7.3,7,6.6,7
67561099999,"NDOLA SIMON MWANSA KAWEPEWE INTERNATIONAL, ZA",-12.9833333,28.65,1270.1,9/26/1983,44.4,7,0,,999.9,,91.4, ,61.5, ,14,,0,A,9999.9,0,999.9,,999.9,0,76.4,7,7.5,7,7.4,7
67561099999,"NDOLA SIMON MWANSA KAWEPEWE INTERNATIONAL, ZA",-12.9833333,28.65,1270.1,9/27/1983,46.5,6,0,,999.9,,87.3,*,60.3, ,18.1,,0,A,9999.9,0,999.9,,999.9,0,76.6,6,6.8,6,10.3,6
67561099999,"NDOLA SIMON MWANSA KAWEPEWE INTERNATIONAL, ZA",-12.9833333,28.65,1270.1,9/28/1983,42.8,5,0,,999.9,,89.4, ,57.6, ,13,,0,A,9999.9,0,999.9,,999.9,0,81.1,5,9.1,5,8.4,5
67561099999,"NDOLA SIMON MWANSA KAWEPEWE INTERNATIONAL, ZA",-12.9833333,28.65,1270.1,9/30/1983,45.8,6,0,,999.9,,88.7, ,59.9, ,7,,0,A,9999.9,0,999.9,,999.9,0,77.9,6,10.9,6,4.5,6
67561099999,"NDOLA SIMON MWANSA KAWEPEWE INTERNATIONAL, ZA",-12.9833333,28.65,1270.1,10/1/1983,45.2,5,0,,999.9,,90.5,*,61.7,*,8,,0,I,9999.9,0,999.9,,999.9,0,78.8,5,9.3,5,3.6,5
67561099999,"NDOLA SIMON MWANSA KAWEPEWE INTERNATIONAL, ZA",-12.9833333,28.65,1270.1,10/2/1983,50,5,0,,999.9,,93.2, ,60.8, ,7,,0,A,9999.9,0,999.9,,999.9,0,83.3,5,8.3,5,3.4,5
67561099999,"NDOLA SIMON MWANSA KAWEPEWE INTERNATIONAL, ZA",-12.9833333,28.65,1270.1,10/3/1983,44.8,6,0,,999.9,,92.3, ,61.2, ,6,,0,A,9999.9,0,999.9,,999.9,0,76.9,6,8.3,6,4.5,6
67561099999,"NDOLA SIMON MWANSA KAWEPEWE INTERNATIONAL, ZA",-12.9833333,28.65,1270.1,10/4/1983,36,7,0,,999.9,,94.1, ,61.9, ,12,,0,A,9999.9,0,999.9,,999.9,0,79.8,7,8.7,7,7.4,7
67561099999,"NDOLA SIMON MWANSA KAWEPEWE INTERNATIONAL, ZA",-12.9833333,28.65,1270.1,10/5/1983,35.8,6,0,,999.9,,87.4,*,57.9, ,12,,0,A,9999.9,0,999.9,,999.9,0,76.5,6,6,6,4.8,6
67561099999,"NDOLA SIMON MWANSA KAWEPEWE INTERNATIONAL, ZA",-12.9833333,28.65,1270.1,10/6/1983,42.1,4,0,,999.9,,87.1,*,59.4, ,14,,0,A,9999.9,0,999.9,,999.9,0,81.6,4,9.3,4,11.5,4
67561099999,"NDOLA SIMON MWANSA KAWEPEWE INTERNATIONAL, ZA",-12.9833333,28.65,1270.1,10/7/1983,37.7,5,0,,999.9,,89.1, ,60.6, ,12,,0,A,9999.9,0,999.9,,999.9,0,80.3,5,11.2,5,10.2,5
67561099999,"NDOLA SIMON MWANSA KAWEPEWE INTERNATIONAL, ZA",-12.9833333,28.65,1270.1,10/8/1983,43.8,7,0,,999.9,,88.7, ,60.3, ,12,,0,A,9999.9,0,999.9,,999.9,0,75.6,7,16,7,9.1,7
67561099999,"NDOLA SIMON MWANSA KAWEPEWE INTERNATIONAL, ZA",-12.9833333,28.65,1270.1,10/9/1983,41.3,7,0,,999.9,,92.1, ,55.2, ,12,,0,A,9999.9,0,999.9,,999.9,0,75.3,7,16.2,7,8.1,7
67561099999,"NDOLA SIMON MWANSA KAWEPEWE INTERNATIONAL, ZA",-12.9833333,28.65,1270.1,10/10/1983,38.7,5,0,,999.9,,90.7, ,57.9, ,12,,0,A,9999.9,0,999.9,,999.9,0,82.4,5,17.4,5,7.6,5
67561099999,"NDOLA SIMON MWANSA KAWEPEWE INTERNATIONAL, ZA",-12.9833333,28.65,1270.1,10/11/1983,43,6,0,,999.9,,90.7, ,59.5, ,12,,0,A,9999.9,0,999.9,,999.9,0,80.9,6,17.1,6,7.3,6
67561099999,"NDOLA SIMON MWANSA KAWEPEWE INTERNATIONAL, ZA",-12.9833333,28.65,1270.1,10/12/1983,40.7,5,0,,999.9,,91.6, ,58.5, ,12,,0,A,9999.9,0,999.9,,999.9,0,83.5,5,16.2,5,7.8,5
67561099999,"NDOLA SIMON MWANSA KAWEPEWE INTERNATIONAL, ZA",-12.9833333,28.65,1270.1,10/13/1983,45.5,6,0,,999.9,,91.6, ,57.6, ,8.9,,0,A,9999.9,0,999.9,,999.9,0,81.5,6,11.3,6,4.7,6
67561099999,"NDOLA SIMON MWANSA KAWEPEWE INTERNATIONAL, ZA",-12.9833333,28.65,1270.1,10/14/1983,46.9,5,0,,999.9,,90.1,*,62.1,*,8,,0,I,9999.9,0,999.9,,999.9,0,80.6,5,10.6,5,4.2,5
67561099999,"NDOLA SIMON MWANSA KAWEPEWE INTERNATIONAL, ZA",-12.9833333,28.65,1270.1,10/15/1983,53.6,6,10010,,999.9,,86, ,65.5, ,9.9,,0.01,G,9999.9,0,999.9,,999.9,0,72.6,6,9,6,5.7,6
67561099999,"NDOLA SIMON MWANSA KAWEPEWE INTERNATIONAL, ZA",-12.9833333,28.65,1270.1,10/16/1983,56.6,5,0,,999.9,,81.1,*,65.1, ,15,,0,G,9999.9,0,999.9,,999.9,0,74.7,5,9.9,5,10.6,5
67561099999,"NDOLA SIMON MWANSA KAWEPEWE INTERNATIONAL, ZA",-12.9833333,28.65,1270.1,10/17/1983,57.6,6,10010,,999.9,,86.4, ,63.3, ,12,,0,H,9999.9,0,999.9,,999.9,0,74,6,14.5,6,6.2,6
67561099999,"NDOLA SIMON MWANSA KAWEPEWE INTERNATIONAL, ZA",-12.9833333,28.65,1270.1,10/18/1983,9999.9,0,0,,999.9,,78.3,*,63.5, ,13,,0.01,G,9999.9,0,999.9,,999.9,0,70.6,4,14.8,4,5.5,4
67561099999,"NDOLA SIMON MWANSA KAWEPEWE INTERNATIONAL, ZA",-12.9833333,28.65,1270.1,10/19/1983,52,6,0,,999.9,,84.2,*,65.5, ,5.1,,0.02,G,9999.9,0,999.9,,999.9,0,75.9,6,17.1,6,4.2,6
67561099999,"NDOLA SIMON MWANSA KAWEPEWE INTERNATIONAL, ZA",-12.9833333,28.65,1270.1,10/20/1983,57,7,10010,,999.9,,89.1, ,67.3, ,14,,0,G,9999.9,0,999.9,,999.9,0,76.1,7,14.2,7,5.1,7
67561099999,"NDOLA SIMON MWANSA KAWEPEWE INTERNATIONAL, ZA",-12.9833333,28.65,1270.1,10/22/1983,60,5,10010,,999.9,,86.2,*,61.3, ,12,,2.2,G,9999.9,0,999.9,,999.9,0,74.1,5,13.7,5,4.4,5
67561099999,"NDOLA SIMON MWANSA KAWEPEWE INTERNATIONAL, ZA",-12.9833333,28.65,1270.1,10/23/1983,59.5,5,0,,999.9,,85.3, ,64.9, ,15,,0.24,G,9999.9,0,999.9,,999.9,0,74.9,5,16.8,5,4.2,5
67561099999,"NDOLA SIMON MWANSA KAWEPEWE INTERNATIONAL, ZA",-12.9833333,28.65,1270.1,10/24/1983,57.9,7,0,,999.9,,86.9,*,61.5, ,7,,0,G,9999.9,0,999.9,,999.9,0,75.5,7,16,7,3.3,7
67561099999,"NDOLA SIMON MWANSA KAWEPEWE INTERNATIONAL, ZA",-12.9833333,28.65,1270.1,10/27/1983,53.8,6,0,,999.9,,83.1,*,60.3, ,12,,0,A,9999.9,0,999.9,,999.9,0,73.5,6,18.6,6,6,6
67561099999,"NDOLA SIMON MWANSA KAWEPEWE INTERNATIONAL, ZA",-12.9833333,28.65,1270.1,10/28/1983,53.2,5,0,,999.9,,88.7, ,61.7, ,9.9,,0,A,9999.9,0,999.9,,999.9,0,79.6,5,18.6,5,6.2,5
67561099999,"NDOLA SIMON MWANSA KAWEPEWE INTERNATIONAL, ZA",-12.9833333,28.65,1270.1,10/29/1983,54.4,7,10010,,999.9,,85.3,*,64.2, ,11.1,,0,H,9999.9,0,999.9,,999.9,0,74.9,7,18.6,7,4.7,7
67561099999,"NDOLA SIMON MWANSA KAWEPEWE INTERNATIONAL, ZA",-12.9833333,28.65,1270.1,10/30/1983,52.2,6,0,,999.9,,87.3,*,64.8, ,12,,0,G,9999.9,0,999.9,,999.9,0,77.9,6,18.6,6,5.5,6
67561099999,"NDOLA SIMON MWANSA KAWEPEWE INTERNATIONAL, ZA",-12.9833333,28.65,1270.1,10/31/1983,48.2,5,0,,999.9,,92.8, ,63.9, ,7,,0,A,9999.9,0,999.9,,999.9,0,83,5,17.4,5,3.4,5
67561099999,"NDOLA SIMON MWANSA KAWEPEWE INTERNATIONAL, ZA",-12.9833333,28.65,1270.1,11/2/1983,51.5,7,0,,999.9,,89.8, ,52.9, ,16.9,,0,G,9999.9,0,999.9,,999.9,0,77.3,7,18.6,7,8,7
67561099999,"NDOLA SIMON MWANSA KAWEPEWE INTERNATIONAL, ZA",-12.9833333,28.65,1270.1,11/3/1983,50.9,5,0,,999.9,,89.1, ,63.7, ,13,,0.04,G,9999.9,0,999.9,,999.9,0,81.5,5,18.6,5,8,5
67561099999,"NDOLA SIMON MWANSA KAWEPEWE INTERNATIONAL, ZA",-12.9833333,28.65,1270.1,11/4/1983,51.7,5,0,,999.9,,87.6, ,74.5,*,9.9,,0,G,9999.9,0,999.9,,999.9,0,82.5,5,18.6,5,5.4,5
67561099999,"NDOLA SIMON MWANSA KAWEPEWE INTERNATIONAL, ZA",-12.9833333,28.65,1270.1,11/6/1983,44.4,7,0,,999.9,,92.7, ,63.1, ,15,,0,G,9999.9,0,999.9,,999.9,0,79.4,7,18.6,7,6.7,7
67561099999,"NDOLA SIMON MWANSA KAWEPEWE INTERNATIONAL, ZA",-12.9833333,28.65,1270.1,11/7/1983,49,5,0,,999.9,,90.9, ,62.6, ,9.9,,0,A,9999.9,0,999.9,,999.9,0,82,5,18,5,7.6,5
67561099999,"NDOLA SIMON MWANSA KAWEPEWE INTERNATIONAL, ZA",-12.9833333,28.65,1270.1,11/8/1983,49.6,6,0,,999.9,,91.8, ,64.4, ,12,,0,A,9999.9,0,999.9,,999.9,0,79.9,6,17.1,6,5.7,6
67561099999,"NDOLA SIMON MWANSA KAWEPEWE INTERNATIONAL, ZA",-12.9833333,28.65,1270.1,11/9/1983,48.4,5,0,,999.9,,91.9, ,62.6, ,6,,0,A,9999.9,0,999.9,,999.9,0,84.1,5,18,5,3.6,5
67561099999,"NDOLA SIMON MWANSA KAWEPEWE INTERNATIONAL, ZA",-12.9833333,28.65,1270.1,11/10/1983,49.8,5,0,,999.9,,93.6, ,65.1, ,12,,0,I,9999.9,0,999.9,,999.9,0,86.2,5,17.4,5,5,5
67561099999,"NDOLA SIMON MWANSA KAWEPEWE INTERNATIONAL, ZA",-12.9833333,28.65,1270.1,11/13/1983,59,4,0,,999.9,,90.7, ,64, ,6,,0.47,G,9999.9,0,999.9,,999.9,0,81.1,4,18.6,4,3.7,4
67561099999,"NDOLA SIMON MWANSA KAWEPEWE INTERNATIONAL, ZA",-12.9833333,28.65,1270.1,11/14/1983,59.2,4,10,,999.9,,88.3,*,65.8, ,9.9,,0,G,9999.9,0,999.9,,999.9,0,73.7,4,17.9,4,7.7,4
67561099999,"NDOLA SIMON MWANSA KAWEPEWE INTERNATIONAL, ZA",-12.9833333,28.65,1270.1,11/15/1983,56.7,4,0,,999.9,,88.7,*,63.1, ,8,,0,G,9999.9,0,999.9,,999.9,0,83.8,4,17.1,4,5.5,4
67561099999,"NDOLA SIMON MWANSA KAWEPEWE INTERNATIONAL, ZA",-12.9833333,28.65,1270.1,11/16/1983,56.9,5,10,,999.9,,86.7, ,68, ,6,,0,A,9999.9,0,999.9,,999.9,0,78,5,15.5,5,4.6,5
67561099999,"NDOLA SIMON MWANSA KAWEPEWE INTERNATIONAL, ZA",-12.9833333,28.65,1270.1,11/17/1983,62,4,10010,,999.9,,84.7, ,63.7, ,8,,0.94,G,9999.9,0,999.9,,999.9,0,74.3,4,17.1,4,5,4
67561099999,"NDOLA SIMON MWANSA KAWEPEWE INTERNATIONAL, ZA",-12.9833333,28.65,1270.1,11/18/1983,60.4,5,10,,999.9,,84.6,*,62.6, ,6,,0.08,G,9999.9,0,999.9,,999.9,0,73.5,5,18.6,5,3.4,5
67561099999,"NDOLA SIMON MWANSA KAWEPEWE INTERNATIONAL, ZA",-12.9833333,28.65,1270.1,11/20/1983,57.8,4,0,,999.9,,85.8,*,63.3, ,8,,0,A,9999.9,0,999.9,,999.9,0,80.6,4,17.1,4,5.5,4
67561099999,"NDOLA SIMON MWANSA KAWEPEWE INTERNATIONAL, ZA",-12.9833333,28.65,1270.1,11/23/1983,62.5,4,0,,999.9,,78.6, ,62.1, ,7,,0.94,G,9999.9,0,999.9,,999.9,0,72,4,18.6,4,3,4
67561099999,"NDOLA SIMON MWANSA KAWEPEWE INTERNATIONAL, ZA",-12.9833333,28.65,1270.1,11/24/1983,62.2,5,10,,999.9,,85.5, ,63.3, ,7,,0,G,9999.9,0,999.9,,999.9,0,76.5,5,18.6,5,4.2,5
67561099999,"NDOLA SIMON MWANSA KAWEPEWE INTERNATIONAL, ZA",-12.9833333,28.65,1270.1,11/25/1983,60.8,4,10010,,999.9,,81.7,*,63, ,8.9,,0,G,9999.9,0,999.9,,999.9,0,76.8,4,15.5,4,3.7,4
67561099999,"NDOLA SIMON MWANSA KAWEPEWE INTERNATIONAL, ZA",-12.9833333,28.65,1270.1,11/26/1983,61.7,5,10010,,999.9,,86, ,64.8, ,11.1,,0.39,G,9999.9,0,999.9,,999.9,0,73.5,5,17.4,5,4.4,5
67561099999,"NDOLA SIMON MWANSA KAWEPEWE INTERNATIONAL, ZA",-12.9833333,28.65,1270.1,11/27/1983,60.5,5,10,,999.9,,85.8, ,61.3, ,5.1,,0.16,G,9999.9,0,999.9,,999.9,0,75.6,5,18.6,5,3.8,5
67561099999,"NDOLA SIMON MWANSA KAWEPEWE INTERNATIONAL, ZA",-12.9833333,28.65,1270.1,11/28/1983,60.9,4,10010,,999.9,,79.7,*,63.1, ,5.1,,0.35,G,9999.9,0,999.9,,999.9,0,73.7,4,16.3,4,2.5,4
67561099999,"NDOLA SIMON MWANSA KAWEPEWE INTERNATIONAL, ZA",-12.9833333,28.65,1270.1,11/29/1983,62.6,5,10,,999.9,,80.2,*,63.7, ,4.1,,0.08,G,9999.9,0,999.9,,999.9,0,71.4,5,16.2,5,1.4,5
67561099999,"NDOLA SIMON MWANSA KAWEPEWE INTERNATIONAL, ZA",-12.9833333,28.65,1270.1,11/30/1983,61.3,4,0,,999.9,,77.9,*,60.1, ,999.9,,0,G,9999.9,0,999.9,,999.9,0,70.5,4,14,4,1.3,4
67561099999,"NDOLA SIMON MWANSA KAWEPEWE INTERNATIONAL, ZA",-12.9833333,28.65,1270.1,12/1/1983,59.9,4,10,,999.9,,79.7,*,63.3, ,9.9,,0,A,9999.9,0,999.9,,999.9,0,75.1,4,17.9,4,3.2,4
67561099999,"NDOLA SIMON MWANSA KAWEPEWE INTERNATIONAL, ZA",-12.9833333,28.65,1270.1,12/2/1983,60.8,5,10,,999.9,,84.7, ,63.9, ,5.1,,0,A,9999.9,0,999.9,,999.9,0,76.6,5,18,5,2.6,5
67561099999,"NDOLA SIMON MWANSA KAWEPEWE INTERNATIONAL, ZA",-12.9833333,28.65,1270.1,12/3/1983,59.1,7,10000,,999.9,,80.4, ,61.3,*,6,,0,G,9999.9,0,999.9,,999.9,0,69.4,7,18.6,7,3.4,7
67561099999,"NDOLA SIMON MWANSA KAWEPEWE INTERNATIONAL, ZA",-12.9833333,28.65,1270.1,12/4/1983,60.8,5,10010,,999.9,,87.3, ,61, ,6,,0,G,9999.9,0,999.9,,999.9,0,73.7,5,17.4,5,3.2,5
67561099999,"NDOLA SIMON MWANSA KAWEPEWE INTERNATIONAL, ZA",-12.9833333,28.65,1270.1,12/5/1983,61.8,4,10010,,999.9,,82.4,*,64.2,*,14,,0,G,9999.9,0,999.9,,999.9,0,74.5,4,15.2,4,6.8,4
67561099999,"NDOLA SIMON MWANSA KAWEPEWE INTERNATIONAL, ZA",-12.9833333,28.65,1270.1,12/6/1983,63.2,5,10000,,999.9,,82.6, ,63.9, ,8,,0.63,G,9999.9,0,999.9,,999.9,0,74.1,5,18,5,4.4,5
67561099999,"NDOLA SIMON MWANSA KAWEPEWE INTERNATIONAL, ZA",-12.9833333,28.65,1270.1,12/8/1983,60.6,5,0,,999.9,,81.9, ,62.1, ,2.9,,0.04,G,9999.9,0,999.9,,999.9,0,73.8,5,18.6,5,2.1,5
67561099999,"NDOLA SIMON MWANSA KAWEPEWE INTERNATIONAL, ZA",-12.9833333,28.65,1270.1,12/9/1983,60.6,5,10010,,999.9,,83.1, ,63.1, ,7,,0,G,9999.9,0,999.9,,999.9,0,76.1,5,18.6,5,4.2,5
67561099999,"NDOLA SIMON MWANSA KAWEPEWE INTERNATIONAL, ZA",-12.9833333,28.65,1270.1,12/10/1983,61,5,10000,,999.9,,81.7, ,62.4, ,9.9,,0.43,G,9999.9,0,999.9,,999.9,0,74,5,17.4,5,3.8,5
67561099999,"NDOLA SIMON MWANSA KAWEPEWE INTERNATIONAL, ZA",-12.9833333,28.65,1270.1,12/11/1983,62.4,7,10010,,999.9,,82.4, ,58.1, ,13,,0.59,G,9999.9,0,999.9,,999.9,0,68.6,7,14.6,7,4.3,7
67561099999,"NDOLA SIMON MWANSA KAWEPEWE INTERNATIONAL, ZA",-12.9833333,28.65,1270.1,12/12/1983,61.4,5,10,,999.9,,81, ,64, ,4.1,,0.16,G,9999.9,0,999.9,,999.9,0,73.9,5,16.8,5,1.6,5
67561099999,"NDOLA SIMON MWANSA KAWEPEWE INTERNATIONAL, ZA",-12.9833333,28.65,1270.1,12/13/1983,64.2,4,110010,,999.9,,74.7,*,66.9,*,12,,0,G,9999.9,0,999.9,,999.9,0,68.9,4,17.1,4,3.7,4
67561099999,"NDOLA SIMON MWANSA KAWEPEWE INTERNATIONAL, ZA",-12.9833333,28.65,1270.1,12/14/1983,63,5,10,,999.9,,84.9, ,62.8, ,7,,0.55,G,9999.9,0,999.9,,999.9,0,73.2,5,21.1,5,3,5
67561099999,"NDOLA SIMON MWANSA KAWEPEWE INTERNATIONAL, ZA",-12.9833333,28.65,1270.1,12/15/1983,62.9,4,10010,,999.9,,82.6, ,63.5,*,14,,0,G,9999.9,0,999.9,,999.9,0,72.9,4,10,4,5.2,4
67561099999,"NDOLA SIMON MWANSA KAWEPEWE INTERNATIONAL, ZA",-12.9833333,28.65,1270.1,12/16/1983,63,6,10010,,999.9,,81.3, ,63.3,*,8,,2.2,G,9999.9,0,999.9,,999.9,0,69.3,6,13.5,6,5.3,6
67561099999,"NDOLA SIMON MWANSA KAWEPEWE INTERNATIONAL, ZA",-12.9833333,28.65,1270.1,12/20/1983,63.2,4,10010,,999.9,,77.7,*,62.1, ,6,,1.06,G,9999.9,0,999.9,,999.9,0,71.6,4,17.1,4,2.7,4
67561099999,"NDOLA SIMON MWANSA KAWEPEWE INTERNATIONAL, ZA",-12.9833333,28.65,1270.1,12/21/1983,64.8,4,10010,,999.9,,68.7,*,65.5, ,2.9,,0,G,9999.9,0,999.9,,999.9,0,68.4,4,13.4,4,1.2,4
67561099999,"NDOLA SIMON MWANSA KAWEPEWE INTERNATIONAL, ZA",-12.9833333,28.65,1270.1,12/27/1983,62.5,4,10010,,999.9,,73.6,*,63.3, ,12,,0.71,G,9999.9,0,999.9,,999.9,0,69.8,4,11.7,4,4,4
67561099999,"NDOLA SIMON MWANSA KAWEPEWE INTERNATIONAL, ZA",-12.9833333,28.65,1270.1,12/29/1983,62.9,4,10000,,999.9,,77.5, ,64, ,8,,99.99, ,9999.9,0,999.9,,999.9,0,70.5,4,12.4,4,5,4
67561099999,"NDOLA SIMON MWANSA KAWEPEWE INTERNATIONAL, ZA",-12.9833333,28.65,1270.1,12/30/1983,64.3,4,10010,,999.9,,78.1, ,65.8,*,999.9,,99.99, ,9999.9,0,999.9,,999.9,0,69.4,4,15.5,4,0,4
67561099999,"NDOLA SIMON MWANSA KAWEPEWE INTERNATIONAL, ZA",-12.9833333,28.65,1270.1,1/2/1984,64.1,5,10000,,999.9,,81.7, ,63.3, ,7,,0.55,G,9999.9,0,999.9,,999.9,0,73.9,5,16.2,5,4,5
67561099999,"NDOLA SIMON MWANSA KAWEPEWE INTERNATIONAL, ZA",-12.9833333,28.65,1270.1,1/3/1984,63.2,6,10,,999.9,,79.2,*,65.7, ,6,,0,G,9999.9,0,999.9,,999.9,0,72.1,6,16.6,6,1.8,6
67561099999,"NDOLA SIMON MWANSA KAWEPEWE INTERNATIONAL, ZA",-12.9833333,28.65,1270.1,1/4/1984,64.3,5,10010,,999.9,,80.1, ,63.3, ,6,,0.98,G,9999.9,0,999.9,,999.9,0,70.3,5,17.4,5,2.4,5
67561099999,"NDOLA SIMON MWANSA KAWEPEWE INTERNATIONAL, ZA",-12.9833333,28.65,1270.1,1/5/1984,62.1,4,100000,,999.9,,83.7, ,62.4, ,2.9,,0.04,G,9999.9,0,999.9,,999.9,0,74.9,4,22.5,4,2.2,4
67561099999,"NDOLA SIMON MWANSA KAWEPEWE INTERNATIONAL, ZA",-12.9833333,28.65,1270.1,1/7/1984,63.1,5,10,,999.9,,82, ,64.8, ,5.1,,0,A,9999.9,0,999.9,,999.9,0,71.5,5,15.5,5,3.1,5
67561099999,"NDOLA SIMON MWANSA KAWEPEWE INTERNATIONAL, ZA",-12.9833333,28.65,1270.1,1/8/1984,62.1,7,10010,,999.9,,76.8, ,63.5, ,8,,0.59,G,9999.9,0,999.9,,999.9,0,67.1,7,15.3,7,3.3,7
67561099999,"NDOLA SIMON MWANSA KAWEPEWE INTERNATIONAL, ZA",-12.9833333,28.65,1270.1,1/10/1984,62.7,4,110000,,999.9,,79.7, ,62.1, ,5.1,,0,G,9999.9,0,999.9,,999.9,0,70.7,4,13.7,4,2.2,4
67561099999,"NDOLA SIMON MWANSA KAWEPEWE INTERNATIONAL, ZA",-12.9833333,28.65,1270.1,1/12/1984,64.2,6,10010,,999.9,,82.2, ,63.1, ,5.1,,0,G,9999.9,0,999.9,,999.9,0,72.9,6,16.6,6,1.2,6
67561099999,"NDOLA SIMON MWANSA KAWEPEWE INTERNATIONAL, ZA",-12.9833333,28.65,1270.1,1/13/1984,62.3,4,10000,,999.9,,76.3,*,64, ,4.1,,0.04,G,9999.9,0,999.9,,999.9,0,68.4,4,13.2,4,1,4
67561099999,"NDOLA SIMON MWANSA KAWEPEWE INTERNATIONAL, ZA",-12.9833333,28.65,1270.1,1/14/1984,61.6,4,10010,,999.9,,74.3,*,61.2, ,6,,1.69,G,9999.9,0,999.9,,999.9,0,70.3,4,17.9,4,4.2,4
67561099999,"NDOLA SIMON MWANSA KAWEPEWE INTERNATIONAL, ZA",-12.9833333,28.65,1270.1,1/15/1984,63.2,4,10,,999.9,,74.1,*,62.1, ,8,,0.08,G,9999.9,0,999.9,,999.9,0,70.7,4,14.8,4,3.7,4
67561099999,"NDOLA SIMON MWANSA KAWEPEWE INTERNATIONAL, ZA",-12.9833333,28.65,1270.1,1/16/1984,62.7,6,110010,,999.9,,78.3,*,62.2, ,7,,0.08,G,9999.9,0,999.9,,999.9,0,68.5,6,8.7,6,2.3,6
67561099999,"NDOLA SIMON MWANSA KAWEPEWE INTERNATIONAL, ZA",-12.9833333,28.65,1270.1,1/17/1984,60.2,5,100000,,999.9,,82, ,61.9, ,4.1,,0.2,G,9999.9,0,999.9,,999.9,0,74.4,5,13.9,5,2.2,5
67561099999,"NDOLA SIMON MWANSA KAWEPEWE INTERNATIONAL, ZA",-12.9833333,28.65,1270.1,1/18/1984,61.1,5,0,,999.9,,84.6, ,61.9, ,4.1,,0,G,9999.9,0,999.9,,999.9,0,75.7,5,17.4,5,2.8,5
67561099999,"NDOLA SIMON MWANSA KAWEPEWE INTERNATIONAL, ZA",-12.9833333,28.65,1270.1,1/20/1984,63.6,5,10010,,999.9,,79.7, ,64.4, ,7,,0,H,9999.9,0,999.9,,999.9,0,71.1,5,14.9,5,1.8,5
67561099999,"NDOLA SIMON MWANSA KAWEPEWE INTERNATIONAL, ZA",-12.9833333,28.65,1270.1,1/21/1984,62.6,6,10,,999.9,,81.9, ,61.9, ,8.9,,0.12,G,9999.9,0,999.9,,999.9,0,72,6,16.1,6,2.7,6
67561099999,"NDOLA SIMON MWANSA KAWEPEWE INTERNATIONAL, ZA",-12.9833333,28.65,1270.1,1/22/1984,61.4,5,10,,999.9,,85.1,*,59.9, ,8.9,,0,G,9999.9,0,999.9,,999.9,0,72.2,5,17.4,5,3.4,5
67561099999,"NDOLA SIMON MWANSA KAWEPEWE INTERNATIONAL, ZA",-12.9833333,28.65,1270.1,1/24/1984,61.8,4,0,,999.9,,84.6, ,61.2, ,2.9,,0.31,G,9999.9,0,999.9,,999.9,0,74.8,4,21.7,4,0.7,4
67561099999,"NDOLA SIMON MWANSA KAWEPEWE INTERNATIONAL, ZA",-12.9833333,28.65,1270.1,1/25/1984,61.6,5,0,,999.9,,80.6, ,63.7, ,7,,0,G,9999.9,0,999.9,,999.9,0,73.2,5,18.6,5,4.8,5
67561099999,"NDOLA SIMON MWANSA KAWEPEWE INTERNATIONAL, ZA",-12.9833333,28.65,1270.1,1/26/1984,61.7,6,100010,,999.9,,85.1, ,59.5, ,6,,0,A,9999.9,0,999.9,,999.9,0,73.9,6,13.9,6,2.5,6
67561099999,"NDOLA SIMON MWANSA KAWEPEWE INTERNATIONAL, ZA",-12.9833333,28.65,1270.1,1/27/1984,58.8,7,10011,,999.9,,83.8, ,62.1, ,8.9,,0.04,G,9999.9,0,999.9,,999.9,0,73.8,7,17.8,7,4.8,7
67561099999,"NDOLA SIMON MWANSA KAWEPEWE INTERNATIONAL, ZA",-12.9833333,28.65,1270.1,1/28/1984,62.6,4,10010,,999.9,,82.6,*,65.3, ,5.1,,0,G,9999.9,0,999.9,,999.9,0,76.1,4,999.9,0,3,4
67561099999,"NDOLA SIMON MWANSA KAWEPEWE INTERNATIONAL, ZA",-12.9833333,28.65,1270.1,1/29/1984,63,5,10,,999.9,,81.3,*,62.6, ,7,,0.39,G,9999.9,0,999.9,,999.9,0,71.5,5,16.8,5,3.2,5
67561099999,"NDOLA SIMON MWANSA KAWEPEWE INTERNATIONAL, ZA",-12.9833333,28.65,1270.1,1/30/1984,62,5,10000,,999.9,,79.2, ,62.2, ,8,,1.22,G,9999.9,0,999.9,,999.9,0,71.3,5,14.9,5,4,5
67561099999,"NDOLA SIMON MWANSA KAWEPEWE INTERNATIONAL, ZA",-12.9833333,28.65,1270.1,1/31/1984,62.6,4,10010,,999.9,,83.8, ,62.6, ,7,,0.02,G,9999.9,0,999.9,,999.9,0,68.1,4,11.3,4,5,4
67561099999,"NDOLA SIMON MWANSA KAWEPEWE INTERNATIONAL, ZA",-12.9833333,28.65,1270.1,2/1/1984,61.6,6,0,,999.9,,77, ,61.5, ,13,,0.47,G,9999.9,0,999.9,,999.9,0,68.3,6,12.9,6,5.1,6
67561099999,"NDOLA SIMON MWANSA KAWEPEWE INTERNATIONAL, ZA",-12.9833333,28.65,1270.1,2/2/1984,61.7,5,0,,999.9,,83.3, ,65.8,*,8,,0,G,9999.9,0,999.9,,999.9,0,74.3,5,14.9,5,2.8,5
67561099999,"NDOLA SIMON MWANSA KAWEPEWE INTERNATIONAL, ZA",-12.9833333,28.65,1270.1,2/3/1984,63.2,6,10,,999.9,,83.5, ,63.3, ,9.9,,0,A,9999.9,0,999.9,,999.9,0,73.6,6,17.1,6,3.8,6
67561099999,"NDOLA SIMON MWANSA KAWEPEWE INTERNATIONAL, ZA",-12.9833333,28.65,1270.1,2/4/1984,64.4,6,0,,999.9,,78.3, ,65.5, ,4.1,,0,G,9999.9,0,999.9,,999.9,0,70.8,6,11.9,6,1.8,6
67561099999,"NDOLA SIMON MWANSA KAWEPEWE INTERNATIONAL, ZA",-12.9833333,28.65,1270.1,2/5/1984,63.8,7,110010,,999.9,,78.3, ,62.6,*,6,,0.16,G,9999.9,0,999.9,,999.9,0,66.9,7,10.9,7,2,7
67561099999,"NDOLA SIMON MWANSA KAWEPEWE INTERNATIONAL, ZA",-12.9833333,28.65,1270.1,2/6/1984,63.1,5,10000,,999.9,,70.7, ,63.1, ,8,,1.18,G,9999.9,0,999.9,,999.9,0,65.5,5,10.7,5,3.4,5
67561099999,"NDOLA SIMON MWANSA KAWEPEWE INTERNATIONAL, ZA",-12.9833333,28.65,1270.1,2/8/1984,64.2,5,10010,,999.9,,77.9, ,61.9, ,8.9,,0,H,9999.9,0,999.9,,999.9,0,69.6,5,16.8,5,3.6,5
67561099999,"NDOLA SIMON MWANSA KAWEPEWE INTERNATIONAL, ZA",-12.9833333,28.65,1270.1,2/9/1984,62.8,4,110010,,999.9,,75,*,61.7, ,15.9,,0.24,G,9999.9,0,999.9,,999.9,0,68.3,4,12.9,4,5,4
67561099999,"NDOLA SIMON MWANSA KAWEPEWE INTERNATIONAL, ZA",-12.9833333,28.65,1270.1,2/10/1984,63.8,5,10010,,999.9,,80.2, ,61.5, ,7,,0.43,G,9999.9,0,999.9,,999.9,0,68.5,5,12.2,5,3,5
67561099999,"NDOLA SIMON MWANSA KAWEPEWE INTERNATIONAL, ZA",-12.9833333,28.65,1270.1,2/11/1984,60.4,5,0,,999.9,,75.4,*,62.1, ,6,,0.59,G,9999.9,0,999.9,,999.9,0,68.8,5,18.6,4,5,5
67561099999,"NDOLA SIMON MWANSA KAWEPEWE INTERNATIONAL, ZA",-12.9833333,28.65,1270.1,2/12/1984,62,5,10,,999.9,,80.8, ,62.8, ,2.9,,0,G,9999.9,0,999.9,,999.9,0,72.9,5,18.6,5,2.1,5
67561099999,"NDOLA SIMON MWANSA KAWEPEWE INTERNATIONAL, ZA",-12.9833333,28.65,1270.1,2/13/1984,63.5,6,10010,,999.9,,79.7, ,64, ,4.1,,0.04,G,9999.9,0,999.9,,999.9,0,70.6,6,14.5,6,1.8,6
67561099999,"NDOLA SIMON MWANSA KAWEPEWE INTERNATIONAL, ZA",-12.9833333,28.65,1270.1,2/14/1984,62.6,5,10010,,999.9,,72.3, ,63, ,5.1,,0.31,G,9999.9,0,999.9,,999.9,0,65.7,6,12.7,5,2.8,6
67561099999,"NDOLA SIMON MWANSA KAWEPEWE INTERNATIONAL, ZA",-12.9833333,28.65,1270.1,2/15/1984,62.9,6,100010,,999.9,,84.2, ,62.8, ,7,,0.08,G,9999.9,0,999.9,,999.9,0,72,6,18.6,6,2.3,6
67561099999,"NDOLA SIMON MWANSA KAWEPEWE INTERNATIONAL, ZA",-12.9833333,28.65,1270.1,2/16/1984,61.5,5,100010,,999.9,,84.7, ,61, ,5.1,,0,G,9999.9,0,999.9,,999.9,0,72.1,5,13.2,5,2,5
67561099999,"NDOLA SIMON MWANSA KAWEPEWE INTERNATIONAL, ZA",-12.9833333,28.65,1270.1,2/17/1984,62.2,4,100010,,999.9,,82.8,*,58.6, ,8.9,,0.01,G,9999.9,0,999.9,,999.9,0,73.3,4,12.9,4,4.2,4
67561099999,"NDOLA SIMON MWANSA KAWEPEWE INTERNATIONAL, ZA",-12.9833333,28.65,1270.1,2/18/1984,62.2,7,100000,,999.9,,83.8, ,59.7, ,7,,0.2,G,9999.9,0,999.9,,999.9,0,72.2,7,17.8,7,2.7,7
67561099999,"NDOLA SIMON MWANSA KAWEPEWE INTERNATIONAL, ZA",-12.9833333,28.65,1270.1,2/20/1984,63.4,5,10010,,999.9,,82.8, ,62.6, ,8,,0.08,G,9999.9,0,999.9,,999.9,0,69.4,5,13.7,5,2.6,5
67561099999,"NDOLA SIMON MWANSA KAWEPEWE INTERNATIONAL, ZA",-12.9833333,28.65,1270.1,2/21/1984,64,7,10010,,999.9,,75.7, ,63, ,1.9,,2.48,G,9999.9,0,999.9,,999.9,0,66.1,7,11.8,7,0.6,7
67561099999,"NDOLA SIMON MWANSA KAWEPEWE INTERNATIONAL, ZA",-12.9833333,28.65,1270.1,2/22/1984,59.9,4,100000,,999.9,,80.8, ,63.9, ,6,,0.98,G,9999.9,0,999.9,,999.9,0,73.9,4,14.4,4,3.3,4
67561099999,"NDOLA SIMON MWANSA KAWEPEWE INTERNATIONAL, ZA",-12.9833333,28.65,1270.1,2/23/1984,63.1,6,10010,,999.9,,77.7, ,61.2,*,5.1,,0.59,G,9999.9,0,999.9,,999.9,0,68,6,11,6,0.8,6
67561099999,"NDOLA SIMON MWANSA KAWEPEWE INTERNATIONAL, ZA",-12.9833333,28.65,1270.1,2/24/1984,61.8,7,10000,,999.9,,70.9, ,63.1, ,9.9,,0.24,G,9999.9,0,999.9,,999.9,0,65.5,7,11.1,7,6.6,6
67561099999,"NDOLA SIMON MWANSA KAWEPEWE INTERNATIONAL, ZA",-12.9833333,28.65,1270.1,2/25/1984,63.5,4,10010,,999.9,,79, ,64.8,*,12,,0.12,G,9999.9,0,999.9,,999.9,0,69.4,4,10.3,4,5.8,4
67561099999,"NDOLA SIMON MWANSA KAWEPEWE INTERNATIONAL, ZA",-12.9833333,28.65,1270.1,2/26/1984,64.8,4,110000,,999.9,,77.2, ,62.2, ,7,,0.08,G,9999.9,0,999.9,,999.9,0,69.4,4,11.1,4,4.8,4
67561099999,"NDOLA SIMON MWANSA KAWEPEWE INTERNATIONAL, ZA",-12.9833333,28.65,1270.1,2/27/1984,64,5,10010,,999.9,,80.8, ,61.3, ,9.9,,1.1,G,9999.9,0,999.9,,999.9,0,72.7,5,16.8,5,3.4,5
67561099999,"NDOLA SIMON MWANSA KAWEPEWE INTERNATIONAL, ZA",-12.9833333,28.65,1270.1,2/28/1984,64.1,5,110000,,999.9,,75.9, ,64.8, ,4.1,,0.08,G,9999.9,0,999.9,,999.9,0,69.6,5,14.9,5,2.6,5
67561099999,"NDOLA SIMON MWANSA KAWEPEWE INTERNATIONAL, ZA",-12.9833333,28.65,1270.1,2/29/1984,60.4,4,0,,999.9,,82.4, ,71.6,*,7,,0,G,9999.9,0,999.9,,999.9,0,77.7,4,20.2,4,3.5,4
67561099999,"NDOLA SIMON MWANSA KAWEPEWE INTERNATIONAL, ZA",-12.9833333,28.65,1270.1,3/1/1984,63.4,4,10010,,999.9,,79.3,*,62.1, ,7,,0,H,9999.9,0,999.9,,999.9,0,75.2,4,17.1,4,4.8,4
67561099999,"NDOLA SIMON MWANSA KAWEPEWE INTERNATIONAL, ZA",-12.9833333,28.65,1270.1,3/2/1984,63.5,5,10010,,999.9,,82.4, ,63.9, ,8.9,,0.01,G,9999.9,0,999.9,,999.9,0,72.9,5,18,5,3.2,5
67561099999,"NDOLA SIMON MWANSA KAWEPEWE INTERNATIONAL, ZA",-12.9833333,28.65,1270.1,3/3/1984,62.6,5,0,,999.9,,83.5, ,63, ,8,,1.14,G,9999.9,0,999.9,,999.9,0,76.1,5,18.6,5,2.6,5
67561099999,"NDOLA SIMON MWANSA KAWEPEWE INTERNATIONAL, ZA",-12.9833333,28.65,1270.1,3/4/1984,64.3,6,10010,,999.9,,84.7, ,61, ,5.1,,0,G,9999.9,0,999.9,,999.9,0,72.8,6,15.5,6,2,6
67561099999,"NDOLA SIMON MWANSA KAWEPEWE INTERNATIONAL, ZA",-12.9833333,28.65,1270.1,3/5/1984,63.9,5,10010,,999.9,,82.4, ,61.3, ,4.1,,1.18,G,9999.9,0,999.9,,999.9,0,72,5,17.4,5,2.5,4
67561099999,"NDOLA SIMON MWANSA KAWEPEWE INTERNATIONAL, ZA",-12.9833333,28.65,1270.1,3/6/1984,62.3,4,10010,,999.9,,83.1, ,63.7, ,8,,0.01,G,9999.9,0,999.9,,999.9,0,71.8,4,17.9,4,3.7,4
67561099999,"NDOLA SIMON MWANSA KAWEPEWE INTERNATIONAL, ZA",-12.9833333,28.65,1270.1,3/7/1984,64.3,4,110010,,999.9,,79.5,*,64.4, ,1.9,,0.04,G,9999.9,0,999.9,,999.9,0,72.5,4,15.2,4,0.7,4
67561099999,"NDOLA SIMON MWANSA KAWEPEWE INTERNATIONAL, ZA",-12.9833333,28.65,1270.1,3/8/1984,60.9,4,10,,999.9,,82.4, ,61.5, ,2.9,,0.28,G,9999.9,0,999.9,,999.9,0,72.1,4,18.6,4,2.7,4
67561099999,"NDOLA SIMON MWANSA KAWEPEWE INTERNATIONAL, ZA",-12.9833333,28.65,1270.1,3/9/1984,64.5,5,10010,,999.9,,83.3, ,60.4, ,6,,0,G,9999.9,0,999.9,,999.9,0,73.5,5,11.8,5,3.6,5
67561099999,"NDOLA SIMON MWANSA KAWEPEWE INTERNATIONAL, ZA",-12.9833333,28.65,1270.1,3/10/1984,61.8,5,0,,999.9,,77.7, ,61.7, ,9.9,,0.2,G,9999.9,0,999.9,,999.9,0,71.8,5,18.6,5,7.5,5
67561099999,"NDOLA SIMON MWANSA KAWEPEWE INTERNATIONAL, ZA",-12.9833333,28.65,1270.1,3/11/1984,61.2,6,0,,999.9,,78.6, ,60.1, ,8.9,,0,G,9999.9,0,999.9,,999.9,0,69.9,6,18.1,6,4.2,6
67561099999,"NDOLA SIMON MWANSA KAWEPEWE INTERNATIONAL, ZA",-12.9833333,28.65,1270.1,3/12/1984,58.3,4,0,,999.9,,80.1,*,57.4, ,6,,0.2,G,9999.9,0,999.9,,999.9,0,74.7,4,18.6,4,1.5,4
67561099999,"NDOLA SIMON MWANSA KAWEPEWE INTERNATIONAL, ZA",-12.9833333,28.65,1270.1,3/13/1984,56.6,5,0,,999.9,,82.2, ,64.9, ,7,,0,G,9999.9,0,999.9,,999.9,0,74.3,5,21.1,5,3.8,5
67561099999,"NDOLA SIMON MWANSA KAWEPEWE INTERNATIONAL, ZA",-12.9833333,28.65,1270.1,3/14/1984,57.3,4,0,,999.9,,79.9,*,57.4, ,11.1,,0,A,9999.9,0,999.9,,999.9,0,75,4,21.7,4,4.8,4
67561099999,"NDOLA SIMON MWANSA KAWEPEWE INTERNATIONAL, ZA",-12.9833333,28.65,1270.1,3/15/1984,58.1,5,0,,999.9,,81.3, ,61.7,*,8,,0,I,9999.9,0,999.9,,999.9,0,71.8,5,18,5,4.8,5
67561099999,"NDOLA SIMON MWANSA KAWEPEWE INTERNATIONAL, ZA",-12.9833333,28.65,1270.1,3/16/1984,64.1,5,10,,999.9,,81.5, ,61.9, ,8,,0,G,9999.9,0,999.9,,999.9,0,72.2,5,18.6,5,2.6,5
67561099999,"NDOLA SIMON MWANSA KAWEPEWE INTERNATIONAL, ZA",-12.9833333,28.65,1270.1,3/18/1984,63.4,5,0,,999.9,,82.2, ,63.5, ,9.9,,0,A,9999.9,0,999.9,,999.9,0,74.4,5,18,5,5.8,5
67561099999,"NDOLA SIMON MWANSA KAWEPEWE INTERNATIONAL, ZA",-12.9833333,28.65,1270.1,3/19/1984,59.7,6,0,,999.9,,84, ,60.4, ,11.1,,0,A,9999.9,0,999.9,,999.9,0,74.5,6,18.6,6,3.9,6
67561099999,"NDOLA SIMON MWANSA KAWEPEWE INTERNATIONAL, ZA",-12.9833333,28.65,1270.1,3/20/1984,62.5,4,0,,999.9,,84.2, ,60.4, ,8,,0.24,G,9999.9,0,999.9,,999.9,0,77.7,4,21.7,4,5.8,4
67561099999,"NDOLA SIMON MWANSA KAWEPEWE INTERNATIONAL, ZA",-12.9833333,28.65,1270.1,3/21/1984,63.9,5,10010,,999.9,,83.1, ,62.1, ,7,,0.01,G,9999.9,0,999.9,,999.9,0,70.7,5,15.5,5,4.4,5
67561099999,"NDOLA SIMON MWANSA KAWEPEWE INTERNATIONAL, ZA",-12.9833333,28.65,1270.1,3/22/1984,64,5,0,,999.9,,82.8, ,61.9, ,6,,0.47,G,9999.9,0,999.9,,999.9,0,74.9,5,16.2,5,2.2,5
67561099999,"NDOLA SIMON MWANSA KAWEPEWE INTERNATIONAL, ZA",-12.9833333,28.65,1270.1,3/23/1984,61.8,7,0,,999.9,,84.9, ,61.7, ,9.9,,0,G,9999.9,0,999.9,,999.9,0,73.1,7,17.4,7,4.6,7
67561099999,"NDOLA SIMON MWANSA KAWEPEWE INTERNATIONAL, ZA",-12.9833333,28.65,1270.1,3/24/1984,62,5,10,,999.9,,86, ,60.6, ,11.1,,0,A,9999.9,0,999.9,,999.9,0,76.1,5,24.9,5,8.2,5
67561099999,"NDOLA SIMON MWANSA KAWEPEWE INTERNATIONAL, ZA",-12.9833333,28.65,1270.1,3/25/1984,62.2,7,10,,999.9,,84.7, ,60.6, ,9.9,,0.08,G,9999.9,0,999.9,,999.9,0,72.7,7,20.9,7,3.3,7
67561099999,"NDOLA SIMON MWANSA KAWEPEWE INTERNATIONAL, ZA",-12.9833333,28.65,1270.1,3/26/1984,62.6,6,10,,999.9,,86.5, ,61.7, ,5.1,,0,G,9999.9,0,999.9,,999.9,0,75.4,6,20.2,6,2.7,6
67561099999,"NDOLA SIMON MWANSA KAWEPEWE INTERNATIONAL, ZA",-12.9833333,28.65,1270.1,3/27/1984,62,4,10010,,999.9,,82.6, ,62.8,*,11.1,,99.99, ,9999.9,0,999.9,,999.9,0,66.6,4,14,4,7.5,4
67561099999,"NDOLA SIMON MWANSA KAWEPEWE INTERNATIONAL, ZA",-12.9833333,28.65,1270.1,3/28/1984,64,5,10010,,999.9,,83.5, ,59.9, ,6,,0.35,G,9999.9,0,999.9,,999.9,0,71.8,5,20.5,5,3,5
67561099999,"NDOLA SIMON MWANSA KAWEPEWE INTERNATIONAL, ZA",-12.9833333,28.65,1270.1,3/29/1984,64,4,10010,,999.9,,80.4, ,64.2,*,9.9,,0,G,9999.9,0,999.9,,999.9,0,69.4,5,13.5,5,3.7,4
67561099999,"NDOLA SIMON MWANSA KAWEPEWE INTERNATIONAL, ZA",-12.9833333,28.65,1270.1,3/30/1984,62.1,5,0,,999.9,,82.8, ,62.4, ,9.9,,1.02,G,9999.9,0,999.9,,999.9,0,74.9,5,15,5,6.6,5
67561099999,"NDOLA SIMON MWANSA KAWEPEWE INTERNATIONAL, ZA",-12.9833333,28.65,1270.1,3/31/1984,62.9,5,0,,999.9,,82.4, ,61.3, ,11.1,,0,G,9999.9,0,999.9,,999.9,0,75.9,5,18.6,5,5,5
67561099999,"NDOLA SIMON MWANSA KAWEPEWE INTERNATIONAL, ZA",-12.9833333,28.65,1270.1,4/1/1984,63.2,4,10010,,999.9,,73.2,*,62.1, ,8,,0.24,G,9999.9,0,999.9,,999.9,0,69.8,4,17.9,4,5.3,4
67561099999,"NDOLA SIMON MWANSA KAWEPEWE INTERNATIONAL, ZA",-12.9833333,28.65,1270.1,4/2/1984,61.6,5,0,,999.9,,76.3, ,62.2, ,8,,0.08,G,9999.9,0,999.9,,999.9,0,70.8,5,18.6,5,6.2,5
67561099999,"NDOLA SIMON MWANSA KAWEPEWE INTERNATIONAL, ZA",-12.9833333,28.65,1270.1,4/3/1984,59,6,10000,,999.9,,80.1, ,60.1, ,11.1,,0.01,G,9999.9,0,999.9,,999.9,0,71.4,6,18.1,6,8.4,5
67561099999,"NDOLA SIMON MWANSA KAWEPEWE INTERNATIONAL, ZA",-12.9833333,28.65,1270.1,4/4/1984,60.3,6,0,,999.9,,78.4, ,59.9, ,12,,0,G,9999.9,0,999.9,,999.9,0,70.6,6,17.6,6,7.5,6
67561099999,"NDOLA SIMON MWANSA KAWEPEWE INTERNATIONAL, ZA",-12.9833333,28.65,1270.1,4/5/1984,61.3,6,0,,999.9,,83.7, ,59, ,11.1,,0,A,9999.9,0,999.9,,999.9,0,73.2,6,19.7,6,4.8,6
67561099999,"NDOLA SIMON MWANSA KAWEPEWE INTERNATIONAL, ZA",-12.9833333,28.65,1270.1,4/6/1984,62.6,6,0,,999.9,,84.6, ,60.3, ,8,,0,A,9999.9,0,999.9,,999.9,0,74.3,6,18.6,6,4.6,6
67561099999,"NDOLA SIMON MWANSA KAWEPEWE INTERNATIONAL, ZA",-12.9833333,28.65,1270.1,4/7/1984,62.7,6,10,,999.9,,82.4, ,61, ,12,,0,G,9999.9,0,999.9,,999.9,0,72.3,6,18.6,6,4.2,6
67561099999,"NDOLA SIMON MWANSA KAWEPEWE INTERNATIONAL, ZA",-12.9833333,28.65,1270.1,4/8/1984,61.2,6,0,,999.9,,86.5, ,58.3, ,12,,0,A,9999.9,0,999.9,,999.9,0,74,6,18.1,6,3.2,6
67561099999,"NDOLA SIMON MWANSA KAWEPEWE INTERNATIONAL, ZA",-12.9833333,28.65,1270.1,4/9/1984,62.5,7,0,,999.9,,85.8, ,59.9, ,7,,0,G,9999.9,0,999.9,,999.9,0,77,7,17.3,7,4.3,7
67561099999,"NDOLA SIMON MWANSA KAWEPEWE INTERNATIONAL, ZA",-12.9833333,28.65,1270.1,4/10/1984,61.5,5,0,,999.9,,85.3, ,61.9,*,2.9,,0,A,9999.9,0,999.9,,999.9,0,72.8,5,17.4,5,0.6,5
67561099999,"NDOLA SIMON MWANSA KAWEPEWE INTERNATIONAL, ZA",-12.9833333,28.65,1270.1,4/12/1984,60.3,7,100010,,999.9,,83.7, ,58.6, ,4.1,,0,A,9999.9,0,999.9,,999.9,0,69.4,7,13.1,7,1.2,7
67561099999,"NDOLA SIMON MWANSA KAWEPEWE INTERNATIONAL, ZA",-12.9833333,28.65,1270.1,4/13/1984,59.3,5,0,,999.9,,84.4, ,59.5, ,7,,0,A,9999.9,0,999.9,,999.9,0,72.4,5,10.7,5,1.8,5
67561099999,"NDOLA SIMON MWANSA KAWEPEWE INTERNATIONAL, ZA",-12.9833333,28.65,1270.1,4/14/1984,56,7,0,,999.9,,86.5, ,56.1, ,5.1,,0,A,9999.9,0,999.9,,999.9,0,71.8,7,16.4,7,2,6
67561099999,"NDOLA SIMON MWANSA KAWEPEWE INTERNATIONAL, ZA",-12.9833333,28.65,1270.1,4/15/1984,54.1,6,0,,999.9,,85.6, ,55, ,8,,0,A,9999.9,0,999.9,,999.9,0,74.1,6,15.4,6,3.4,5
67561099999,"NDOLA SIMON MWANSA KAWEPEWE INTERNATIONAL, ZA",-12.9833333,28.65,1270.1,4/16/1984,50.9,6,0,,999.9,,83.7, ,52.9, ,9.9,,0,A,9999.9,0,999.9,,999.9,0,73.1,6,18.1,6,4.8,6
67561099999,"NDOLA SIMON MWANSA KAWEPEWE INTERNATIONAL, ZA",-12.9833333,28.65,1270.1,4/17/1984,50.5,4,0,,999.9,,80.6,*,52.3, ,8,,0,A,9999.9,0,999.9,,999.9,0,76,4,17.1,4,6.5,4
67561099999,"NDOLA SIMON MWANSA KAWEPEWE INTERNATIONAL, ZA",-12.9833333,28.65,1270.1,4/18/1984,45.9,5,0,,999.9,,82.2, ,50.7, ,999.9,,0,A,9999.9,0,999.9,,999.9,0,68.8,5,18.6,5,21.8,5
67561099999,"NDOLA SIMON MWANSA KAWEPEWE INTERNATIONAL, ZA",-12.9833333,28.65,1270.1,4/19/1984,46.1,4,0,,999.9,,80.6, ,54.3, ,14,,0,A,9999.9,0,999.9,,999.9,0,68.4,4,18.6,4,11,4
67561099999,"NDOLA SIMON MWANSA KAWEPEWE INTERNATIONAL, ZA",-12.9833333,28.65,1270.1,4/20/1984,52.9,4,0,,999.9,,73.8,*,57.2, ,15,,0,A,9999.9,0,999.9,,999.9,0,71,4,18.6,4,11,4
67561099999,"NDOLA SIMON MWANSA KAWEPEWE INTERNATIONAL, ZA",-12.9833333,28.65,1270.1,4/21/1984,50.8,4,0,,999.9,,80.2, ,55.6, ,11.1,,0,A,9999.9,0,999.9,,999.9,0,71.5,4,18.6,4,6.5,4
67561099999,"NDOLA SIMON MWANSA KAWEPEWE INTERNATIONAL, ZA",-12.9833333,28.65,1270.1,4/22/1984,55.9,4,0,,999.9,,83.8, ,71.1,*,11.1,,0,I,9999.9,0,999.9,,999.9,0,75.8,4,18.6,4,7.7,4
67561099999,"NDOLA SIMON MWANSA KAWEPEWE INTERNATIONAL, ZA",-12.9833333,28.65,1270.1,4/23/1984,57,4,0,,999.9,,81.3, ,59, ,13,,0,A,9999.9,0,999.9,,999.9,0,72.2,4,18.6,4,8.5,4
67561099999,"NDOLA SIMON MWANSA KAWEPEWE INTERNATIONAL, ZA",-12.9833333,28.65,1270.1,4/24/1984,57.2,5,0,,999.9,,83.3, ,54.7, ,12,,0,A,9999.9,0,999.9,,999.9,0,73.9,5,18.6,5,7,5
67561099999,"NDOLA SIMON MWANSA KAWEPEWE INTERNATIONAL, ZA",-12.9833333,28.65,1270.1,4/25/1984,55.7,5,0,,999.9,,77.9,*,56.5, ,6,,0,A,9999.9,0,999.9,,999.9,0,73.6,5,18.6,5,3.2,5
67561099999,"NDOLA SIMON MWANSA KAWEPEWE INTERNATIONAL, ZA",-12.9833333,28.65,1270.1,4/30/1984,58.1,4,0,,999.9,,75.4,*,57.2, ,11.1,,0,A,9999.9,0,999.9,,999.9,0,68.5,4,18.6,4,5.3,4
67561099999,"NDOLA SIMON MWANSA KAWEPEWE INTERNATIONAL, ZA",-12.9833333,28.65,1270.1,5/2/1984,55.4,4,0,,999.9,,83.3, ,63.3,*,9.9,,0,A,9999.9,0,999.9,,999.9,0,73.7,5,18.6,5,3.7,5
67561099999,"NDOLA SIMON MWANSA KAWEPEWE INTERNATIONAL, ZA",-12.9833333,28.65,1270.1,5/3/1984,55,7,0,,999.9,,83.7, ,54, ,8.9,,0,A,9999.9,0,999.9,,999.9,0,68.8,7,16.9,7,3.1,7
67561099999,"NDOLA SIMON MWANSA KAWEPEWE INTERNATIONAL, ZA",-12.9833333,28.65,1270.1,5/4/1984,56.9,6,0,,999.9,,86, ,55.4, ,9.9,,0,A,9999.9,0,999.9,,999.9,0,73,6,17.6,6,2.5,6
67561099999,"NDOLA SIMON MWANSA KAWEPEWE INTERNATIONAL, ZA",-12.9833333,28.65,1270.1,5/5/1984,57.9,6,0,,999.9,,86.5, ,55.4, ,6,,0,A,9999.9,0,999.9,,999.9,0,73.5,6,18.6,6,2.5,6
67561099999,"NDOLA SIMON MWANSA KAWEPEWE INTERNATIONAL, ZA",-12.9833333,28.65,1270.1,5/6/1984,55.8,6,0,,999.9,,85.1, ,55.4, ,7,,0,A,9999.9,0,999.9,,999.9,0,72.4,6,16.1,6,3.4,6
67561099999,"NDOLA SIMON MWANSA KAWEPEWE INTERNATIONAL, ZA",-12.9833333,28.65,1270.1,5/7/1984,51.4,7,0,,999.9,,85.5, ,53.8, ,7,,0,A,9999.9,0,999.9,,999.9,0,70.7,7,16.2,7,3.4,7
67561099999,"NDOLA SIMON MWANSA KAWEPEWE INTERNATIONAL, ZA",-12.9833333,28.65,1270.1,5/8/1984,48.2,6,0,,999.9,,82, ,50.7, ,9.9,,0,A,9999.9,0,999.9,,999.9,0,70.2,6,18.6,6,5.1,6
67561099999,"NDOLA SIMON MWANSA KAWEPEWE INTERNATIONAL, ZA",-12.9833333,28.65,1270.1,5/9/1984,52.2,7,0,,999.9,,81.1, ,53.1, ,9.9,,0,A,9999.9,0,999.9,,999.9,0,67.3,7,18.6,7,4.3,7
67561099999,"NDOLA SIMON MWANSA KAWEPEWE INTERNATIONAL, ZA",-12.9833333,28.65,1270.1,5/10/1984,53.3,7,0,,999.9,,82.2, ,51.1, ,8,,0,A,9999.9,0,999.9,,999.9,0,66.5,7,17.8,7,1.4,7
67561099999,"NDOLA SIMON MWANSA KAWEPEWE INTERNATIONAL, ZA",-12.9833333,28.65,1270.1,5/11/1984,54.8,6,0,,999.9,,84.4, ,51.1, ,2.9,,0,A,9999.9,0,999.9,,999.9,0,70.7,6,15.3,6,0.5,6
67561099999,"NDOLA SIMON MWANSA KAWEPEWE INTERNATIONAL, ZA",-12.9833333,28.65,1270.1,5/12/1984,54,7,0,,999.9,,84.9, ,53.2, ,2.9,,0,A,9999.9,0,999.9,,999.9,0,71.6,7,17.3,7,0.7,7
67561099999,"NDOLA SIMON MWANSA KAWEPEWE INTERNATIONAL, ZA",-12.9833333,28.65,1270.1,5/13/1984,49.9,5,0,,999.9,,81.5,*,53.6, ,11.1,,0,A,9999.9,0,999.9,,999.9,0,72.1,5,17.4,5,2.6,5
67561099999,"NDOLA SIMON MWANSA KAWEPEWE INTERNATIONAL, ZA",-12.9833333,28.65,1270.1,5/14/1984,50.8,7,0,,999.9,,84.2, ,50.4, ,7,,0,A,9999.9,0,999.9,,999.9,0,68.3,7,15.3,7,1.7,7
67561099999,"NDOLA SIMON MWANSA KAWEPEWE INTERNATIONAL, ZA",-12.9833333,28.65,1270.1,5/15/1984,52.5,6,100000,,999.9,,84.2, ,52.2, ,6,,0,A,9999.9,0,999.9,,999.9,0,67.9,6,15,6,2.5,6
67561099999,"NDOLA SIMON MWANSA KAWEPEWE INTERNATIONAL, ZA",-12.9833333,28.65,1270.1,5/16/1984,54.5,5,0,,999.9,,84,*,53.8, ,9.9,,0,A,9999.9,0,999.9,,999.9,0,73.5,5,17.2,5,3.6,5
67561099999,"NDOLA SIMON MWANSA KAWEPEWE INTERNATIONAL, ZA",-12.9833333,28.65,1270.1,5/17/1984,56.2,6,10,,999.9,,86.2, ,54.9, ,9.9,,0,A,9999.9,0,999.9,,999.9,0,74.7,6,17.1,6,6.6,6
67561099999,"NDOLA SIMON MWANSA KAWEPEWE INTERNATIONAL, ZA",-12.9833333,28.65,1270.1,5/18/1984,55.3,5,0,,999.9,,85.3,*,55.4, ,11.1,,0,A,9999.9,0,999.9,,999.9,0,75.1,5,18.6,5,5.8,5
67561099999,"NDOLA SIMON MWANSA KAWEPEWE INTERNATIONAL, ZA",-12.9833333,28.65,1270.1,5/19/1984,56.6,5,0,,999.9,,84.2, ,55.8, ,8,,0,A,9999.9,0,999.9,,999.9,0,73,5,18.6,5,4,5
67561099999,"NDOLA SIMON MWANSA KAWEPEWE INTERNATIONAL, ZA",-12.9833333,28.65,1270.1,5/20/1984,53.9,7,10000,,999.9,,80.2, ,56.3, ,9.9,,0,G,9999.9,0,999.9,,999.9,0,68.9,7,18.6,7,6.5,7
67561099999,"NDOLA SIMON MWANSA KAWEPEWE INTERNATIONAL, ZA",-12.9833333,28.65,1270.1,5/21/1984,52.1,6,0,,999.9,,80.1, ,55.2, ,13,,0,G,9999.9,0,999.9,,999.9,0,69.7,6,18.6,6,7.7,6
67561099999,"NDOLA SIMON MWANSA KAWEPEWE INTERNATIONAL, ZA",-12.9833333,28.65,1270.1,5/22/1984,53,6,100000,,999.9,,77.9, ,50.7, ,14,,0,A,9999.9,0,999.9,,999.9,0,65,7,16.9,7,6.3,7
67561099999,"NDOLA SIMON MWANSA KAWEPEWE INTERNATIONAL, ZA",-12.9833333,28.65,1270.1,5/23/1984,52.9,4,0,,999.9,,71.1, ,53.8, ,12,,0,A,9999.9,0,999.9,,999.9,0,65.1,4,18.6,4,8.3,4
67561099999,"NDOLA SIMON MWANSA KAWEPEWE INTERNATIONAL, ZA",-12.9833333,28.65,1270.1,5/24/1984,51,6,0,,999.9,,74.3,*,48.2, ,6,,0,A,9999.9,0,999.9,,999.9,0,64.4,6,18.1,6,4.2,6
67561099999,"NDOLA SIMON MWANSA KAWEPEWE INTERNATIONAL, ZA",-12.9833333,28.65,1270.1,5/25/1984,48,5,0,,999.9,,77.4, ,48, ,8.9,,0,I,9999.9,0,999.9,,999.9,0,63.7,5,18.6,5,5.2,5
67561099999,"NDOLA SIMON MWANSA KAWEPEWE INTERNATIONAL, ZA",-12.9833333,28.65,1270.1,5/26/1984,45.6,6,0,,999.9,,80.1, ,48.2, ,11.1,,0,A,9999.9,0,999.9,,999.9,0,67.4,6,18.6,6,6,6
67561099999,"NDOLA SIMON MWANSA KAWEPEWE INTERNATIONAL, ZA",-12.9833333,28.65,1270.1,5/27/1984,48.2,6,0,,999.9,,80.2, ,51.3, ,8,,0,A,9999.9,0,999.9,,999.9,0,65.4,6,18.6,6,4.4,6
67561099999,"NDOLA SIMON MWANSA KAWEPEWE INTERNATIONAL, ZA",-12.9833333,28.65,1270.1,5/28/1984,47.2,6,0,,999.9,,80.6,*,51.4, ,5.1,,0,A,9999.9,0,999.9,,999.9,0,67.3,6,18.6,6,1.2,6
67561099999,"NDOLA SIMON MWANSA KAWEPEWE INTERNATIONAL, ZA",-12.9833333,28.65,1270.1,5/29/1984,48,6,0,,999.9,,81.3, ,51.4,*,8.9,,0,A,9999.9,0,999.9,,999.9,0,66.4,6,18.6,6,3.8,6
67561099999,"NDOLA SIMON MWANSA KAWEPEWE INTERNATIONAL, ZA",-12.9833333,28.65,1270.1,5/30/1984,46.3,4,0,,999.9,,67.6,*,50, ,14,,0,A,9999.9,0,999.9,,999.9,0,61.4,4,16.3,4,9.5,4
67561099999,"NDOLA SIMON MWANSA KAWEPEWE INTERNATIONAL, ZA",-12.9833333,28.65,1270.1,5/31/1984,46.8,4,0,,999.9,,65.5,*,47.3, ,999.9,,0,A,9999.9,0,999.9,,999.9,0,60.3,4,21.7,4,999.9,0
67561099999,"NDOLA SIMON MWANSA KAWEPEWE INTERNATIONAL, ZA",-12.9833333,28.65,1270.1,6/1/1984,49.1,5,0,,999.9,,72.9, ,50.2,*,7,,0,I,9999.9,0,999.9,,999.9,0,56.1,6,18.6,6,3.2,6
67561099999,"NDOLA SIMON MWANSA KAWEPEWE INTERNATIONAL, ZA",-12.9833333,28.65,1270.1,6/2/1984,49.3,7,0,,999.9,,79.2, ,45.1, ,7,,0,A,9999.9,0,999.9,,999.9,0,62.7,7,17.3,7,2,7
67561099999,"NDOLA SIMON MWANSA KAWEPEWE INTERNATIONAL, ZA",-12.9833333,28.65,1270.1,6/3/1984,52.5,6,100000,,999.9,,82.2, ,49.1, ,5.1,,0,A,9999.9,0,999.9,,999.9,0,64,6,14.7,6,0.6,6
67561099999,"NDOLA SIMON MWANSA KAWEPEWE INTERNATIONAL, ZA",-12.9833333,28.65,1270.1,6/4/1984,50,7,0,,999.9,,82.2, ,50.2, ,11.1,,0,A,9999.9,0,999.9,,999.9,0,68,7,18.6,7,3.3,7
67561099999,"NDOLA SIMON MWANSA KAWEPEWE INTERNATIONAL, ZA",-12.9833333,28.65,1270.1,6/5/1984,45.2,4,0,,999.9,,81.7, ,51.6,*,8.9,,0,A,9999.9,0,999.9,,999.9,0,68.3,6,18.6,6,4.2,6
67561099999,"NDOLA SIMON MWANSA KAWEPEWE INTERNATIONAL, ZA",-12.9833333,28.65,1270.1,6/6/1984,46.7,6,0,,999.9,,80.6, ,56.7,*,14,,0,A,9999.9,0,999.9,,999.9,0,69.3,6,18.1,6,7,6
67561099999,"NDOLA SIMON MWANSA KAWEPEWE INTERNATIONAL, ZA",-12.9833333,28.65,1270.1,6/7/1984,38.5,6,0,,999.9,,75.6, ,53.2, ,14,,0,A,9999.9,0,999.9,,999.9,0,63.8,6,17.6,6,8.3,6
67561099999,"NDOLA SIMON MWANSA KAWEPEWE INTERNATIONAL, ZA",-12.9833333,28.65,1270.1,6/8/1984,47,4,0,,999.9,,70, ,51.1, ,8.9,,0,A,9999.9,0,999.9,,999.9,0,58.8,5,18.6,5,6.8,5
67561099999,"NDOLA SIMON MWANSA KAWEPEWE INTERNATIONAL, ZA",-12.9833333,28.65,1270.1,6/9/1984,49.5,7,0,,999.9,,75, ,52.7, ,12,,0,A,9999.9,0,999.9,,999.9,0,64.7,7,18.6,7,5.9,7
67561099999,"NDOLA SIMON MWANSA KAWEPEWE INTERNATIONAL, ZA",-12.9833333,28.65,1270.1,6/10/1984,46.4,7,0,,999.9,,75, ,47.8, ,12,,0,A,9999.9,0,999.9,,999.9,0,62,7,17.8,7,4.3,7
67561099999,"NDOLA SIMON MWANSA KAWEPEWE INTERNATIONAL, ZA",-12.9833333,28.65,1270.1,6/11/1984,46.6,6,0,,999.9,,78.8, ,47.8, ,6,,0,A,9999.9,0,999.9,,999.9,0,60.6,6,17.1,6,1.3,6
67561099999,"NDOLA SIMON MWANSA KAWEPEWE INTERNATIONAL, ZA",-12.9833333,28.65,1270.1,6/13/1984,47.4,6,0,,999.9,,81.3, ,47.3, ,8.9,,0,A,9999.9,0,999.9,,999.9,0,69.1,7,16.6,7,1.9,7
67561099999,"NDOLA SIMON MWANSA KAWEPEWE INTERNATIONAL, ZA",-12.9833333,28.65,1270.1,6/14/1984,47.2,6,0,,999.9,,80.8, ,49.3, ,8,,0,A,9999.9,0,999.9,,999.9,0,68.1,6,14.9,6,4.2,6
67561099999,"NDOLA SIMON MWANSA KAWEPEWE INTERNATIONAL, ZA",-12.9833333,28.65,1270.1,6/15/1984,49.9,6,0,,999.9,,71.8,*,52.9, ,11.1,,0,A,9999.9,0,999.9,,999.9,0,63.9,6,15.5,6,8.3,6
67561099999,"NDOLA SIMON MWANSA KAWEPEWE INTERNATIONAL, ZA",-12.9833333,28.65,1270.1,6/16/1984,48.1,7,0,,999.9,,71.8, ,51.8,*,9.9,,0,A,9999.9,0,999.9,,999.9,0,60.5,7,22.2,7,6.1,7
67561099999,"NDOLA SIMON MWANSA KAWEPEWE INTERNATIONAL, ZA",-12.9833333,28.65,1270.1,6/17/1984,44.1,8,0,,999.9,,72.9, ,46, ,9.9,,0,A,9999.9,0,999.9,,999.9,0,58.7,8,21.7,8,3.6,8
67561099999,"NDOLA SIMON MWANSA KAWEPEWE INTERNATIONAL, ZA",-12.9833333,28.65,1270.1,6/18/1984,42.1,4,0,,999.9,,71.6,*,45.1,*,8.9,,0,A,9999.9,0,999.9,,999.9,0,63.5,4,18.6,4,4.8,4
67561099999,"NDOLA SIMON MWANSA KAWEPEWE INTERNATIONAL, ZA",-12.9833333,28.65,1270.1,6/19/1984,43.6,7,0,,999.9,,75.9, ,41, ,8,,0,A,9999.9,0,999.9,,999.9,0,59.6,7,17.6,7,2.4,7
67561099999,"NDOLA SIMON MWANSA KAWEPEWE INTERNATIONAL, ZA",-12.9833333,28.65,1270.1,6/20/1984,44,6,0,,999.9,,77.9, ,42.1, ,6,,0,A,9999.9,0,999.9,,999.9,0,62.3,7,15.7,7,1.3,7
67561099999,"NDOLA SIMON MWANSA KAWEPEWE INTERNATIONAL, ZA",-12.9833333,28.65,1270.1,6/21/1984,44.7,6,0,,999.9,,80.1, ,43, ,5.1,,0,A,9999.9,0,999.9,,999.9,0,65.3,6,18.1,6,2,6
67561099999,"NDOLA SIMON MWANSA KAWEPEWE INTERNATIONAL, ZA",-12.9833333,28.65,1270.1,6/22/1984,48.2,6,0,,999.9,,80.8, ,46.9, ,9.9,,0,A,9999.9,0,999.9,,999.9,0,63,6,16.2,6,3.5,6
67561099999,"NDOLA SIMON MWANSA KAWEPEWE INTERNATIONAL, ZA",-12.9833333,28.65,1270.1,6/23/1984,46.9,5,0,,999.9,,78.1,*,48.6, ,9.9,,0,A,9999.9,0,999.9,,999.9,0,67.8,5,18.6,5,5.6,5
67561099999,"NDOLA SIMON MWANSA KAWEPEWE INTERNATIONAL, ZA",-12.9833333,28.65,1270.1,6/24/1984,47.3,5,0,,999.9,,79.5, ,50.4,*,5.1,,0,I,9999.9,0,999.9,,999.9,0,64.6,5,18.6,5,2.8,5
67561099999,"NDOLA SIMON MWANSA KAWEPEWE INTERNATIONAL, ZA",-12.9833333,28.65,1270.1,6/25/1984,46.5,7,0,,999.9,,79.5, ,49.1, ,7,,0,A,9999.9,0,999.9,,999.9,0,64,7,19.4,7,2.7,7
67561099999,"NDOLA SIMON MWANSA KAWEPEWE INTERNATIONAL, ZA",-12.9833333,28.65,1270.1,6/26/1984,48,8,0,,999.9,,75.9, ,53.8, ,8,,0,A,9999.9,0,999.9,,999.9,0,65.5,8,17.9,8,2.7,8
67561099999,"NDOLA SIMON MWANSA KAWEPEWE INTERNATIONAL, ZA",-12.9833333,28.65,1270.1,6/27/1984,49.5,7,0,,999.9,,75.4, ,57.6, ,8.9,,0,A,9999.9,0,999.9,,999.9,0,64.9,7,18.6,7,6.1,7
67561099999,"NDOLA SIMON MWANSA KAWEPEWE INTERNATIONAL, ZA",-12.9833333,28.65,1270.1,6/28/1984,48,7,0,,999.9,,75.2, ,54.9, ,15.9,,0,A,9999.9,0,999.9,,999.9,0,63.3,7,18.6,7,5.4,7
67561099999,"NDOLA SIMON MWANSA KAWEPEWE INTERNATIONAL, ZA",-12.9833333,28.65,1270.1,6/29/1984,46.6,6,0,,999.9,,75.9, ,54.1, ,5.1,,0,A,9999.9,0,999.9,,999.9,0,63,6,17.4,5,2.2,6
67561099999,"NDOLA SIMON MWANSA KAWEPEWE INTERNATIONAL, ZA",-12.9833333,28.65,1270.1,6/30/1984,45.6,6,0,,999.9,,75.2,*,49.5, ,8,,0,A,9999.9,0,999.9,,999.9,0,65.6,6,18.6,6,3.7,6
67561099999,"NDOLA SIMON MWANSA KAWEPEWE INTERNATIONAL, ZA",-12.9833333,28.65,1270.1,7/1/1984,41.3,5,0,,999.9,,78.6, ,45.9, ,6,,0,A,9999.9,0,999.9,,999.9,0,68.6,5,17.4,5,3.3,4
67561099999,"NDOLA SIMON MWANSA KAWEPEWE INTERNATIONAL, ZA",-12.9833333,28.65,1270.1,7/2/1984,40.8,7,0,,999.9,,78.1, ,50.7,*,6,,0,A,9999.9,0,999.9,,999.9,0,63.4,7,16.7,7,2.9,7
67561099999,"NDOLA SIMON MWANSA KAWEPEWE INTERNATIONAL, ZA",-12.9833333,28.65,1270.1,7/3/1984,39.1,8,0,,999.9,,78.4, ,44.2, ,8.9,,0,A,9999.9,0,999.9,,999.9,0,61.8,8,16.9,8,3,8
67561099999,"NDOLA SIMON MWANSA KAWEPEWE INTERNATIONAL, ZA",-12.9833333,28.65,1270.1,7/4/1984,40.2,7,0,,999.9,,76.8, ,48.2, ,8,,0,A,9999.9,0,999.9,,999.9,0,66.3,7,15.6,7,4,7
67561099999,"NDOLA SIMON MWANSA KAWEPEWE INTERNATIONAL, ZA",-12.9833333,28.65,1270.1,7/5/1984,43.7,6,0,,999.9,,76.3, ,45.9, ,8,,0,A,9999.9,0,999.9,,999.9,0,66.2,6,20.7,6,4.1,6
67561099999,"NDOLA SIMON MWANSA KAWEPEWE INTERNATIONAL, ZA",-12.9833333,28.65,1270.1,7/6/1984,46,7,0,,999.9,,79.2, ,45.5, ,8,,0,A,9999.9,0,999.9,,999.9,0,63.4,7,16.3,7,2,6
67561099999,"NDOLA SIMON MWANSA KAWEPEWE INTERNATIONAL, ZA",-12.9833333,28.65,1270.1,7/7/1984,47.7,7,0,,999.9,,79.9, ,51.1, ,6,,0,A,9999.9,0,999.9,,999.9,0,65,7,18.6,7,3.3,7
67561099999,"NDOLA SIMON MWANSA KAWEPEWE INTERNATIONAL, ZA",-12.9833333,28.65,1270.1,7/8/1984,48.7,6,0,,999.9,,73.4,*,51.1, ,8,,0,A,9999.9,0,999.9,,999.9,0,63.8,6,18.6,6,4.5,6
67561099999,"NDOLA SIMON MWANSA KAWEPEWE INTERNATIONAL, ZA",-12.9833333,28.65,1270.1,7/9/1984,46.2,6,0,,999.9,,75.6,*,50.9, ,9.9,,0,A,9999.9,0,999.9,,999.9,0,64,6,18.6,6,4.5,6
67561099999,"NDOLA SIMON MWANSA KAWEPEWE INTERNATIONAL, ZA",-12.9833333,28.65,1270.1,7/10/1984,44.3,6,0,,999.9,,74.3,*,48.2,*,6,,0,A,9999.9,0,999.9,,999.9,0,61.6,6,18.1,6,3,6
67561099999,"NDOLA SIMON MWANSA KAWEPEWE INTERNATIONAL, ZA",-12.9833333,28.65,1270.1,7/11/1984,43.6,7,0,,999.9,,75.9, ,47.5, ,8.9,,0,A,9999.9,0,999.9,,999.9,0,62.5,7,18.2,7,3.8,7
67561099999,"NDOLA SIMON MWANSA KAWEPEWE INTERNATIONAL, ZA",-12.9833333,28.65,1270.1,7/12/1984,44.4,6,0,,999.9,,77.4, ,47.5, ,8.9,,0,A,9999.9,0,999.9,,999.9,0,66,6,18.6,6,3,6
67561099999,"NDOLA SIMON MWANSA KAWEPEWE INTERNATIONAL, ZA",-12.9833333,28.65,1270.1,7/13/1984,45.5,7,0,,999.9,,77.7, ,47.3, ,8.9,,0,A,9999.9,0,999.9,,999.9,0,64.7,7,16.7,7,5.4,7
67561099999,"NDOLA SIMON MWANSA KAWEPEWE INTERNATIONAL, ZA",-12.9833333,28.65,1270.1,7/14/1984,47.7,8,0,,999.9,,77.9, ,50.4, ,8.9,,0,A,9999.9,0,999.9,,999.9,0,63.3,8,17.5,8,3,8
67561099999,"NDOLA SIMON MWANSA KAWEPEWE INTERNATIONAL, ZA",-12.9833333,28.65,1270.1,7/15/1984,43.6,5,0,,999.9,,77.5, ,45.5, ,8,,0,A,9999.9,0,999.9,,999.9,0,64.4,6,15.6,6,4.2,6
67561099999,"NDOLA SIMON MWANSA KAWEPEWE INTERNATIONAL, ZA",-12.9833333,28.65,1270.1,7/16/1984,41,7,0,,999.9,,77, ,43.5, ,14,,0,A,9999.9,0,999.9,,999.9,0,62.5,7,16.8,7,6.1,7
67561099999,"NDOLA SIMON MWANSA KAWEPEWE INTERNATIONAL, ZA",-12.9833333,28.65,1270.1,7/17/1984,37.2,7,0,,999.9,,74.7, ,46.4, ,16.9,,0,A,9999.9,0,999.9,,999.9,0,62.7,7,18.6,7,9.7,7
67561099999,"NDOLA SIMON MWANSA KAWEPEWE INTERNATIONAL, ZA",-12.9833333,28.65,1270.1,7/18/1984,42.4,7,0,,999.9,,75.9, ,42.8, ,7,,0,A,9999.9,0,999.9,,999.9,0,61.9,7,16.6,6,3.3,7
67561099999,"NDOLA SIMON MWANSA KAWEPEWE INTERNATIONAL, ZA",-12.9833333,28.65,1270.1,7/19/1984,41.7,7,0,,999.9,,78.6, ,44.6, ,6,,0,B,9999.9,0,999.9,,999.9,0,62.3,7,16.7,7,2.3,7
67561099999,"NDOLA SIMON MWANSA KAWEPEWE INTERNATIONAL, ZA",-12.9833333,28.65,1270.1,7/20/1984,38.4,7,0,,999.9,,79.5, ,42.6, ,6,,0,A,9999.9,0,999.9,,999.9,0,62.5,7,16.7,7,2.9,7
67561099999,"NDOLA SIMON MWANSA KAWEPEWE INTERNATIONAL, ZA",-12.9833333,28.65,1270.1,7/26/1984,42.6,7,0,,999.9,,77.9, ,52.3, ,14,,0,A,9999.9,0,999.9,,999.9,0,66.8,7,18.6,7,6.9,7
67561099999,"NDOLA SIMON MWANSA KAWEPEWE INTERNATIONAL, ZA",-12.9833333,28.65,1270.1,7/27/1984,42.8,6,0,,999.9,,80.2, ,52.7, ,7,,0,A,9999.9,0,999.9,,999.9,0,69.7,6,16.4,6,3.5,6
67561099999,"NDOLA SIMON MWANSA KAWEPEWE INTERNATIONAL, ZA",-12.9833333,28.65,1270.1,7/28/1984,43.9,7,0,,999.9,,81.3, ,52, ,8,,0,A,9999.9,0,999.9,,999.9,0,66.7,7,15.5,7,2.7,6
67561099999,"NDOLA SIMON MWANSA KAWEPEWE INTERNATIONAL, ZA",-12.9833333,28.65,1270.1,7/29/1984,40.6,7,0,,999.9,,80.8, ,47.7, ,8.9,,0,A,9999.9,0,999.9,,999.9,0,65.6,7,13.8,7,4.6,7
67561099999,"NDOLA SIMON MWANSA KAWEPEWE INTERNATIONAL, ZA",-12.9833333,28.65,1270.1,7/30/1984,42.3,6,0,,999.9,,81.3, ,50, ,9.9,,0,A,9999.9,0,999.9,,999.9,0,65.1,6,22.8,6,4.3,6
67561099999,"NDOLA SIMON MWANSA KAWEPEWE INTERNATIONAL, ZA",-12.9833333,28.65,1270.1,7/31/1984,42.1,7,0,,999.9,,76.5,*,52.7, ,8.9,,0,A,9999.9,0,999.9,,999.9,0,65.8,7,25.7,7,6.4,7
67561099999,"NDOLA SIMON MWANSA KAWEPEWE INTERNATIONAL, ZA",-12.9833333,28.65,1270.1,8/1/1984,38.3,4,0,,999.9,,76.1, ,49.3, ,12,,0,A,9999.9,0,999.9,,999.9,0,63.3,4,17.1,4,8.2,4
67561099999,"NDOLA SIMON MWANSA KAWEPEWE INTERNATIONAL, ZA",-12.9833333,28.65,1270.1,8/2/1984,42.7,6,0,,999.9,,74.3, ,48.9, ,12,,0,A,9999.9,0,999.9,,999.9,0,62.7,7,18.2,7,8.1,7
67561099999,"NDOLA SIMON MWANSA KAWEPEWE INTERNATIONAL, ZA",-12.9833333,28.65,1270.1,8/3/1984,44.5,5,0,,999.9,,79.3, ,48, ,8,,0,I,9999.9,0,999.9,,999.9,0,59.1,5,18,5,3.4,5
67561099999,"NDOLA SIMON MWANSA KAWEPEWE INTERNATIONAL, ZA",-12.9833333,28.65,1270.1,8/4/1984,41,6,0,,999.9,,79.9, ,47.8, ,7,,0,A,9999.9,0,999.9,,999.9,0,67.9,6,18.6,6,3.8,6
67561099999,"NDOLA SIMON MWANSA KAWEPEWE INTERNATIONAL, ZA",-12.9833333,28.65,1270.1,8/5/1984,41.3,6,0,,999.9,,81.1, ,44.6, ,6,,0,A,9999.9,0,999.9,,999.9,0,64.5,7,20.1,7,2.3,7
67561099999,"NDOLA SIMON MWANSA KAWEPEWE INTERNATIONAL, ZA",-12.9833333,28.65,1270.1,8/6/1984,37.9,6,0,,999.9,,79.7, ,45, ,9.9,,0,A,9999.9,0,999.9,,999.9,0,62.2,6,20.4,6,3.1,6
67561099999,"NDOLA SIMON MWANSA KAWEPEWE INTERNATIONAL, ZA",-12.9833333,28.65,1270.1,8/7/1984,40.4,5,0,,999.9,,79.3, ,48.6, ,11.1,,0,A,9999.9,0,999.9,,999.9,0,65.6,5,14.5,5,5,5
67561099999,"NDOLA SIMON MWANSA KAWEPEWE INTERNATIONAL, ZA",-12.9833333,28.65,1270.1,8/8/1984,37.3,5,0,,999.9,,76.8, ,57.2,*,15,,0,A,9999.9,0,999.9,,999.9,0,65.8,5,16.8,5,7.2,5
67561099999,"NDOLA SIMON MWANSA KAWEPEWE INTERNATIONAL, ZA",-12.9833333,28.65,1270.1,8/9/1984,39.6,7,0,,999.9,,77, ,45.5, ,7,,0,A,9999.9,0,999.9,,999.9,0,63.3,7,20.4,7,3.3,7
67561099999,"NDOLA SIMON MWANSA KAWEPEWE INTERNATIONAL, ZA",-12.9833333,28.65,1270.1,8/10/1984,39.3,5,0,,999.9,,81.1, ,45.7, ,5.1,,0,A,9999.9,0,999.9,,999.9,0,66,5,13.7,5,2.2,5
67561099999,"NDOLA SIMON MWANSA KAWEPEWE INTERNATIONAL, ZA",-12.9833333,28.65,1270.1,8/11/1984,40.3,5,0,,999.9,,82,*,46.9, ,6,,0,A,9999.9,0,999.9,,999.9,0,63.3,5,14.4,5,1.8,5
67561099999,"NDOLA SIMON MWANSA KAWEPEWE INTERNATIONAL, ZA",-12.9833333,28.65,1270.1,8/12/1984,35.2,7,0,,999.9,,83.3, ,47.8, ,12,,0,A,9999.9,0,999.9,,999.9,0,71.3,7,16.4,7,7,7
67561099999,"NDOLA SIMON MWANSA KAWEPEWE INTERNATIONAL, ZA",-12.9833333,28.65,1270.1,8/13/1984,31,5,0,,999.9,,83.7, ,48.9, ,9.9,,0,A,9999.9,0,999.9,,999.9,0,71.8,5,14.9,5,5.7,5
67561099999,"NDOLA SIMON MWANSA KAWEPEWE INTERNATIONAL, ZA",-12.9833333,28.65,1270.1,8/14/1984,38.6,6,0,,999.9,,84.2,*,50.7,*,12,,0,I,9999.9,0,999.9,,999.9,0,69.6,6,14.3,5,7.2,6
67561099999,"NDOLA SIMON MWANSA KAWEPEWE INTERNATIONAL, ZA",-12.9833333,28.65,1270.1,8/15/1984,40.4,6,0,,999.9,,77.4,*,51.3, ,9.9,,0,A,9999.9,0,999.9,,999.9,0,66.8,6,15,6,7.3,6
67561099999,"NDOLA SIMON MWANSA KAWEPEWE INTERNATIONAL, ZA",-12.9833333,28.65,1270.1,8/16/1984,39,4,0,,999.9,,76.8,*,52.5, ,8,,0,A,9999.9,0,999.9,,999.9,0,71.9,4,14.8,4,6.8,4
67561099999,"NDOLA SIMON MWANSA KAWEPEWE INTERNATIONAL, ZA",-12.9833333,28.65,1270.1,8/18/1984,38.5,5,0,,999.9,,75.2, ,51.6, ,13,,0,I,9999.9,0,999.9,,999.9,0,68.8,5,23.6,5,11,5
67561099999,"NDOLA SIMON MWANSA KAWEPEWE INTERNATIONAL, ZA",-12.9833333,28.65,1270.1,8/19/1984,36,7,0,,999.9,,76.8,*,51.8, ,13,,0,A,9999.9,0,999.9,,999.9,0,65.1,7,17.8,7,7.8,7
67561099999,"NDOLA SIMON MWANSA KAWEPEWE INTERNATIONAL, ZA",-12.9833333,28.65,1270.1,8/20/1984,34.1,5,0,,999.9,,80.6, ,46, ,9.9,,0,A,9999.9,0,999.9,,999.9,0,66.6,5,17.4,5,6.4,5
67561099999,"NDOLA SIMON MWANSA KAWEPEWE INTERNATIONAL, ZA",-12.9833333,28.65,1270.1,8/21/1984,37.3,5,0,,999.9,,79.5,*,41, ,2.9,,0,A,9999.9,0,999.9,,999.9,0,62.6,5,11.8,5,1.6,5
67561099999,"NDOLA SIMON MWANSA KAWEPEWE INTERNATIONAL, ZA",-12.9833333,28.65,1270.1,8/22/1984,29.8,5,0,,999.9,,83.3, ,47.3, ,8.9,,0,A,9999.9,0,999.9,,999.9,0,73.1,5,12.9,5,5.7,5
67561099999,"NDOLA SIMON MWANSA KAWEPEWE INTERNATIONAL, ZA",-12.9833333,28.65,1270.1,8/23/1984,32.3,6,0,,999.9,,80.4,*,45, ,15,,0,A,9999.9,0,999.9,,999.9,0,69.1,6,10.1,6,4.5,4
67561099999,"NDOLA SIMON MWANSA KAWEPEWE INTERNATIONAL, ZA",-12.9833333,28.65,1270.1,8/24/1984,38.7,8,100000,,999.9,,84.9, ,49.6,*,8.9,,0,I,9999.9,0,999.9,,999.9,0,67.1,8,6.8,8,2.7,8
67561099999,"NDOLA SIMON MWANSA KAWEPEWE INTERNATIONAL, ZA",-12.9833333,28.65,1270.1,8/25/1984,39.6,6,0,,999.9,,86.5, ,48.7, ,8.9,,0,A,9999.9,0,999.9,,999.9,0,67.2,6,6.8,6,4.1,6
67561099999,"NDOLA SIMON MWANSA KAWEPEWE INTERNATIONAL, ZA",-12.9833333,28.65,1270.1,8/26/1984,41.7,7,0,,999.9,,87.1, ,47.7, ,8,,0,A,9999.9,0,999.9,,999.9,0,69.2,7,6.8,7,3.3,6
67561099999,"NDOLA SIMON MWANSA KAWEPEWE INTERNATIONAL, ZA",-12.9833333,28.65,1270.1,8/27/1984,42.9,5,0,,999.9,,87.6, ,52,*,6,,0,A,9999.9,0,999.9,,999.9,0,70.5,5,5,5,2.3,4
67561099999,"NDOLA SIMON MWANSA KAWEPEWE INTERNATIONAL, ZA",-12.9833333,28.65,1270.1,8/28/1984,47.5,5,0,,999.9,,86, ,57.7, ,7,,0,A,9999.9,0,999.9,,999.9,0,77.2,5,6.1,5,3.5,4
67561099999,"NDOLA SIMON MWANSA KAWEPEWE INTERNATIONAL, ZA",-12.9833333,28.65,1270.1,8/29/1984,45.2,5,0,,999.9,,86.5, ,55.9, ,9.9,,0,A,9999.9,0,999.9,,999.9,0,66.7,5,9.1,5,5,5
67561099999,"NDOLA SIMON MWANSA KAWEPEWE INTERNATIONAL, ZA",-12.9833333,28.65,1270.1,8/30/1984,41.5,7,0,,999.9,,84.9,*,58.1,*,13,,0,A,9999.9,0,999.9,,999.9,0,72,7,11.7,7,6.9,7
67561099999,"NDOLA SIMON MWANSA KAWEPEWE INTERNATIONAL, ZA",-12.9833333,28.65,1270.1,8/31/1984,43,7,0,,999.9,,84, ,55.4, ,13,,0,A,9999.9,0,999.9,,999.9,0,69.8,7,8.3,7,7.7,7
67561099999,"NDOLA SIMON MWANSA KAWEPEWE INTERNATIONAL, ZA",-12.9833333,28.65,1270.1,9/1/1984,38.1,8,0,,999.9,,84.4, ,52.2,*,13,,0,A,9999.9,0,999.9,,999.9,0,67.8,8,7.8,8,6.9,8
67561099999,"NDOLA SIMON MWANSA KAWEPEWE INTERNATIONAL, ZA",-12.9833333,28.65,1270.1,9/2/1984,38,8,0,,999.9,,88.2, ,52.9, ,11.1,,0,A,9999.9,0,999.9,,999.9,0,70.8,8,11.7,8,7,8
67561099999,"NDOLA SIMON MWANSA KAWEPEWE INTERNATIONAL, ZA",-12.9833333,28.65,1270.1,9/3/1984,37.7,7,0,,999.9,,87.8,*,50.2, ,9.9,,0,A,9999.9,0,999.9,,999.9,0,72.2,7,8,7,3.7,7
67561099999,"NDOLA SIMON MWANSA KAWEPEWE INTERNATIONAL, ZA",-12.9833333,28.65,1270.1,9/4/1984,31.5,7,0,,999.9,,92.8, ,51.1, ,7,,0,A,9999.9,0,999.9,,999.9,0,74.5,7,8.3,7,2.7,7
67561099999,"NDOLA SIMON MWANSA KAWEPEWE INTERNATIONAL, ZA",-12.9833333,28.65,1270.1,9/5/1984,32.6,7,0,,999.9,,94.1, ,52.3, ,7,,0,A,9999.9,0,999.9,,999.9,0,74.8,7,4.9,7,1.3,7
67561099999,"NDOLA SIMON MWANSA KAWEPEWE INTERNATIONAL, ZA",-12.9833333,28.65,1270.1,9/6/1984,35.8,6,0,,999.9,,93.4, ,52.5, ,5.1,,0,A,9999.9,0,999.9,,999.9,0,71.7,6,3.4,6,1.5,6
67561099999,"NDOLA SIMON MWANSA KAWEPEWE INTERNATIONAL, ZA",-12.9833333,28.65,1270.1,9/7/1984,40,7,0,,999.9,,91.6, ,54.7, ,9.9,,0,A,9999.9,0,999.9,,999.9,0,74.5,7,4.5,7,3.7,7
67561099999,"NDOLA SIMON MWANSA KAWEPEWE INTERNATIONAL, ZA",-12.9833333,28.65,1270.1,9/8/1984,45,6,0,,999.9,,90.9, ,58.1, ,8.9,,0,A,9999.9,0,999.9,,999.9,0,78.5,6,6.6,6,6.3,6
67561099999,"NDOLA SIMON MWANSA KAWEPEWE INTERNATIONAL, ZA",-12.9833333,28.65,1270.1,9/9/1984,40.5,7,0,,999.9,,91.2, ,56.7, ,9.9,,0,A,9999.9,0,999.9,,999.9,0,77.1,7,9.7,7,5.2,7
67561099999,"NDOLA SIMON MWANSA KAWEPEWE INTERNATIONAL, ZA",-12.9833333,28.65,1270.1,9/10/1984,38.3,8,0,,999.9,,92.5, ,57.2, ,15.9,,0,A,9999.9,0,999.9,,999.9,0,73.1,8,8.1,8,7,8
67561099999,"NDOLA SIMON MWANSA KAWEPEWE INTERNATIONAL, ZA",-12.9833333,28.65,1270.1,9/11/1984,41.7,6,0,,999.9,,88,*,58.6,*,11.1,,0,A,9999.9,0,999.9,,999.9,0,74.2,6,7.8,6,6.8,6
67561099999,"NDOLA SIMON MWANSA KAWEPEWE INTERNATIONAL, ZA",-12.9833333,28.65,1270.1,9/12/1984,42.5,7,0,,999.9,,90.9, ,62.8,*,13,,0,A,9999.9,0,999.9,,999.9,0,76.8,7,7.5,6,8.3,6
67561099999,"NDOLA SIMON MWANSA KAWEPEWE INTERNATIONAL, ZA",-12.9833333,28.65,1270.1,9/13/1984,40,6,0,,999.9,,91, ,56.1, ,8,,0,A,9999.9,0,999.9,,999.9,0,75.9,6,5.5,6,5.3,6
67561099999,"NDOLA SIMON MWANSA KAWEPEWE INTERNATIONAL, ZA",-12.9833333,28.65,1270.1,9/14/1984,38.8,7,0,,999.9,,92.1, ,54.5, ,8.9,,0,A,9999.9,0,999.9,,999.9,0,74.7,7,5.1,7,3,6
67561099999,"NDOLA SIMON MWANSA KAWEPEWE INTERNATIONAL, ZA",-12.9833333,28.65,1270.1,9/15/1984,38.6,8,0,,999.9,,91.2, ,59.7, ,13,,0,A,9999.9,0,999.9,,999.9,0,76.7,8,6.7,8,6.5,8
67561099999,"NDOLA SIMON MWANSA KAWEPEWE INTERNATIONAL, ZA",-12.9833333,28.65,1270.1,9/16/1984,42,5,0,,999.9,,90, ,61, ,9.9,,0,A,9999.9,0,999.9,,999.9,0,71.7,5,5.7,5,5.8,5
67561099999,"NDOLA SIMON MWANSA KAWEPEWE INTERNATIONAL, ZA",-12.9833333,28.65,1270.1,9/17/1984,41.6,8,0,,999.9,,88.3, ,57.6, ,8,,0,A,9999.9,0,999.9,,999.9,0,73.3,8,8.9,8,4.5,8
67561099999,"NDOLA SIMON MWANSA KAWEPEWE INTERNATIONAL, ZA",-12.9833333,28.65,1270.1,9/18/1984,42,8,0,,999.9,,88.3, ,59, ,13,,0,A,9999.9,0,999.9,,999.9,0,73.3,8,6.4,8,4.6,8
67561099999,"NDOLA SIMON MWANSA KAWEPEWE INTERNATIONAL, ZA",-12.9833333,28.65,1270.1,9/19/1984,43.6,8,10000,,999.9,,90, ,60.6, ,9.9,,0,H,9999.9,0,999.9,,999.9,0,75.8,8,7.8,8,5.9,8
67561099999,"NDOLA SIMON MWANSA KAWEPEWE INTERNATIONAL, ZA",-12.9833333,28.65,1270.1,9/20/1984,43.7,7,0,,999.9,,91, ,61.3, ,9.9,,0.01,G,9999.9,0,999.9,,999.9,0,78.7,7,12,7,6.1,7
67561099999,"NDOLA SIMON MWANSA KAWEPEWE INTERNATIONAL, ZA",-12.9833333,28.65,1270.1,9/21/1984,45.6,6,0,,999.9,,90, ,61.7, ,11.1,,0,G,9999.9,0,999.9,,999.9,0,79.8,6,9.8,6,5.8,6
67561099999,"NDOLA SIMON MWANSA KAWEPEWE INTERNATIONAL, ZA",-12.9833333,28.65,1270.1,9/22/1984,45.8,6,0,,999.9,,88.2, ,61.9, ,12,,0,A,9999.9,0,999.9,,999.9,0,78,6,9.8,6,10.1,6
67561099999,"NDOLA SIMON MWANSA KAWEPEWE INTERNATIONAL, ZA",-12.9833333,28.65,1270.1,9/23/1984,48.6,5,10010,,999.9,,85.3, ,69.6,*,14,,99.99, ,9999.9,0,999.9,,999.9,0,75.3,5,13.7,5,11.2,5
67561099999,"NDOLA SIMON MWANSA KAWEPEWE INTERNATIONAL, ZA",-12.9833333,28.65,1270.1,9/24/1984,46.2,7,0,,999.9,,86.4, ,56.5, ,12,,0,G,9999.9,0,999.9,,999.9,0,73,7,9.5,7,6.9,7
67561099999,"NDOLA SIMON MWANSA KAWEPEWE INTERNATIONAL, ZA",-12.9833333,28.65,1270.1,9/25/1984,41.7,7,0,,999.9,,88, ,61, ,13,,0,B,9999.9,0,999.9,,999.9,0,73.5,7,11.1,7,8.3,7
67561099999,"NDOLA SIMON MWANSA KAWEPEWE INTERNATIONAL, ZA",-12.9833333,28.65,1270.1,9/26/1984,40.3,8,0,,999.9,,90.5, ,57.2, ,11.1,,0,A,9999.9,0,999.9,,999.9,0,74.5,8,12,8,6.8,8
67561099999,"NDOLA SIMON MWANSA KAWEPEWE INTERNATIONAL, ZA",-12.9833333,28.65,1270.1,9/27/1984,28.6,8,0,,999.9,,90.3, ,58.8, ,16.9,,0,A,9999.9,0,999.9,,999.9,0,76.8,8,12.4,7,9,8
67561099999,"NDOLA SIMON MWANSA KAWEPEWE INTERNATIONAL, ZA",-12.9833333,28.65,1270.1,9/28/1984,37.1,8,0,,999.9,,88.7, ,56.1, ,12,,0,A,9999.9,0,999.9,,999.9,0,74.3,8,9.3,8,7.5,8
67561099999,"NDOLA SIMON MWANSA KAWEPEWE INTERNATIONAL, ZA",-12.9833333,28.65,1270.1,9/29/1984,42.8,7,0,,999.9,,90.1, ,61.3,*,11.1,,0,A,9999.9,0,999.9,,999.9,0,76.2,7,10.5,7,6.9,7
67561099999,"NDOLA SIMON MWANSA KAWEPEWE INTERNATIONAL, ZA",-12.9833333,28.65,1270.1,9/30/1984,42.7,8,0,,999.9,,89.1, ,59.5, ,11.1,,0,A,9999.9,0,999.9,,999.9,0,75.2,8,13.2,8,4.9,7
67561099999,"NDOLA SIMON MWANSA KAWEPEWE INTERNATIONAL, ZA",-12.9833333,28.65,1270.1,10/1/1984,45,7,0,,999.9,,90, ,57.7, ,6,,0,B,9999.9,0,999.9,,999.9,0,75.1,7,9.4,7,3.2,7
67561099999,"NDOLA SIMON MWANSA KAWEPEWE INTERNATIONAL, ZA",-12.9833333,28.65,1270.1,10/2/1984,46.1,7,0,,999.9,,90.7, ,57.7, ,8.9,,0,A,9999.9,0,999.9,,999.9,0,74.8,7,6.3,6,3.5,6
67561099999,"NDOLA SIMON MWANSA KAWEPEWE INTERNATIONAL, ZA",-12.9833333,28.65,1270.1,10/3/1984,48.1,5,10,,999.9,,90.3, ,71.6,*,11.1,,0,A,9999.9,0,999.9,,999.9,0,81.7,5,9.2,5,4.4,5
67561099999,"NDOLA SIMON MWANSA KAWEPEWE INTERNATIONAL, ZA",-12.9833333,28.65,1270.1,10/4/1984,55.5,8,10,,999.9,,87.1, ,61.5, ,9.9,,0,G,9999.9,0,999.9,,999.9,0,74.4,8,8.2,8,2.4,8
67561099999,"NDOLA SIMON MWANSA KAWEPEWE INTERNATIONAL, ZA",-12.9833333,28.65,1270.1,10/5/1984,58.6,6,10010,,999.9,,84.4, ,61,*,7,,0.2,G,9999.9,0,999.9,,999.9,0,71.3,7,8.4,7,2,7
67561099999,"NDOLA SIMON MWANSA KAWEPEWE INTERNATIONAL, ZA",-12.9833333,28.65,1270.1,10/6/1984,55,7,10000,,999.9,,86,*,61.2, ,8.9,,1.02,G,9999.9,0,999.9,,999.9,0,73.1,7,7.9,7,5.4,7
67561099999,"NDOLA SIMON MWANSA KAWEPEWE INTERNATIONAL, ZA",-12.9833333,28.65,1270.1,10/7/1984,54.8,7,0,,999.9,,88.2, ,61.9, ,8,,0,G,9999.9,0,999.9,,999.9,0,75.3,7,9.4,7,3,7
67561099999,"NDOLA SIMON MWANSA KAWEPEWE INTERNATIONAL, ZA",-12.9833333,28.65,1270.1,10/8/1984,47.9,8,0,,999.9,,88.9, ,62.1, ,12,,0,A,9999.9,0,999.9,,999.9,0,75.4,8,12.4,8,8,6
67561099999,"NDOLA SIMON MWANSA KAWEPEWE INTERNATIONAL, ZA",-12.9833333,28.65,1270.1,10/9/1984,46.1,7,0,,999.9,,90.3, ,63.9,*,9.9,,0,I,9999.9,0,999.9,,999.9,0,76.6,7,15.5,7,7,7
67561099999,"NDOLA SIMON MWANSA KAWEPEWE INTERNATIONAL, ZA",-12.9833333,28.65,1270.1,10/10/1984,47.4,8,0,,999.9,,90, ,65.1, ,13,,0,A,9999.9,0,999.9,,999.9,0,76.4,8,15.1,8,6.3,8
67561099999,"NDOLA SIMON MWANSA KAWEPEWE INTERNATIONAL, ZA",-12.9833333,28.65,1270.1,10/11/1984,48,4,0,,999.9,,87.8,*,61, ,13,,0,A,9999.9,0,999.9,,999.9,0,82.9,4,12.4,4,6.3,4
67561099999,"NDOLA SIMON MWANSA KAWEPEWE INTERNATIONAL, ZA",-12.9833333,28.65,1270.1,10/12/1984,48,6,0,,999.9,,91.8, ,60.8, ,12,,0,A,9999.9,0,999.9,,999.9,0,76.7,6,11.4,6,6,6
67561099999,"NDOLA SIMON MWANSA KAWEPEWE INTERNATIONAL, ZA",-12.9833333,28.65,1270.1,10/13/1984,47.5,6,0,,999.9,,92.5, ,61.3, ,7,,0,A,9999.9,0,999.9,,999.9,0,77.1,6,10.9,6,3,6
67561099999,"NDOLA SIMON MWANSA KAWEPEWE INTERNATIONAL, ZA",-12.9833333,28.65,1270.1,10/14/1984,47.4,6,0,,999.9,,92.3, ,61.2, ,8,,0,A,9999.9,0,999.9,,999.9,0,80.1,6,8.4,6,3.8,6
67561099999,"NDOLA SIMON MWANSA KAWEPEWE INTERNATIONAL, ZA",-12.9833333,28.65,1270.1,10/15/1984,43.1,7,0,,999.9,,94.1, ,58.3, ,9.9,,0,A,9999.9,0,999.9,,999.9,0,77.4,7,10.2,7,3.4,7
67561099999,"NDOLA SIMON MWANSA KAWEPEWE INTERNATIONAL, ZA",-12.9833333,28.65,1270.1,10/16/1984,39.7,4,0,,999.9,,93.2, ,61, ,15.9,,0,A,9999.9,0,999.9,,999.9,0,76.5,4,8.5,4,8.4,4
67561099999,"NDOLA SIMON MWANSA KAWEPEWE INTERNATIONAL, ZA",-12.9833333,28.65,1270.1,10/18/1984,53.1,7,0,,999.9,,86, ,64.6,*,9.9,,0,I,9999.9,0,999.9,,999.9,0,74.7,7,11.1,7,7.4,7
67561099999,"NDOLA SIMON MWANSA KAWEPEWE INTERNATIONAL, ZA",-12.9833333,28.65,1270.1,10/20/1984,40.3,4,0,,999.9,,89.6,*,60.8, ,8.9,,0,A,9999.9,0,999.9,,999.9,0,84.3,4,17.1,4,6.3,4
67561099999,"NDOLA SIMON MWANSA KAWEPEWE INTERNATIONAL, ZA",-12.9833333,28.65,1270.1,10/21/1984,41.4,4,0,,999.9,,88.5,*,59.9, ,7,,0,A,9999.9,0,999.9,,999.9,0,82.8,4,13.2,4,5.5,4
67561099999,"NDOLA SIMON MWANSA KAWEPEWE INTERNATIONAL, ZA",-12.9833333,28.65,1270.1,10/22/1984,41.9,4,0,,999.9,,92.3, ,62.8, ,12,,0,A,9999.9,0,999.9,,999.9,0,83,4,15.5,4,8,4
67561099999,"NDOLA SIMON MWANSA KAWEPEWE INTERNATIONAL, ZA",-12.9833333,28.65,1270.1,10/24/1984,49,6,0,,999.9,,90.5, ,63.5, ,12,,0,A,9999.9,0,999.9,,999.9,0,77.4,7,16,7,7.6,7
67561099999,"NDOLA SIMON MWANSA KAWEPEWE INTERNATIONAL, ZA",-12.9833333,28.65,1270.1,10/25/1984,49.8,5,0,,999.9,,90.9, ,63.1, ,13,,0,A,9999.9,0,999.9,,999.9,0,82.4,5,17.4,5,8.4,5
67561099999,"NDOLA SIMON MWANSA KAWEPEWE INTERNATIONAL, ZA",-12.9833333,28.65,1270.1,10/26/1984,54.2,6,10010,,999.9,,89.8, ,63.3, ,9.9,,0,H,9999.9,0,999.9,,999.9,0,76.6,6,15.5,6,6.8,6
67561099999,"NDOLA SIMON MWANSA KAWEPEWE INTERNATIONAL, ZA",-12.9833333,28.65,1270.1,10/27/1984,51.2,6,0,,999.9,,90.3, ,61, ,8.9,,1.77,G,9999.9,0,999.9,,999.9,0,80.4,6,17.6,6,6,6
67561099999,"NDOLA SIMON MWANSA KAWEPEWE INTERNATIONAL, ZA",-12.9833333,28.65,1270.1,10/28/1984,49.7,7,0,,999.9,,93.4, ,63.9, ,11.1,,0,G,9999.9,0,999.9,,999.9,0,80.4,7,17.3,7,6.7,7
67561099999,"NDOLA SIMON MWANSA KAWEPEWE INTERNATIONAL, ZA",-12.9833333,28.65,1270.1,10/29/1984,50.4,7,0,,999.9,,91.6, ,71.6, ,15,,0,A,9999.9,0,999.9,,999.9,0,80.9,7,15.1,7,7.8,7
67561099999,"NDOLA SIMON MWANSA KAWEPEWE INTERNATIONAL, ZA",-12.9833333,28.65,1270.1,10/30/1984,55.5,5,1,,999.9,,91.8, ,65.1, ,6,,0,A,9999.9,0,999.9,,999.9,0,81.1,5,18,5,2.4,5
67561099999,"NDOLA SIMON MWANSA KAWEPEWE INTERNATIONAL, ZA",-12.9833333,28.65,1270.1,10/31/1984,48.9,4,0,,999.9,,92.7,*,63.7, ,12,,0.12,G,9999.9,0,999.9,,999.9,0,80.2,4,16.3,4,7.2,4
67561099999,"NDOLA SIMON MWANSA KAWEPEWE INTERNATIONAL, ZA",-12.9833333,28.65,1270.1,11/1/1984,49,6,0,,999.9,,90.1,*,61.9, ,12,,0,G,9999.9,0,999.9,,999.9,0,78.1,6,18.6,6,5.1,6
67561099999,"NDOLA SIMON MWANSA KAWEPEWE INTERNATIONAL, ZA",-12.9833333,28.65,1270.1,11/2/1984,46.3,6,0,,999.9,,94.1, ,65.1, ,12,,0,A,9999.9,0,999.9,,999.9,0,78.5,6,18.1,6,8.2,6
67561099999,"NDOLA SIMON MWANSA KAWEPEWE INTERNATIONAL, ZA",-12.9833333,28.65,1270.1,11/3/1984,48.6,6,10000,,999.9,,90.9, ,67.3, ,13,,0,H,9999.9,0,999.9,,999.9,0,77.1,6,22.3,6,7.5,6
67561099999,"NDOLA SIMON MWANSA KAWEPEWE INTERNATIONAL, ZA",-12.9833333,28.65,1270.1,11/4/1984,53.6,5,0,,999.9,,90.7, ,64.9, ,12,,0,G,9999.9,0,999.9,,999.9,0,80.5,5,16.8,5,6.6,5
67561099999,"NDOLA SIMON MWANSA KAWEPEWE INTERNATIONAL, ZA",-12.9833333,28.65,1270.1,11/5/1984,59.7,4,10,,999.9,,82.2,*,61.5, ,999.9,,0,G,9999.9,0,999.9,,999.9,0,75.3,4,14.8,4,999.9,0
67561099999,"NDOLA SIMON MWANSA KAWEPEWE INTERNATIONAL, ZA",-12.9833333,28.65,1270.1,11/9/1984,62.1,4,10010,,999.9,,77.9, ,63.1, ,6,,0.08,G,9999.9,0,999.9,,999.9,0,66.2,4,15.5,4,3.8,4
67561099999,"NDOLA SIMON MWANSA KAWEPEWE INTERNATIONAL, ZA",-12.9833333,28.65,1270.1,11/10/1984,62.1,4,10000,,999.9,,73.6,*,62.1, ,2.9,,1.14,G,9999.9,0,999.9,,999.9,0,69.1,4,17.1,4,0.7,4
67561099999,"NDOLA SIMON MWANSA KAWEPEWE INTERNATIONAL, ZA",-12.9833333,28.65,1270.1,11/14/1984,62.2,5,10010,,999.9,,80.2, ,63, ,5.1,,0.16,G,9999.9,0,999.9,,999.9,0,71.8,5,17.4,5,3.3,4
67561099999,"NDOLA SIMON MWANSA KAWEPEWE INTERNATIONAL, ZA",-12.9833333,28.65,1270.1,11/15/1984,58.1,4,0,,999.9,,81.9,*,59.7, ,7,,0.01,G,9999.9,0,999.9,,999.9,0,76.6,4,17.9,4,4,4
67561099999,"NDOLA SIMON MWANSA KAWEPEWE INTERNATIONAL, ZA",-12.9833333,28.65,1270.1,11/17/1984,58.6,5,0,,999.9,,86,*,60.6,*,4.1,,0,I,9999.9,0,999.9,,999.9,0,76.6,5,18.6,5,2.4,5
67561099999,"NDOLA SIMON MWANSA KAWEPEWE INTERNATIONAL, ZA",-12.9833333,28.65,1270.1,11/18/1984,59.7,5,10010,,999.9,,87.6, ,62.6,*,6,,0.12,G,9999.9,0,999.9,,999.9,0,71,5,17.4,5,2.2,5
67561099999,"NDOLA SIMON MWANSA KAWEPEWE INTERNATIONAL, ZA",-12.9833333,28.65,1270.1,11/19/1984,56.5,5,0,,999.9,,88.2, ,61.7, ,8,,0.79,G,9999.9,0,999.9,,999.9,0,79.3,5,18,5,5,5
67561099999,"NDOLA SIMON MWANSA KAWEPEWE INTERNATIONAL, ZA",-12.9833333,28.65,1270.1,11/20/1984,61.9,6,10010,,999.9,,80.2,*,63.9, ,5.1,,0.04,G,9999.9,0,999.9,,999.9,0,69.2,6,15.5,6,1.7,6
67561099999,"NDOLA SIMON MWANSA KAWEPEWE INTERNATIONAL, ZA",-12.9833333,28.65,1270.1,11/21/1984,61.6,4,10000,,999.9,,79.3,*,61.7,*,2.9,,0,G,9999.9,0,999.9,,999.9,0,72.8,4,12.8,4,1.5,4
67561099999,"NDOLA SIMON MWANSA KAWEPEWE INTERNATIONAL, ZA",-12.9833333,28.65,1270.1,11/22/1984,62.5,5,10,,999.9,,84.4, ,62.6, ,8.9,,0,G,9999.9,0,999.9,,999.9,0,75.5,5,15.5,5,2.2,5
67561099999,"NDOLA SIMON MWANSA KAWEPEWE INTERNATIONAL, ZA",-12.9833333,28.65,1270.1,11/23/1984,63.6,7,10010,,999.9,,85.8, ,64.4, ,8,,0.02,G,9999.9,0,999.9,,999.9,0,73.4,7,18.2,7,2.1,7
67561099999,"NDOLA SIMON MWANSA KAWEPEWE INTERNATIONAL, ZA",-12.9833333,28.65,1270.1,11/24/1984,61.3,6,0,,999.9,,84.6,*,62.4, ,9.9,,0.04,G,9999.9,0,999.9,,999.9,0,78.3,6,17.6,6,5,6
67561099999,"NDOLA SIMON MWANSA KAWEPEWE INTERNATIONAL, ZA",-12.9833333,28.65,1270.1,11/25/1984,62,7,10,,999.9,,86.2, ,64.4, ,8,,0.24,G,9999.9,0,999.9,,999.9,0,75.7,7,17.3,7,4.2,7
67561099999,"NDOLA SIMON MWANSA KAWEPEWE INTERNATIONAL, ZA",-12.9833333,28.65,1270.1,11/26/1984,59.5,5,0,,999.9,,83.7,*,63.3, ,7,,0.02,G,9999.9,0,999.9,,999.9,0,73.1,5,16.8,5,2.6,5
67561099999,"NDOLA SIMON MWANSA KAWEPEWE INTERNATIONAL, ZA",-12.9833333,28.65,1270.1,11/30/1984,62.5,4,10110,,999.9,,83.8,*,68.9,*,5.1,,0.98,G,9999.9,0,999.9,,999.9,0,79,4,17.1,4,3.5,4
67561099999,"NDOLA SIMON MWANSA KAWEPEWE INTERNATIONAL, ZA",-12.9833333,28.65,1270.1,12/1/1984,62.5,4,10,,999.9,,85.8, ,64.8, ,4.1,,0.02,G,9999.9,0,999.9,,999.9,0,76.4,4,16.3,4,1.7,4
67561099999,"NDOLA SIMON MWANSA KAWEPEWE INTERNATIONAL, ZA",-12.9833333,28.65,1270.1,12/3/1984,62.7,6,10,,999.9,,84.6, ,63.5, ,6,,0.08,G,9999.9,0,999.9,,999.9,0,71,6,15.5,6,2,6
67561099999,"NDOLA SIMON MWANSA KAWEPEWE INTERNATIONAL, ZA",-12.9833333,28.65,1270.1,12/4/1984,61.6,5,0,,999.9,,81.5,*,63.5, ,2.9,,0.31,G,9999.9,0,999.9,,999.9,0,71.8,5,16.2,5,1.2,5
67561099999,"NDOLA SIMON MWANSA KAWEPEWE INTERNATIONAL, ZA",-12.9833333,28.65,1270.1,12/6/1984,63.4,4,10010,,999.9,,79.3,*,62.4,*,6,,99.99, ,9999.9,0,999.9,,999.9,0,72.5,4,15.5,4,3.8,4
67561099999,"NDOLA SIMON MWANSA KAWEPEWE INTERNATIONAL, ZA",-12.9833333,28.65,1270.1,12/7/1984,64,6,10010,,999.9,,82, ,61.3, ,9.9,,2.32,G,9999.9,0,999.9,,999.9,0,69.8,6,16.1,6,3.7,6
67561099999,"NDOLA SIMON MWANSA KAWEPEWE INTERNATIONAL, ZA",-12.9833333,28.65,1270.1,12/9/1984,63.2,4,10010,,999.9,,82, ,63.1, ,12,,0.79,G,9999.9,0,999.9,,999.9,0,71.3,4,13.2,4,3,4
67561099999,"NDOLA SIMON MWANSA KAWEPEWE INTERNATIONAL, ZA",-12.9833333,28.65,1270.1,12/10/1984,64,5,10010,,999.9,,77.7, ,64.2, ,4.1,,0.31,G,9999.9,0,999.9,,999.9,0,69.3,5,11.8,5,2.4,5
67561099999,"NDOLA SIMON MWANSA KAWEPEWE INTERNATIONAL, ZA",-12.9833333,28.65,1270.1,12/11/1984,62.7,5,10000,,999.9,,79.3, ,65.1,*,9.9,,0,G,9999.9,0,999.9,,999.9,0,70.7,5,14.9,5,4,5
67561099999,"NDOLA SIMON MWANSA KAWEPEWE INTERNATIONAL, ZA",-12.9833333,28.65,1270.1,12/13/1984,63,4,10010,,999.9,,78.3, ,63.5,*,4.1,,99.99, ,9999.9,0,999.9,,999.9,0,69.8,4,13.4,4,1.3,4
67561099999,"NDOLA SIMON MWANSA KAWEPEWE INTERNATIONAL, ZA",-12.9833333,28.65,1270.1,12/14/1984,63.3,4,10000,,999.9,,73.8, ,62.1, ,6,,1.69,G,9999.9,0,999.9,,999.9,0,68,4,14,4,3.7,4
67561099999,"NDOLA SIMON MWANSA KAWEPEWE INTERNATIONAL, ZA",-12.9833333,28.65,1270.1,12/17/1984,62.3,5,10000,,999.9,,74.5,*,61.3, ,6,,1.65,G,9999.9,0,999.9,,999.9,0,65.9,5,9.3,5,3.4,5
67561099999,"NDOLA SIMON MWANSA KAWEPEWE INTERNATIONAL, ZA",-12.9833333,28.65,1270.1,12/18/1984,63.6,6,10010,,999.9,,80.1, ,61.9, ,7,,0.75,G,9999.9,0,999.9,,999.9,0,70.7,6,15.1,6,2.7,6
67561099999,"NDOLA SIMON MWANSA KAWEPEWE INTERNATIONAL, ZA",-12.9833333,28.65,1270.1,12/19/1984,62.8,7,10010,,999.9,,80.6, ,63.3, ,6,,0.12,G,9999.9,0,999.9,,999.9,0,70.9,7,13.8,7,1.9,7
67561099999,"NDOLA SIMON MWANSA KAWEPEWE INTERNATIONAL, ZA",-12.9833333,28.65,1270.1,12/20/1984,63.5,5,10010,,999.9,,71.4,*,62.4, ,4.1,,1.22,G,9999.9,0,999.9,,999.9,0,65.9,5,9.3,5,2.4,5
67561099999,"NDOLA SIMON MWANSA KAWEPEWE INTERNATIONAL, ZA",-12.9833333,28.65,1270.1,12/21/1984,62.1,5,10000,,999.9,,78.8, ,61.3, ,8,,0.16,G,9999.9,0,999.9,,999.9,0,71.7,5,16.8,5,5.4,5
67561099999,"NDOLA SIMON MWANSA KAWEPEWE INTERNATIONAL, ZA",-12.9833333,28.65,1270.1,12/23/1984,63.7,6,10,,999.9,,79.2,*,63, ,8,,0.01,G,9999.9,0,999.9,,999.9,0,71.1,6,18.6,6,3.5,6
67561099999,"NDOLA SIMON MWANSA KAWEPEWE INTERNATIONAL, ZA",-12.9833333,28.65,1270.1,12/24/1984,64.6,4,10010,,999.9,,74.7,*,63.5, ,6,,0.31,G,9999.9,0,999.9,,999.9,0,69.2,4,15.2,4,3,4
67561099999,"NDOLA SIMON MWANSA KAWEPEWE INTERNATIONAL, ZA",-12.9833333,28.65,1270.1,12/25/1984,63.1,5,10010,,999.9,,80.1, ,62.6, ,4.1,,0,G,9999.9,0,999.9,,999.9,0,65.4,5,15.5,5,1.8,5
67561099999,"NDOLA SIMON MWANSA KAWEPEWE INTERNATIONAL, ZA",-12.9833333,28.65,1270.1,12/26/1984,62.9,5,10,,999.9,,81, ,62.6, ,7,,0.2,G,9999.9,0,999.9,,999.9,0,73.9,5,16.2,5,4.6,5
67561099999,"NDOLA SIMON MWANSA KAWEPEWE INTERNATIONAL, ZA",-12.9833333,28.65,1270.1,12/27/1984,63.6,4,10010,,999.9,,81.7, ,63.7, ,11.1,,0.04,G,9999.9,0,999.9,,999.9,0,72.5,4,12.1,4,8.3,4
67561099999,"NDOLA SIMON MWANSA KAWEPEWE INTERNATIONAL, ZA",-12.9833333,28.65,1270.1,12/29/1984,64.2,5,110010,,999.9,,74.7,*,63, ,6,,0,G,9999.9,0,999.9,,999.9,0,67.4,5,8.7,5,1.8,5
67561099999,"NDOLA SIMON MWANSA KAWEPEWE INTERNATIONAL, ZA",-12.9833333,28.65,1270.1,12/30/1984,63.5,4,10010,,999.9,,74.3,*,62.6, ,8,,0.75,G,9999.9,0,999.9,,999.9,0,70.5,4,17.9,4,5.5,4
67561099999,"NDOLA SIMON MWANSA KAWEPEWE INTERNATIONAL, ZA",-12.9833333,28.65,1270.1,12/31/1984,60.9,6,0,,999.9,,81.5, ,62.6, ,999.9,,0.12,G,9999.9,0,999.9,,999.9,0,72.9,6,18.6,6,14.8,6
67561099999,"NDOLA SIMON MWANSA KAWEPEWE INTERNATIONAL, ZA",-12.9833333,28.65,1270.1,1/1/1985,62.5,7,10010,,999.9,,78.1, ,61.2, ,8.9,,0,H,9999.9,0,999.9,,999.9,0,69.3,7,17.3,7,1.8,6
67561099999,"NDOLA SIMON MWANSA KAWEPEWE INTERNATIONAL, ZA",-12.9833333,28.65,1270.1,1/2/1985,62.9,4,10,,999.9,,78.4,*,61.5, ,999.9,,0.12,G,9999.9,0,999.9,,999.9,0,70.5,4,18.6,4,999.9,0
67561099999,"NDOLA SIMON MWANSA KAWEPEWE INTERNATIONAL, ZA",-12.9833333,28.65,1270.1,1/3/1985,62.4,6,10,,999.9,,82, ,63.5,*,2.9,,0,G,9999.9,0,999.9,,999.9,0,71.1,6,18.6,6,1.3,6
67561099999,"NDOLA SIMON MWANSA KAWEPEWE INTERNATIONAL, ZA",-12.9833333,28.65,1270.1,1/4/1985,60.9,6,0,,999.9,,83.8,*,60.1, ,4.1,,0,G,9999.9,0,999.9,,999.9,0,72.8,6,15.6,6,2,6
67561099999,"NDOLA SIMON MWANSA KAWEPEWE INTERNATIONAL, ZA",-12.9833333,28.65,1270.1,1/5/1985,62.7,6,10,,999.9,,83.3,*,64.6, ,2.9,,0,G,9999.9,0,999.9,,999.9,0,71.5,6,18.6,6,1,6
67561099999,"NDOLA SIMON MWANSA KAWEPEWE INTERNATIONAL, ZA",-12.9833333,28.65,1270.1,1/6/1985,62.9,5,10010,,999.9,,74.5,*,63, ,1.9,,0.63,G,9999.9,0,999.9,,999.9,0,66.5,5,16.8,5,0.8,5
67561099999,"NDOLA SIMON MWANSA KAWEPEWE INTERNATIONAL, ZA",-12.9833333,28.65,1270.1,1/7/1985,62.4,7,10010,,999.9,,81.7, ,62.1, ,1,,0.43,G,9999.9,0,999.9,,999.9,0,70.2,7,16.9,7,0.1,7
67561099999,"NDOLA SIMON MWANSA KAWEPEWE INTERNATIONAL, ZA",-12.9833333,28.65,1270.1,1/8/1985,63.6,6,10010,,999.9,,79.9, ,63.1, ,9.9,,0.08,G,9999.9,0,999.9,,999.9,0,68.2,6,13.5,6,2.5,6
67561099999,"NDOLA SIMON MWANSA KAWEPEWE INTERNATIONAL, ZA",-12.9833333,28.65,1270.1,1/9/1985,62.5,7,10010,,999.9,,82.6, ,62.6, ,7,,0.79,G,9999.9,0,999.9,,999.9,0,71.3,7,14,7,2,7
67561099999,"NDOLA SIMON MWANSA KAWEPEWE INTERNATIONAL, ZA",-12.9833333,28.65,1270.1,1/10/1985,64.2,7,10010,,999.9,,77.2, ,63.5, ,5.1,,1.42,G,9999.9,0,999.9,,999.9,0,67.7,7,12.5,7,1.3,6
67561099999,"NDOLA SIMON MWANSA KAWEPEWE INTERNATIONAL, ZA",-12.9833333,28.65,1270.1,1/11/1985,64,8,10010,,999.9,,77, ,63.5, ,8,,0.2,G,9999.9,0,999.9,,999.9,0,67.5,8,16.7,8,1.4,8
67561099999,"NDOLA SIMON MWANSA KAWEPEWE INTERNATIONAL, ZA",-12.9833333,28.65,1270.1,1/12/1985,65,6,10010,,999.9,,80.4, ,63.5, ,8,,0.16,G,9999.9,0,999.9,,999.9,0,68.8,6,22.3,6,4,6
67561099999,"NDOLA SIMON MWANSA KAWEPEWE INTERNATIONAL, ZA",-12.9833333,28.65,1270.1,1/13/1985,63.4,6,10000,,999.9,,77.9, ,63.9, ,8.9,,0.24,G,9999.9,0,999.9,,999.9,0,66.7,6,17.6,6,4,6
67561099999,"NDOLA SIMON MWANSA KAWEPEWE INTERNATIONAL, ZA",-12.9833333,28.65,1270.1,1/14/1985,63.8,5,10,,999.9,,82.4, ,63.7,*,8,,0,G,9999.9,0,999.9,,999.9,0,70.7,5,18.6,5,3,5
67561099999,"NDOLA SIMON MWANSA KAWEPEWE INTERNATIONAL, ZA",-12.9833333,28.65,1270.1,1/15/1985,64.6,6,10,,999.9,,81, ,65.1, ,4.1,,0,I,9999.9,0,999.9,,999.9,0,69.8,6,18.6,6,1.4,6
67561099999,"NDOLA SIMON MWANSA KAWEPEWE INTERNATIONAL, ZA",-12.9833333,28.65,1270.1,1/16/1985,63.5,4,10,,999.9,,83.8, ,59.7, ,999.9,,0,G,9999.9,0,999.9,,999.9,0,72.1,4,18.6,4,0,4
67561099999,"NDOLA SIMON MWANSA KAWEPEWE INTERNATIONAL, ZA",-12.9833333,28.65,1270.1,1/17/1985,65.1,5,10,,999.9,,83.1, ,62.6, ,5.1,,1.02,G,9999.9,0,999.9,,999.9,0,74.5,5,24.9,4,3.4,5
67561099999,"NDOLA SIMON MWANSA KAWEPEWE INTERNATIONAL, ZA",-12.9833333,28.65,1270.1,1/18/1985,65.3,6,100000,,999.9,,82.4, ,64, ,8,,0,G,9999.9,0,999.9,,999.9,0,70.3,6,12.9,6,2.3,6
67561099999,"NDOLA SIMON MWANSA KAWEPEWE INTERNATIONAL, ZA",-12.9833333,28.65,1270.1,1/19/1985,64,6,10010,,999.9,,83.3, ,63.9, ,9.9,,7.95,G,9999.9,0,999.9,,999.9,0,71,6,17.1,6,3.8,5
67561099999,"NDOLA SIMON MWANSA KAWEPEWE INTERNATIONAL, ZA",-12.9833333,28.65,1270.1,1/20/1985,64.4,4,0,,999.9,,83.3, ,63.7, ,8.9,,0.2,G,9999.9,0,999.9,,999.9,0,71.8,6,17.1,6,3.1,6
67561099999,"NDOLA SIMON MWANSA KAWEPEWE INTERNATIONAL, ZA",-12.9833333,28.65,1270.1,1/21/1985,63.2,4,0,,999.9,,83.7,*,62.1, ,5.1,,0,G,9999.9,0,999.9,,999.9,0,74,4,18.6,4,2.5,4
67561099999,"NDOLA SIMON MWANSA KAWEPEWE INTERNATIONAL, ZA",-12.9833333,28.65,1270.1,1/23/1985,62.8,5,110010,,999.9,,73.2,*,64.2,*,5.1,,0,G,9999.9,0,999.9,,999.9,0,68.5,5,12.1,5,3.8,5
67561099999,"NDOLA SIMON MWANSA KAWEPEWE INTERNATIONAL, ZA",-12.9833333,28.65,1270.1,1/24/1985,63.8,5,10,,999.9,,83.3, ,67.1,*,4.1,,0,I,9999.9,0,999.9,,999.9,0,74.7,5,18,5,1.2,5
67561099999,"NDOLA SIMON MWANSA KAWEPEWE INTERNATIONAL, ZA",-12.9833333,28.65,1270.1,1/25/1985,63,4,10000,,999.9,,74.5,*,63.5, ,5.1,,0.24,G,9999.9,0,999.9,,999.9,0,66.6,4,14.8,4,2.3,4
67561099999,"NDOLA SIMON MWANSA KAWEPEWE INTERNATIONAL, ZA",-12.9833333,28.65,1270.1,1/26/1985,63.6,6,110010,,999.9,,80.1, ,62.6, ,14,,1.65,G,9999.9,0,999.9,,999.9,0,66.9,6,15.1,6,4.3,6
67561099999,"NDOLA SIMON MWANSA KAWEPEWE INTERNATIONAL, ZA",-12.9833333,28.65,1270.1,1/27/1985,64.3,4,110010,,999.9,,78.4, ,66.9,*,9.9,,0,G,9999.9,0,999.9,,999.9,0,70.8,5,14.4,5,4,5
67561099999,"NDOLA SIMON MWANSA KAWEPEWE INTERNATIONAL, ZA",-12.9833333,28.65,1270.1,1/28/1985,63.3,6,10010,,999.9,,81.9, ,63.5, ,8.9,,0.04,G,9999.9,0,999.9,,999.9,0,72.1,6,14.5,6,4.1,6
67561099999,"NDOLA SIMON MWANSA KAWEPEWE INTERNATIONAL, ZA",-12.9833333,28.65,1270.1,1/29/1985,64,5,110010,,999.9,,80.6, ,63.1, ,8.9,,0,G,9999.9,0,999.9,,999.9,0,70,5,13,5,3.8,5
67561099999,"NDOLA SIMON MWANSA KAWEPEWE INTERNATIONAL, ZA",-12.9833333,28.65,1270.1,2/1/1985,63.5,7,110010,,999.9,,78.4, ,61, ,9.9,,0,G,9999.9,0,999.9,,999.9,0,67.6,7,13.6,6,2.9,7
67561099999,"NDOLA SIMON MWANSA KAWEPEWE INTERNATIONAL, ZA",-12.9833333,28.65,1270.1,2/2/1985,63.3,4,10000,,999.9,,74.1,*,64.9,*,5.1,,0.12,G,9999.9,0,999.9,,999.9,0,69.1,4,14,4,3.3,4
67561099999,"NDOLA SIMON MWANSA KAWEPEWE INTERNATIONAL, ZA",-12.9833333,28.65,1270.1,2/5/1985,63.6,7,10010,,999.9,,75, ,63, ,7,,0.02,G,9999.9,0,999.9,,999.9,0,66.6,7,14.9,7,3.1,7
67561099999,"NDOLA SIMON MWANSA KAWEPEWE INTERNATIONAL, ZA",-12.9833333,28.65,1270.1,2/6/1985,61.8,6,10010,,999.9,,76.6, ,62.8,*,8,,0.24,G,9999.9,0,999.9,,999.9,0,67.5,6,17.1,6,3.9,6
67561099999,"NDOLA SIMON MWANSA KAWEPEWE INTERNATIONAL, ZA",-12.9833333,28.65,1270.1,2/7/1985,62.9,7,10010,,999.9,,76.8, ,63,*,9.9,,0.35,G,9999.9,0,999.9,,999.9,0,65.6,7,15.1,7,4.6,7
67561099999,"NDOLA SIMON MWANSA KAWEPEWE INTERNATIONAL, ZA",-12.9833333,28.65,1270.1,2/8/1985,61.4,6,10000,,999.9,,78.1, ,62.1, ,11.1,,0.98,G,9999.9,0,999.9,,999.9,0,69.1,7,16.4,7,5,7
67561099999,"NDOLA SIMON MWANSA KAWEPEWE INTERNATIONAL, ZA",-12.9833333,28.65,1270.1,2/9/1985,61.6,5,10000,,999.9,,76.5, ,63, ,7,,0,G,9999.9,0,999.9,,999.9,0,68,5,18,5,4.8,5
67561099999,"NDOLA SIMON MWANSA KAWEPEWE INTERNATIONAL, ZA",-12.9833333,28.65,1270.1,2/10/1985,62.5,5,10010,,999.9,,74.7, ,62.4, ,8,,0.08,G,9999.9,0,999.9,,999.9,0,67.6,5,14.2,5,2.2,5
67561099999,"NDOLA SIMON MWANSA KAWEPEWE INTERNATIONAL, ZA",-12.9833333,28.65,1270.1,2/12/1985,63.1,7,10010,,999.9,,74.3, ,61.2, ,5.1,,0.98,G,9999.9,0,999.9,,999.9,0,66.7,7,12.6,7,2.4,7
67561099999,"NDOLA SIMON MWANSA KAWEPEWE INTERNATIONAL, ZA",-12.9833333,28.65,1270.1,2/13/1985,62.8,4,10010,,999.9,,76.8, ,62.6, ,1.9,,0.87,G,9999.9,0,999.9,,999.9,0,67.6,4,17.1,4,0.5,4
67561099999,"NDOLA SIMON MWANSA KAWEPEWE INTERNATIONAL, ZA",-12.9833333,28.65,1270.1,2/14/1985,63,6,10000,,999.9,,76.6, ,62.8, ,7,,0.35,G,9999.9,0,999.9,,999.9,0,67.3,6,15.5,6,2.5,6
67561099999,"NDOLA SIMON MWANSA KAWEPEWE INTERNATIONAL, ZA",-12.9833333,28.65,1270.1,2/15/1985,64.2,7,10010,,999.9,,79.2, ,64.8, ,5.1,,0.2,G,9999.9,0,999.9,,999.9,0,69.3,7,15.8,7,2.6,7
67561099999,"NDOLA SIMON MWANSA KAWEPEWE INTERNATIONAL, ZA",-12.9833333,28.65,1270.1,2/16/1985,59.7,5,10000,,999.9,,81.7,*,62.2, ,5.1,,0.08,G,9999.9,0,999.9,,999.9,0,69.9,5,17.1,4,1,5
67561099999,"NDOLA SIMON MWANSA KAWEPEWE INTERNATIONAL, ZA",-12.9833333,28.65,1270.1,2/18/1985,63.5,6,0,,999.9,,82.4, ,64.2, ,8,,0,A,9999.9,0,999.9,,999.9,0,73.6,6,18.6,5,3.7,6
67561099999,"NDOLA SIMON MWANSA KAWEPEWE INTERNATIONAL, ZA",-12.9833333,28.65,1270.1,2/19/1985,64.1,5,10010,,999.9,,82.9, ,64.8, ,5.1,,0.63,G,9999.9,0,999.9,,999.9,0,73.9,5,17.4,5,3.4,5
67561099999,"NDOLA SIMON MWANSA KAWEPEWE INTERNATIONAL, ZA",-12.9833333,28.65,1270.1,2/20/1985,63,7,10010,,999.9,,83.1, ,63.9, ,6,,0.02,G,9999.9,0,999.9,,999.9,0,70.2,7,15.6,7,2.1,7
67561099999,"NDOLA SIMON MWANSA KAWEPEWE INTERNATIONAL, ZA",-12.9833333,28.65,1270.1,3/7/1985,64.2,5,10010,,999.9,,81.5, ,63.1, ,8.9,,0.94,G,9999.9,0,999.9,,999.9,0,70.8,5,12.4,5,4,5
67561099999,"NDOLA SIMON MWANSA KAWEPEWE INTERNATIONAL, ZA",-12.9833333,28.65,1270.1,3/15/1985,63.2,4,0,,999.9,,84.6,*,61.7, ,5.1,,0,I,9999.9,0,999.9,,999.9,0,78,4,18.6,4,2.5,4
67561099999,"NDOLA SIMON MWANSA KAWEPEWE INTERNATIONAL, ZA",-12.9833333,28.65,1270.1,3/16/1985,62.6,5,10010,,999.9,,81.3,*,62.8, ,6,,0.04,G,9999.9,0,999.9,,999.9,0,70.2,5,18.6,5,3.4,5
67561099999,"NDOLA SIMON MWANSA KAWEPEWE INTERNATIONAL, ZA",-12.9833333,28.65,1270.1,3/17/1985,63.9,5,100010,,999.9,,87.4, ,62.4, ,4.1,,0,G,9999.9,0,999.9,,999.9,0,76.9,5,15.9,5,2.8,5
67561099999,"NDOLA SIMON MWANSA KAWEPEWE INTERNATIONAL, ZA",-12.9833333,28.65,1270.1,3/19/1985,65.3,4,10010,,999.9,,77.5,*,64, ,5.1,,0.87,G,9999.9,0,999.9,,999.9,0,73,4,15.5,4,3.3,4
67561099999,"NDOLA SIMON MWANSA KAWEPEWE INTERNATIONAL, ZA",-12.9833333,28.65,1270.1,3/20/1985,64.2,5,110000,,999.9,,79.2, ,64.6,*,5.1,,0.16,G,9999.9,0,999.9,,999.9,0,69.9,5,14.9,5,1,5
67561099999,"NDOLA SIMON MWANSA KAWEPEWE INTERNATIONAL, ZA",-12.9833333,28.65,1270.1,3/21/1985,64.1,5,10000,,999.9,,69.1,*,63.7, ,7,,0.01,G,9999.9,0,999.9,,999.9,0,66,5,11.8,5,3.8,5
67561099999,"NDOLA SIMON MWANSA KAWEPEWE INTERNATIONAL, ZA",-12.9833333,28.65,1270.1,3/24/1985,64.6,6,10000,,999.9,,76.8,*,63.9, ,11.1,,0.55,G,9999.9,0,999.9,,999.9,0,70.2,6,16.6,6,4.7,6
67561099999,"NDOLA SIMON MWANSA KAWEPEWE INTERNATIONAL, ZA",-12.9833333,28.65,1270.1,3/25/1985,64.8,5,10010,,999.9,,82.4, ,65.3,*,5.1,,0,G,9999.9,0,999.9,,999.9,0,70.4,5,18.6,5,1.6,5
67561099999,"NDOLA SIMON MWANSA KAWEPEWE INTERNATIONAL, ZA",-12.9833333,28.65,1270.1,3/26/1985,64.2,4,0,,999.9,,79,*,62.6, ,9.9,,0.04,G,9999.9,0,999.9,,999.9,0,69.8,4,18.6,4,4.7,4
67561099999,"NDOLA SIMON MWANSA KAWEPEWE INTERNATIONAL, ZA",-12.9833333,28.65,1270.1,3/30/1985,60.4,4,0,,999.9,,74.3,*,56.5, ,8,,0,A,9999.9,0,999.9,,999.9,0,71.3,4,18.6,4,4.7,4
67561099999,"NDOLA SIMON MWANSA KAWEPEWE INTERNATIONAL, ZA",-12.9833333,28.65,1270.1,4/1/1985,58,4,0,,999.9,,80.6,*,57.4,*,7,,0,I,9999.9,0,999.9,,999.9,0,68.8,4,18.6,4,3.7,4
67561099999,"NDOLA SIMON MWANSA KAWEPEWE INTERNATIONAL, ZA",-12.9833333,28.65,1270.1,4/2/1985,59.8,7,0,,999.9,,79.7, ,56.3, ,8,,0,A,9999.9,0,999.9,,999.9,0,68.3,7,20.4,7,3.6,7
67561099999,"NDOLA SIMON MWANSA KAWEPEWE INTERNATIONAL, ZA",-12.9833333,28.65,1270.1,4/4/1985,63.6,5,10000,,999.9,,81.9, ,61.5, ,9.9,,0.51,G,9999.9,0,999.9,,999.9,0,73.3,5,18.6,5,3.8,5
67561099999,"NDOLA SIMON MWANSA KAWEPEWE INTERNATIONAL, ZA",-12.9833333,28.65,1270.1,4/5/1985,62.6,4,0,,999.9,,76.8,*,61.2, ,5.1,,0.01,G,9999.9,0,999.9,,999.9,0,71.4,4,18.6,4,3,4
67561099999,"NDOLA SIMON MWANSA KAWEPEWE INTERNATIONAL, ZA",-12.9833333,28.65,1270.1,4/6/1985,63.4,5,0,,999.9,,84.2, ,62.8,*,4.1,,0,G,9999.9,0,999.9,,999.9,0,71.3,5,18.6,5,1.4,5
67561099999,"NDOLA SIMON MWANSA KAWEPEWE INTERNATIONAL, ZA",-12.9833333,28.65,1270.1,4/7/1985,62.9,4,10010,,999.9,,79.3, ,62.6,*,2.9,,99.99, ,9999.9,0,999.9,,999.9,0,67.1,4,13.7,4,0.7,4
67561099999,"NDOLA SIMON MWANSA KAWEPEWE INTERNATIONAL, ZA",-12.9833333,28.65,1270.1,4/9/1985,63.9,4,10010,,999.9,,68,*,62.1, ,5.1,,0,G,9999.9,0,999.9,,999.9,0,66.4,4,14,4,2.2,4
67561099999,"NDOLA SIMON MWANSA KAWEPEWE INTERNATIONAL, ZA",-12.9833333,28.65,1270.1,4/10/1985,59.9,5,0,,999.9,,75.2, ,61.3, ,13,,0.2,G,9999.9,0,999.9,,999.9,0,69,5,18.6,5,9.6,5
67561099999,"NDOLA SIMON MWANSA KAWEPEWE INTERNATIONAL, ZA",-12.9833333,28.65,1270.1,4/11/1985,56.9,4,0,,999.9,,73.2,*,60.3, ,12,,0,G,9999.9,0,999.9,,999.9,0,69,4,18.6,4,10.2,4
67561099999,"NDOLA SIMON MWANSA KAWEPEWE INTERNATIONAL, ZA",-12.9833333,28.65,1270.1,4/12/1985,53.9,4,0,,999.9,,69.8, ,63.3,*,11.1,,0,I,9999.9,0,999.9,,999.9,0,67,4,18.6,4,7.5,4
67561099999,"NDOLA SIMON MWANSA KAWEPEWE INTERNATIONAL, ZA",-12.9833333,28.65,1270.1,4/13/1985,53.8,5,10000,,999.9,,77, ,60.1,*,9.9,,99.99, ,9999.9,0,999.9,,999.9,0,67.3,5,18.6,5,7,5
67561099999,"NDOLA SIMON MWANSA KAWEPEWE INTERNATIONAL, ZA",-12.9833333,28.65,1270.1,4/14/1985,54.3,5,0,,999.9,,75.2,*,53.6, ,11.1,,0,G,9999.9,0,999.9,,999.9,0,63.8,5,18.6,5,4,5
67561099999,"NDOLA SIMON MWANSA KAWEPEWE INTERNATIONAL, ZA",-12.9833333,28.65,1270.1,4/17/1985,57.2,4,0,,999.9,,81,*,54.3, ,5.1,,0,A,9999.9,0,999.9,,999.9,0,75.2,4,16.3,4,1.7,4
67561099999,"NDOLA SIMON MWANSA KAWEPEWE INTERNATIONAL, ZA",-12.9833333,28.65,1270.1,4/19/1985,60,5,0,,999.9,,84, ,57.9, ,6,,0.02,G,9999.9,0,999.9,,999.9,0,75.6,5,18.6,5,4.9,5
67561099999,"NDOLA SIMON MWANSA KAWEPEWE INTERNATIONAL, ZA",-12.9833333,28.65,1270.1,4/20/1985,56.8,6,100000,,999.9,,81.3,*,55.2, ,9.9,,0,G,9999.9,0,999.9,,999.9,0,67.6,6,16.6,6,2.6,6
67561099999,"NDOLA SIMON MWANSA KAWEPEWE INTERNATIONAL, ZA",-12.9833333,28.65,1270.1,4/21/1985,52.5,7,0,,999.9,,79.3, ,53.6, ,6,,0,A,9999.9,0,999.9,,999.9,0,67,7,18.2,7,3.2,7
67561099999,"NDOLA SIMON MWANSA KAWEPEWE INTERNATIONAL, ZA",-12.9833333,28.65,1270.1,4/23/1985,51,6,100000,,999.9,,80.6, ,50, ,4.1,,0,A,9999.9,0,999.9,,999.9,0,68.2,6,13.9,6,1.8,5
67561099999,"NDOLA SIMON MWANSA KAWEPEWE INTERNATIONAL, ZA",-12.9833333,28.65,1270.1,4/27/1985,52.4,8,100000,,999.9,,81, ,54,*,5.1,,0,A,9999.9,0,999.9,,999.9,0,66.5,8,16.2,8,1.9,8
67561099999,"NDOLA SIMON MWANSA KAWEPEWE INTERNATIONAL, ZA",-12.9833333,28.65,1270.1,4/28/1985,52,7,0,,999.9,,79.2, ,50.7, ,8.9,,0,A,9999.9,0,999.9,,999.9,0,65.8,7,17.8,7,3.7,7
67561099999,"NDOLA SIMON MWANSA KAWEPEWE INTERNATIONAL, ZA",-12.9833333,28.65,1270.1,4/29/1985,53.4,7,0,,999.9,,81.1, ,49.1, ,4.1,,0,A,9999.9,0,999.9,,999.9,0,65.9,7,16.5,7,0.9,7
67561099999,"NDOLA SIMON MWANSA KAWEPEWE INTERNATIONAL, ZA",-12.9833333,28.65,1270.1,4/30/1985,56.7,7,0,,999.9,,83.7, ,53.4, ,8,,0,A,9999.9,0,999.9,,999.9,0,69.1,7,17.3,7,2.1,7
67561099999,"NDOLA SIMON MWANSA KAWEPEWE INTERNATIONAL, ZA",-12.9833333,28.65,1270.1,5/1/1985,59.5,7,0,,999.9,,84.4, ,58.8, ,11.1,,0,A,9999.9,0,999.9,,999.9,0,71.3,7,15.4,7,3.7,7
67561099999,"NDOLA SIMON MWANSA KAWEPEWE INTERNATIONAL, ZA",-12.9833333,28.65,1270.1,5/2/1985,57.7,6,0,,999.9,,82.2, ,55.8, ,7,,0,A,9999.9,0,999.9,,999.9,0,68.5,6,19.2,6,3.8,6
67561099999,"NDOLA SIMON MWANSA KAWEPEWE INTERNATIONAL, ZA",-12.9833333,28.65,1270.1,5/3/1985,53.5,4,0,,999.9,,78.3,*,60.8,*,7,,0,I,9999.9,0,999.9,,999.9,0,69.2,4,18.6,4,4.8,4
67561099999,"NDOLA SIMON MWANSA KAWEPEWE INTERNATIONAL, ZA",-12.9833333,28.65,1270.1,5/4/1985,53.8,7,0,,999.9,,81.5, ,51.1, ,12,,0,A,9999.9,0,999.9,,999.9,0,67.8,7,18.2,7,5.1,7
67561099999,"NDOLA SIMON MWANSA KAWEPEWE INTERNATIONAL, ZA",-12.9833333,28.65,1270.1,5/5/1985,55.6,7,100000,,999.9,,81.9, ,52.9, ,6,,0,A,9999.9,0,999.9,,999.9,0,68.4,7,17.8,7,2.3,7
67561099999,"NDOLA SIMON MWANSA KAWEPEWE INTERNATIONAL, ZA",-12.9833333,28.65,1270.1,5/6/1985,55.4,7,0,,999.9,,82.6, ,54.7, ,7,,0,A,9999.9,0,999.9,,999.9,0,69.5,7,16.9,7,4,7
67561099999,"NDOLA SIMON MWANSA KAWEPEWE INTERNATIONAL, ZA",-12.9833333,28.65,1270.1,5/7/1985,55.8,7,0,,999.9,,79.3,*,56.5, ,5.1,,0,A,9999.9,0,999.9,,999.9,0,68,7,15.8,7,2.7,7
67561099999,"NDOLA SIMON MWANSA KAWEPEWE INTERNATIONAL, ZA",-12.9833333,28.65,1270.1,5/8/1985,53.8,7,0,,999.9,,82.6, ,55.8,*,7,,0,A,9999.9,0,999.9,,999.9,0,69.1,7,14.5,6,2.2,6
67561099999,"NDOLA SIMON MWANSA KAWEPEWE INTERNATIONAL, ZA",-12.9833333,28.65,1270.1,5/9/1985,52.7,8,0,,999.9,,83.5, ,53.6,*,4.1,,0,A,9999.9,0,999.9,,999.9,0,69.5,8,16.9,8,1,8
67561099999,"NDOLA SIMON MWANSA KAWEPEWE INTERNATIONAL, ZA",-12.9833333,28.65,1270.1,5/10/1985,50.2,6,100000,,999.9,,80.8,*,50.9, ,6,,0,A,9999.9,0,999.9,,999.9,0,67.9,6,14.8,6,1.7,6
67561099999,"NDOLA SIMON MWANSA KAWEPEWE INTERNATIONAL, ZA",-12.9833333,28.65,1270.1,5/11/1985,51.3,7,0,,999.9,,85.1, ,49.3, ,7,,0,A,9999.9,0,999.9,,999.9,0,67.6,7,11.4,7,2.1,7
67561099999,"NDOLA SIMON MWANSA KAWEPEWE INTERNATIONAL, ZA",-12.9833333,28.65,1270.1,5/12/1985,56.2,5,0,,999.9,,83.3,*,52.9, ,5.1,,0,A,9999.9,0,999.9,,999.9,0,71.4,5,16.4,5,2.2,5
67561099999,"NDOLA SIMON MWANSA KAWEPEWE INTERNATIONAL, ZA",-12.9833333,28.65,1270.1,5/13/1985,61.2,5,0,,999.9,,81.3,*,61.5, ,8,,0.04,G,9999.9,0,999.9,,999.9,0,73.2,5,17.2,5,3.4,5
67561099999,"NDOLA SIMON MWANSA KAWEPEWE INTERNATIONAL, ZA",-12.9833333,28.65,1270.1,5/14/1985,61.3,7,10010,,999.9,,72.3, ,60.8, ,11.1,,0.2,G,9999.9,0,999.9,,999.9,0,66.2,7,16.9,7,5.4,7
67561099999,"NDOLA SIMON MWANSA KAWEPEWE INTERNATIONAL, ZA",-12.9833333,28.65,1270.1,5/15/1985,60.4,4,10000,,999.9,,69.3,*,63.1,*,8.9,,0,G,9999.9,0,999.9,,999.9,0,65.3,4,18.6,4,4.5,4
67561099999,"NDOLA SIMON MWANSA KAWEPEWE INTERNATIONAL, ZA",-12.9833333,28.65,1270.1,5/16/1985,54.3,7,0,,999.9,,67.1, ,57.2, ,8.9,,0,G,9999.9,0,999.9,,999.9,0,60.4,7,18.6,7,4.1,7
67561099999,"NDOLA SIMON MWANSA KAWEPEWE INTERNATIONAL, ZA",-12.9833333,28.65,1270.1,5/17/1985,53.4,8,0,,999.9,,73.2, ,55.2, ,5.1,,0,G,9999.9,0,999.9,,999.9,0,65.1,8,18.6,8,3.3,8
67561099999,"NDOLA SIMON MWANSA KAWEPEWE INTERNATIONAL, ZA",-12.9833333,28.65,1270.1,5/18/1985,52.3,8,0,,999.9,,78.6, ,51.1, ,5.1,,0,A,9999.9,0,999.9,,999.9,0,64,8,18.3,8,1.5,8
67561099999,"NDOLA SIMON MWANSA KAWEPEWE INTERNATIONAL, ZA",-12.9833333,28.65,1270.1,5/19/1985,50.7,7,0,,999.9,,80.1,*,49.6, ,5.1,,0,A,9999.9,0,999.9,,999.9,0,65.4,7,16.7,7,1.4,7
67561099999,"NDOLA SIMON MWANSA KAWEPEWE INTERNATIONAL, ZA",-12.9833333,28.65,1270.1,5/20/1985,52.1,5,0,,999.9,,80.4, ,50.7, ,5.1,,0,A,9999.9,0,999.9,,999.9,0,62.1,5,14.3,5,1.3,4
67561099999,"NDOLA SIMON MWANSA KAWEPEWE INTERNATIONAL, ZA",-12.9833333,28.65,1270.1,5/21/1985,51.2,7,100000,,999.9,,80.4, ,50, ,5.1,,0,A,9999.9,0,999.9,,999.9,0,64.7,7,15.6,7,1.1,7
67561099999,"NDOLA SIMON MWANSA KAWEPEWE INTERNATIONAL, ZA",-12.9833333,28.65,1270.1,5/22/1985,51.6,7,100000,,999.9,,80.1, ,50.4, ,4.1,,0,A,9999.9,0,999.9,,999.9,0,65,7,16.6,7,2,7
67561099999,"NDOLA SIMON MWANSA KAWEPEWE INTERNATIONAL, ZA",-12.9833333,28.65,1270.1,5/24/1985,50.8,4,0,,999.9,,77.7,*,48.7, ,8,,0,A,9999.9,0,999.9,,999.9,0,66.8,4,18.6,4,4.8,4
67561099999,"NDOLA SIMON MWANSA KAWEPEWE INTERNATIONAL, ZA",-12.9833333,28.65,1270.1,5/25/1985,46.6,4,0,,999.9,,75.2, ,64.2,*,11.1,,0,I,9999.9,0,999.9,,999.9,0,69.5,4,18.6,4,8,4
67561099999,"NDOLA SIMON MWANSA KAWEPEWE INTERNATIONAL, ZA",-12.9833333,28.65,1270.1,5/26/1985,47.1,7,0,,999.9,,74.3, ,55.2,*,6,,0,A,9999.9,0,999.9,,999.9,0,63.1,7,18.6,7,3,7
67561099999,"NDOLA SIMON MWANSA KAWEPEWE INTERNATIONAL, ZA",-12.9833333,28.65,1270.1,5/27/1985,47.4,7,0,,999.9,,76.3, ,54.3,*,8,,0,A,9999.9,0,999.9,,999.9,0,63.7,7,17.8,7,3.4,7
67561099999,"NDOLA SIMON MWANSA KAWEPEWE INTERNATIONAL, ZA",-12.9833333,28.65,1270.1,5/28/1985,48.7,6,0,,999.9,,74.1, ,52,*,7,,0,I,9999.9,0,999.9,,999.9,0,60.2,6,18.6,6,2.3,6
67561099999,"NDOLA SIMON MWANSA KAWEPEWE INTERNATIONAL, ZA",-12.9833333,28.65,1270.1,5/29/1985,47.2,5,0,,999.9,,76.3, ,48.2,*,8,,0,I,9999.9,0,999.9,,999.9,0,61.2,5,18.6,5,3.6,5
67561099999,"NDOLA SIMON MWANSA KAWEPEWE INTERNATIONAL, ZA",-12.9833333,28.65,1270.1,5/30/1985,44.2,7,0,,999.9,,76.3, ,49.5, ,9.9,,0,A,9999.9,0,999.9,,999.9,0,63.4,7,18.6,7,3.8,6
67561099999,"NDOLA SIMON MWANSA KAWEPEWE INTERNATIONAL, ZA",-12.9833333,28.65,1270.1,5/31/1985,44.2,7,0,,999.9,,74.1, ,46.6,*,9.9,,0,A,9999.9,0,999.9,,999.9,0,61.4,7,17.3,7,5.1,6
67561099999,"NDOLA SIMON MWANSA KAWEPEWE INTERNATIONAL, ZA",-12.9833333,28.65,1270.1,6/1/1985,47.1,7,0,,999.9,,72,*,44.6, ,13,,0,A,9999.9,0,999.9,,999.9,0,60.5,7,17.3,7,6,6
67561099999,"NDOLA SIMON MWANSA KAWEPEWE INTERNATIONAL, ZA",-12.9833333,28.65,1270.1,6/2/1985,47.7,4,0,,999.9,,75.7,*,45.3, ,6,,0,A,9999.9,0,999.9,,999.9,0,67.3,4,18.6,4,2.8,4
67561099999,"NDOLA SIMON MWANSA KAWEPEWE INTERNATIONAL, ZA",-12.9833333,28.65,1270.1,6/3/1985,46.6,7,0,,999.9,,75.9,*,45.7, ,5.1,,0,A,9999.9,0,999.9,,999.9,0,61.9,7,17.3,7,1.3,7
67561099999,"NDOLA SIMON MWANSA KAWEPEWE INTERNATIONAL, ZA",-12.9833333,28.65,1270.1,6/4/1985,40.8,6,100000,,999.9,,75.9, ,44.1, ,9.9,,0,A,9999.9,0,999.9,,999.9,0,63.7,6,17.1,6,6.3,6
67561099999,"NDOLA SIMON MWANSA KAWEPEWE INTERNATIONAL, ZA",-12.9833333,28.65,1270.1,6/5/1985,43.4,7,0,,999.9,,75.6, ,44.6, ,8,,0,A,9999.9,0,999.9,,999.9,0,59.9,7,17.3,7,3,7
67561099999,"NDOLA SIMON MWANSA KAWEPEWE INTERNATIONAL, ZA",-12.9833333,28.65,1270.1,6/6/1985,45.3,6,0,,999.9,,76.6, ,44.1, ,6,,0,A,9999.9,0,999.9,,999.9,0,60.1,6,18.1,6,2.7,6
67561099999,"NDOLA SIMON MWANSA KAWEPEWE INTERNATIONAL, ZA",-12.9833333,28.65,1270.1,6/7/1985,48.7,7,100000,,999.9,,77.4, ,45.3, ,6,,0,A,9999.9,0,999.9,,999.9,0,61.8,7,14.1,7,3.3,7
67561099999,"NDOLA SIMON MWANSA KAWEPEWE INTERNATIONAL, ZA",-12.9833333,28.65,1270.1,6/8/1985,48.5,7,0,,999.9,,79, ,50.5,*,5.1,,0,A,9999.9,0,999.9,,999.9,0,62.4,7,16.7,7,1.9,7
67561099999,"NDOLA SIMON MWANSA KAWEPEWE INTERNATIONAL, ZA",-12.9833333,28.65,1270.1,6/9/1985,45.1,6,0,,999.9,,78.3, ,47.3, ,6,,0,A,9999.9,0,999.9,,999.9,0,62.3,6,15.8,6,2,6
67561099999,"NDOLA SIMON MWANSA KAWEPEWE INTERNATIONAL, ZA",-12.9833333,28.65,1270.1,6/10/1985,41.3,5,0,,999.9,,76.6,*,44.1, ,8,,0,A,9999.9,0,999.9,,999.9,0,61.6,6,15.3,6,4.2,6
67561099999,"NDOLA SIMON MWANSA KAWEPEWE INTERNATIONAL, ZA",-12.9833333,28.65,1270.1,6/11/1985,41.3,6,100000,,999.9,,77.9, ,43, ,6,,0,A,9999.9,0,999.9,,999.9,0,59.2,6,16.2,6,2.8,6
67561099999,"NDOLA SIMON MWANSA KAWEPEWE INTERNATIONAL, ZA",-12.9833333,28.65,1270.1,6/12/1985,43.7,4,0,,999.9,,76.8,*,41.7, ,999.9,,0,A,9999.9,0,999.9,,999.9,0,55.3,4,15.2,4,999.9,0
67561099999,"NDOLA SIMON MWANSA KAWEPEWE INTERNATIONAL, ZA",-12.9833333,28.65,1270.1,6/14/1985,38.4,7,100000,,999.9,,80.6, ,44.6, ,8,,0,A,9999.9,0,999.9,,999.9,0,63.4,7,13.2,7,2.3,6
67561099999,"NDOLA SIMON MWANSA KAWEPEWE INTERNATIONAL, ZA",-12.9833333,28.65,1270.1,6/15/1985,37.7,7,0,,999.9,,80.8, ,40.3, ,9.9,,0,A,9999.9,0,999.9,,999.9,0,62.1,7,15.8,7,4.7,7
67561099999,"NDOLA SIMON MWANSA KAWEPEWE INTERNATIONAL, ZA",-12.9833333,28.65,1270.1,6/16/1985,42,8,0,,999.9,,79.5, ,41.4, ,6,,0,A,9999.9,0,999.9,,999.9,0,60.6,8,17.5,8,2.5,8
67561099999,"NDOLA SIMON MWANSA KAWEPEWE INTERNATIONAL, ZA",-12.9833333,28.65,1270.1,6/17/1985,41,6,100000,,999.9,,77.9, ,42.3, ,8,,0,A,9999.9,0,999.9,,999.9,0,59.4,6,14.6,6,3,6
67561099999,"NDOLA SIMON MWANSA KAWEPEWE INTERNATIONAL, ZA",-12.9833333,28.65,1270.1,6/18/1985,37.2,7,0,,999.9,,74.7, ,41.7, ,8,,0,A,9999.9,0,999.9,,999.9,0,60,7,16.1,7,3.7,7
67561099999,"NDOLA SIMON MWANSA KAWEPEWE INTERNATIONAL, ZA",-12.9833333,28.65,1270.1,6/19/1985,40.9,5,0,,999.9,,74.1, ,41.5, ,15,,0,A,9999.9,0,999.9,,999.9,0,54.8,5,10.3,5,1.4,5
67561099999,"NDOLA SIMON MWANSA KAWEPEWE INTERNATIONAL, ZA",-12.9833333,28.65,1270.1,6/20/1985,38.9,6,0,,999.9,,74.5, ,41, ,8,,0,A,9999.9,0,999.9,,999.9,0,55.5,6,14.9,6,2,6
67561099999,"NDOLA SIMON MWANSA KAWEPEWE INTERNATIONAL, ZA",-12.9833333,28.65,1270.1,6/21/1985,9999.9,0,0,,999.9,,74.3, ,58.6,*,8,,0,A,9999.9,0,999.9,,999.9,0,67,4,17.1,4,5.2,4
67561099999,"NDOLA SIMON MWANSA KAWEPEWE INTERNATIONAL, ZA",-12.9833333,28.65,1270.1,6/22/1985,41.9,7,0,,999.9,,74.3, ,41.9, ,5.1,,0,A,9999.9,0,999.9,,999.9,0,59.4,7,20.9,7,2.4,7
67561099999,"NDOLA SIMON MWANSA KAWEPEWE INTERNATIONAL, ZA",-12.9833333,28.65,1270.1,6/23/1985,43,5,0,,999.9,,80.6,*,41.2, ,999.9,,0,A,9999.9,0,999.9,,999.9,0,59.9,5,13.4,5,28.3,5
67561099999,"NDOLA SIMON MWANSA KAWEPEWE INTERNATIONAL, ZA",-12.9833333,28.65,1270.1,6/24/1985,46.5,4,0,,999.9,,79.9,*,45.7, ,999.9,,0,A,9999.9,0,999.9,,999.9,0,64.2,4,14.9,4,999.9,0
67561099999,"NDOLA SIMON MWANSA KAWEPEWE INTERNATIONAL, ZA",-12.9833333,28.65,1270.1,6/26/1985,50,5,0,,999.9,,79.2, ,52.5, ,8.9,,0,A,9999.9,0,999.9,,999.9,0,64.7,6,18.6,6,3.2,5
67561099999,"NDOLA SIMON MWANSA KAWEPEWE INTERNATIONAL, ZA",-12.9833333,28.65,1270.1,6/28/1985,43.9,7,0,,999.9,,75.9, ,45.9, ,11.1,,0,A,9999.9,0,999.9,,999.9,0,63.4,7,18.6,7,5.2,7
67561099999,"NDOLA SIMON MWANSA KAWEPEWE INTERNATIONAL, ZA",-12.9833333,28.65,1270.1,6/29/1985,40.7,6,0,,999.9,,71.6,*,56.1, ,14,,0,A,9999.9,0,999.9,,999.9,0,65,6,18.6,6,10,6
67561099999,"NDOLA SIMON MWANSA KAWEPEWE INTERNATIONAL, ZA",-12.9833333,28.65,1270.1,7/2/1985,45.7,6,0,,999.9,,73.8, ,47.7,*,18.1,,0,I,9999.9,0,999.9,,999.9,0,61.1,6,18.6,6,8,6
67561099999,"NDOLA SIMON MWANSA KAWEPEWE INTERNATIONAL, ZA",-12.9833333,28.65,1270.1,7/3/1985,42.6,4,0,,999.9,,74.8,*,51.3,*,11.1,,0,A,9999.9,0,999.9,,999.9,0,67.1,4,18.6,4,5.5,4
67561099999,"NDOLA SIMON MWANSA KAWEPEWE INTERNATIONAL, ZA",-12.9833333,28.65,1270.1,7/4/1985,50.4,6,0,,999.9,,75.9, ,49.6, ,9.9,,0,A,9999.9,0,999.9,,999.9,0,65.2,6,22.8,6,5.6,5
67561099999,"NDOLA SIMON MWANSA KAWEPEWE INTERNATIONAL, ZA",-12.9833333,28.65,1270.1,7/5/1985,51.9,7,0,,999.9,,77.7, ,51.4,*,5.1,,0,A,9999.9,0,999.9,,999.9,0,61.2,7,15.4,7,2.1,6
67561099999,"NDOLA SIMON MWANSA KAWEPEWE INTERNATIONAL, ZA",-12.9833333,28.65,1270.1,7/6/1985,51.7,6,0,,999.9,,80.1,*,52.2, ,5.1,,0,G,9999.9,0,999.9,,999.9,0,66,6,12.9,6,2.7,6
67561099999,"NDOLA SIMON MWANSA KAWEPEWE INTERNATIONAL, ZA",-12.9833333,28.65,1270.1,7/7/1985,53,5,0,,999.9,,84, ,59.7,*,7,,0.04,G,9999.9,0,999.9,,999.9,0,72.8,5,15.9,5,2.6,5
67561099999,"NDOLA SIMON MWANSA KAWEPEWE INTERNATIONAL, ZA",-12.9833333,28.65,1270.1,7/8/1985,50.7,5,0,,999.9,,78.6,*,53.6, ,8,,0,G,9999.9,0,999.9,,999.9,0,66.3,5,17.4,5,4.4,5
67561099999,"NDOLA SIMON MWANSA KAWEPEWE INTERNATIONAL, ZA",-12.9833333,28.65,1270.1,7/9/1985,45.3,7,0,,999.9,,78.8,*,52.9, ,14,,0,A,9999.9,0,999.9,,999.9,0,67.7,7,18.6,7,7.9,6
67561099999,"NDOLA SIMON MWANSA KAWEPEWE INTERNATIONAL, ZA",-12.9833333,28.65,1270.1,7/10/1985,43.9,8,0,,999.9,,79,*,52.2, ,11.1,,0,A,9999.9,0,999.9,,999.9,0,65.8,8,17.5,8,5.5,8
67561099999,"NDOLA SIMON MWANSA KAWEPEWE INTERNATIONAL, ZA",-12.9833333,28.65,1270.1,7/11/1985,44.2,7,0,,999.9,,78.8, ,46.9, ,999.9,,0,A,9999.9,0,999.9,,999.9,0,64.5,7,16,7,13.1,7
67561099999,"NDOLA SIMON MWANSA KAWEPEWE INTERNATIONAL, ZA",-12.9833333,28.65,1270.1,7/12/1985,38.7,7,100000,,999.9,,79.9, ,44.4, ,9.9,,0,A,9999.9,0,999.9,,999.9,0,64.1,7,16,7,5.3,6
67561099999,"NDOLA SIMON MWANSA KAWEPEWE INTERNATIONAL, ZA",-12.9833333,28.65,1270.1,7/13/1985,33.2,7,0,,999.9,,71.1, ,47.3, ,8.9,,0,A,9999.9,0,999.9,,999.9,0,60,7,16.4,7,6.1,7
67561099999,"NDOLA SIMON MWANSA KAWEPEWE INTERNATIONAL, ZA",-12.9833333,28.65,1270.1,7/14/1985,34.8,6,0,,999.9,,70.3,*,39.9, ,8.9,,0,A,9999.9,0,999.9,,999.9,0,56.1,6,14.5,6,4.3,6
67561099999,"NDOLA SIMON MWANSA KAWEPEWE INTERNATIONAL, ZA",-12.9833333,28.65,1270.1,7/15/1985,37.6,5,0,,999.9,,73.2, ,45, ,9.9,,0,A,9999.9,0,999.9,,999.9,0,59.7,5,18.6,5,5.9,5
67561099999,"NDOLA SIMON MWANSA KAWEPEWE INTERNATIONAL, ZA",-12.9833333,28.65,1270.1,7/16/1985,37.5,6,0,,999.9,,74.7, ,43, ,8,,0,A,9999.9,0,999.9,,999.9,0,57.5,6,17.6,6,4.8,6
67561099999,"NDOLA SIMON MWANSA KAWEPEWE INTERNATIONAL, ZA",-12.9833333,28.65,1270.1,7/17/1985,38,5,0,,999.9,,80.8,*,41, ,12,,0,A,9999.9,0,999.9,,999.9,0,66.1,5,15.5,5,6,5
67561099999,"NDOLA SIMON MWANSA KAWEPEWE INTERNATIONAL, ZA",-12.9833333,28.65,1270.1,7/18/1985,40.6,8,0,,999.9,,73.9, ,41.4, ,9.9,,0,A,9999.9,0,999.9,,999.9,0,61.4,8,18.6,8,4.5,8
67561099999,"NDOLA SIMON MWANSA KAWEPEWE INTERNATIONAL, ZA",-12.9833333,28.65,1270.1,7/19/1985,40.4,7,0,,999.9,,75.6, ,42.3, ,8.9,,0,A,9999.9,0,999.9,,999.9,0,59.4,7,16.8,7,2.8,7
67561099999,"NDOLA SIMON MWANSA KAWEPEWE INTERNATIONAL, ZA",-12.9833333,28.65,1270.1,7/20/1985,41.5,6,0,,999.9,,78.6, ,44.6,*,4.1,,0,I,9999.9,0,999.9,,999.9,0,62.6,6,18.6,6,2.7,6
67561099999,"NDOLA SIMON MWANSA KAWEPEWE INTERNATIONAL, ZA",-12.9833333,28.65,1270.1,7/21/1985,44.7,7,0,,999.9,,80.1, ,46.2, ,6,,0,A,9999.9,0,999.9,,999.9,0,63.8,7,13.2,7,2.4,7
67561099999,"NDOLA SIMON MWANSA KAWEPEWE INTERNATIONAL, ZA",-12.9833333,28.65,1270.1,7/22/1985,42,6,100000,,999.9,,81.9, ,45.9, ,5.1,,0,A,9999.9,0,999.9,,999.9,0,68.2,6,12.9,6,2,6
67561099999,"NDOLA SIMON MWANSA KAWEPEWE INTERNATIONAL, ZA",-12.9833333,28.65,1270.1,7/23/1985,37.4,7,0,,999.9,,83.7, ,44.6, ,8.9,,0,A,9999.9,0,999.9,,999.9,0,66,7,15.6,7,4.6,5
67561099999,"NDOLA SIMON MWANSA KAWEPEWE INTERNATIONAL, ZA",-12.9833333,28.65,1270.1,7/25/1985,40.9,6,0,,999.9,,79.2, ,46.9, ,8.9,,0,A,9999.9,0,999.9,,999.9,0,66.1,6,16.2,5,5.1,6
67561099999,"NDOLA SIMON MWANSA KAWEPEWE INTERNATIONAL, ZA",-12.9833333,28.65,1270.1,7/27/1985,33.9,4,0,,999.9,,77,*,44.4, ,11.1,,0,A,9999.9,0,999.9,,999.9,0,65.8,4,11.8,4,5.2,4
67561099999,"NDOLA SIMON MWANSA KAWEPEWE INTERNATIONAL, ZA",-12.9833333,28.65,1270.1,8/1/1985,30.5,6,100000,,999.9,,77.2,*,39.7, ,15,,0,A,9999.9,0,999.9,,999.9,0,61.2,6,12.9,6,5,6
67561099999,"NDOLA SIMON MWANSA KAWEPEWE INTERNATIONAL, ZA",-12.9833333,28.65,1270.1,8/3/1985,34.4,6,0,,999.9,,81.3, ,40.3, ,2.9,,0,A,9999.9,0,999.9,,999.9,0,66.1,6,11.2,6,1,5
67561099999,"NDOLA SIMON MWANSA KAWEPEWE INTERNATIONAL, ZA",-12.9833333,28.65,1270.1,8/4/1985,37.5,7,0,,999.9,,80.8,*,44.4,*,12,,0,A,9999.9,0,999.9,,999.9,0,65.4,7,7.1,7,5.1,7
67561099999,"NDOLA SIMON MWANSA KAWEPEWE INTERNATIONAL, ZA",-12.9833333,28.65,1270.1,8/5/1985,43.3,5,0,,999.9,,82, ,45.7, ,13,,0,A,9999.9,0,999.9,,999.9,0,63.8,6,8.2,6,4,5
67561099999,"NDOLA SIMON MWANSA KAWEPEWE INTERNATIONAL, ZA",-12.9833333,28.65,1270.1,8/6/1985,48.8,6,0,,999.9,,82.8, ,50.4, ,9.9,,0,A,9999.9,0,999.9,,999.9,0,64.5,6,10.7,6,3.1,6
67561099999,"NDOLA SIMON MWANSA KAWEPEWE INTERNATIONAL, ZA",-12.9833333,28.65,1270.1,8/7/1985,44.9,5,0,,999.9,,81.3,*,54.9,*,11.1,,0,A,9999.9,0,999.9,,999.9,0,69.6,5,16.2,5,5.6,5
67561099999,"NDOLA SIMON MWANSA KAWEPEWE INTERNATIONAL, ZA",-12.9833333,28.65,1270.1,8/11/1985,41.2,6,0,,999.9,,79.2, ,58.5, ,15,,0,I,9999.9,0,999.9,,999.9,0,68.9,6,15.5,6,9.5,6
67561099999,"NDOLA SIMON MWANSA KAWEPEWE INTERNATIONAL, ZA",-12.9833333,28.65,1270.1,8/12/1985,43.1,7,0,,999.9,,77,*,55.4,*,12,,0,A,9999.9,0,999.9,,999.9,0,67.4,7,12.9,7,6.9,7
67561099999,"NDOLA SIMON MWANSA KAWEPEWE INTERNATIONAL, ZA",-12.9833333,28.65,1270.1,8/13/1985,43.6,6,0,,999.9,,81.3, ,59,*,8,,0,A,9999.9,0,999.9,,999.9,0,69.3,7,15.1,7,5.6,7
67561099999,"NDOLA SIMON MWANSA KAWEPEWE INTERNATIONAL, ZA",-12.9833333,28.65,1270.1,8/14/1985,40.5,6,0,,999.9,,80.6,*,51.6, ,11.1,,0,A,9999.9,0,999.9,,999.9,0,66.5,6,10.4,6,3.9,6
67561099999,"NDOLA SIMON MWANSA KAWEPEWE INTERNATIONAL, ZA",-12.9833333,28.65,1270.1,8/15/1985,36.8,5,100000,,999.9,,80.1,*,49.8,*,8,,0,A,9999.9,0,999.9,,999.9,0,68.4,5,11.6,5,3,4
67561099999,"NDOLA SIMON MWANSA KAWEPEWE INTERNATIONAL, ZA",-12.9833333,28.65,1270.1,8/16/1985,9999.9,0,0,,999.9,,77.4,*,50.9,*,999.9,,0,A,9999.9,0,999.9,,999.9,0,66.2,4,8.5,4,999.9,0
67561099999,"NDOLA SIMON MWANSA KAWEPEWE INTERNATIONAL, ZA",-12.9833333,28.65,1270.1,8/17/1985,46.2,7,0,,999.9,,81.7, ,41.4,*,9.9,,0,A,9999.9,0,999.9,,999.9,0,64,8,12.8,8,5.4,8
67561099999,"NDOLA SIMON MWANSA KAWEPEWE INTERNATIONAL, ZA",-12.9833333,28.65,1270.1,8/18/1985,44.4,6,0,,999.9,,82, ,54,*,16.9,,0,A,9999.9,0,999.9,,999.9,0,68.4,6,15.5,6,9.6,5
67561099999,"NDOLA SIMON MWANSA KAWEPEWE INTERNATIONAL, ZA",-12.9833333,28.65,1270.1,8/19/1985,44.9,5,0,,999.9,,79.3, ,54.7,*,15,,0,A,9999.9,0,999.9,,999.9,0,70.7,5,23,5,9.6,5
67561099999,"NDOLA SIMON MWANSA KAWEPEWE INTERNATIONAL, ZA",-12.9833333,28.65,1270.1,8/20/1985,50,4,0,,999.9,,74.8,*,53.8, ,14,,0,A,9999.9,0,999.9,,999.9,0,63.5,4,18.6,4,7.5,4
67561099999,"NDOLA SIMON MWANSA KAWEPEWE INTERNATIONAL, ZA",-12.9833333,28.65,1270.1,8/23/1985,43.8,4,0,,999.9,,79.5,*,48.7, ,6,,0,A,9999.9,0,999.9,,999.9,0,72.7,4,10.9,4,3.5,4
67561099999,"NDOLA SIMON MWANSA KAWEPEWE INTERNATIONAL, ZA",-12.9833333,28.65,1270.1,8/25/1985,43.8,7,0,,999.9,,82.2, ,54.3, ,7,,0,A,9999.9,0,999.9,,999.9,0,69.6,7,14.2,7,5.3,7
67561099999,"NDOLA SIMON MWANSA KAWEPEWE INTERNATIONAL, ZA",-12.9833333,28.65,1270.1,8/26/1985,36.9,4,0,,999.9,,77.7,*,57.7, ,15.9,,0,A,9999.9,0,999.9,,999.9,0,72.1,4,11.7,4,13.9,4
67561099999,"NDOLA SIMON MWANSA KAWEPEWE INTERNATIONAL, ZA",-12.9833333,28.65,1270.1,8/27/1985,42.4,4,0,,999.9,,71.2, ,53.8,*,11.1,,0,I,9999.9,0,999.9,,999.9,0,59.5,4,14,4,9.2,4
67561099999,"NDOLA SIMON MWANSA KAWEPEWE INTERNATIONAL, ZA",-12.9833333,28.65,1270.1,8/28/1985,36,4,0,,999.9,,68.9,*,44.6, ,15,,0,A,9999.9,0,999.9,,999.9,0,55.9,4,18.6,4,8.3,4
67561099999,"NDOLA SIMON MWANSA KAWEPEWE INTERNATIONAL, ZA",-12.9833333,28.65,1270.1,8/29/1985,39,4,0,,999.9,,76.3,*,47.1, ,6,,0,A,9999.9,0,999.9,,999.9,0,70.6,4,18.6,4,4.8,4
67561099999,"NDOLA SIMON MWANSA KAWEPEWE INTERNATIONAL, ZA",-12.9833333,28.65,1270.1,9/1/1985,45.9,7,0,,999.9,,84.9, ,60.8, ,11.1,,0,A,9999.9,0,999.9,,999.9,0,71.4,7,14.6,7,3.8,7
67561099999,"NDOLA SIMON MWANSA KAWEPEWE INTERNATIONAL, ZA",-12.9833333,28.65,1270.1,9/3/1985,43.8,4,0,,999.9,,85.3,*,53.1, ,4.1,,0,A,9999.9,0,999.9,,999.9,0,78.1,4,13.2,4,3,4
67561099999,"NDOLA SIMON MWANSA KAWEPEWE INTERNATIONAL, ZA",-12.9833333,28.65,1270.1,9/5/1985,36.5,4,0,,999.9,,88.5,*,55.4, ,9.9,,0,A,9999.9,0,999.9,,999.9,0,81.2,4,11.7,4,7,4
67561099999,"NDOLA SIMON MWANSA KAWEPEWE INTERNATIONAL, ZA",-12.9833333,28.65,1270.1,9/6/1985,41.2,5,0,,999.9,,86,*,59.4, ,12,,0,A,9999.9,0,999.9,,999.9,0,78.9,5,11.2,5,9.8,5
67561099999,"NDOLA SIMON MWANSA KAWEPEWE INTERNATIONAL, ZA",-12.9833333,28.65,1270.1,9/8/1985,44.7,6,0,,999.9,,82.4, ,54.3, ,11.1,,0,A,9999.9,0,999.9,,999.9,0,73.3,6,9.3,6,7.2,6
67561099999,"NDOLA SIMON MWANSA KAWEPEWE INTERNATIONAL, ZA",-12.9833333,28.65,1270.1,9/9/1985,45.5,5,0,,999.9,,85.5, ,59.9, ,6,,0,A,9999.9,0,999.9,,999.9,0,71.8,5,13,5,3.2,5
67561099999,"NDOLA SIMON MWANSA KAWEPEWE INTERNATIONAL, ZA",-12.9833333,28.65,1270.1,9/10/1985,50.6,5,0,,999.9,,84.9,*,57.9, ,7,,0,A,9999.9,0,999.9,,999.9,0,71.3,5,13.7,5,5,5
67561099999,"NDOLA SIMON MWANSA KAWEPEWE INTERNATIONAL, ZA",-12.9833333,28.65,1270.1,9/11/1985,48.2,4,0,,999.9,,85.1,*,60.3, ,6,,0,A,9999.9,0,999.9,,999.9,0,73.5,4,13.2,4,2.5,4
67561099999,"NDOLA SIMON MWANSA KAWEPEWE INTERNATIONAL, ZA",-12.9833333,28.65,1270.1,9/12/1985,42.4,4,0,,999.9,,87.1,*,55.6, ,6,,0,A,9999.9,0,999.9,,999.9,0,80,4,10.1,4,3.5,4
67561099999,"NDOLA SIMON MWANSA KAWEPEWE INTERNATIONAL, ZA",-12.9833333,28.65,1270.1,9/14/1985,43.2,4,0,,999.9,,89.6, ,77.2,*,9.9,,0,I,9999.9,0,999.9,,999.9,0,83.6,4,8.2,4,6.5,4
67561099999,"NDOLA SIMON MWANSA KAWEPEWE INTERNATIONAL, ZA",-12.9833333,28.65,1270.1,9/15/1985,46.7,7,0,,999.9,,89.6, ,60.6, ,8.9,,0,A,9999.9,0,999.9,,999.9,0,75.6,7,8.8,7,5.4,7
67561099999,"NDOLA SIMON MWANSA KAWEPEWE INTERNATIONAL, ZA",-12.9833333,28.65,1270.1,9/17/1985,47.2,4,0,,999.9,,87.3,*,61.5, ,11.1,,0,A,9999.9,0,999.9,,999.9,0,72.6,4,9.3,4,8.3,4
67561099999,"NDOLA SIMON MWANSA KAWEPEWE INTERNATIONAL, ZA",-12.9833333,28.65,1270.1,9/18/1985,50.4,4,0,,999.9,,84.2,*,60.4, ,9.9,,0,A,9999.9,0,999.9,,999.9,0,79.5,4,8.5,4,5.7,4
67561099999,"NDOLA SIMON MWANSA KAWEPEWE INTERNATIONAL, ZA",-12.9833333,28.65,1270.1,9/19/1985,45.1,4,0,,999.9,,84.9,*,59, ,9.9,,0,A,9999.9,0,999.9,,999.9,0,80.3,4,10.1,4,6.8,4
67561099999,"NDOLA SIMON MWANSA KAWEPEWE INTERNATIONAL, ZA",-12.9833333,28.65,1270.1,9/21/1985,38.1,7,0,,999.9,,89.8, ,60.1,*,16.9,,0,A,9999.9,0,999.9,,999.9,0,76.5,7,12,7,10.4,7
67561099999,"NDOLA SIMON MWANSA KAWEPEWE INTERNATIONAL, ZA",-12.9833333,28.65,1270.1,9/22/1985,47.2,6,0,,999.9,,81.3,*,60.1, ,13,,0,A,9999.9,0,999.9,,999.9,0,73,6,10.4,6,10.7,6
67561099999,"NDOLA SIMON MWANSA KAWEPEWE INTERNATIONAL, ZA",-12.9833333,28.65,1270.1,9/23/1985,47,5,0,,999.9,,86.4, ,55.2, ,15,,0,A,9999.9,0,999.9,,999.9,0,68.8,5,12.4,5,8,5
67561099999,"NDOLA SIMON MWANSA KAWEPEWE INTERNATIONAL, ZA",-12.9833333,28.65,1270.1,9/24/1985,47,6,0,,999.9,,86.5, ,57.4, ,11.1,,0,A,9999.9,0,999.9,,999.9,0,76.7,6,13.5,6,5.2,6
67561099999,"NDOLA SIMON MWANSA KAWEPEWE INTERNATIONAL, ZA",-12.9833333,28.65,1270.1,9/25/1985,45.7,7,0,,999.9,,94.1,*,57, ,8,,0,A,9999.9,0,999.9,,999.9,0,76,7,8.7,7,5.7,6
67561099999,"NDOLA SIMON MWANSA KAWEPEWE INTERNATIONAL, ZA",-12.9833333,28.65,1270.1,9/26/1985,45.1,7,0,,999.9,,87.3,*,60.8, ,8,,0,A,9999.9,0,999.9,,999.9,0,76.2,7,13.3,7,4.3,7
67561099999,"NDOLA SIMON MWANSA KAWEPEWE INTERNATIONAL, ZA",-12.9833333,28.65,1270.1,9/27/1985,42.7,5,0,,999.9,,86.9,*,59, ,14,,0,A,9999.9,0,999.9,,999.9,0,73.4,5,11.8,5,6,5
67561099999,"NDOLA SIMON MWANSA KAWEPEWE INTERNATIONAL, ZA",-12.9833333,28.65,1270.1,9/28/1985,39,5,0,,999.9,,85.8,*,56.7, ,15,,0,A,9999.9,0,999.9,,999.9,0,76.3,5,10.6,5,7.6,5
67561099999,"NDOLA SIMON MWANSA KAWEPEWE INTERNATIONAL, ZA",-12.9833333,28.65,1270.1,9/29/1985,37.5,6,0,,999.9,,87.4, ,63, ,9.9,,0,A,9999.9,0,999.9,,999.9,0,78.1,6,9.1,6,7.5,6
67561099999,"NDOLA SIMON MWANSA KAWEPEWE INTERNATIONAL, ZA",-12.9833333,28.65,1270.1,9/30/1985,35.7,7,0,,999.9,,88.9, ,59.9, ,12,,0,A,9999.9,0,999.9,,999.9,0,76.4,7,6.2,7,7.8,7
67561099999,"NDOLA SIMON MWANSA KAWEPEWE INTERNATIONAL, ZA",-12.9833333,28.65,1270.1,10/1/1985,36,4,0,,999.9,,88.3,*,63.3, ,11.1,,0,A,9999.9,0,999.9,,999.9,0,82.5,4,5.4,4,7.8,4
67561099999,"NDOLA SIMON MWANSA KAWEPEWE INTERNATIONAL, ZA",-12.9833333,28.65,1270.1,10/2/1985,39.6,4,0,,999.9,,87.6, ,62.2,*,27,,0,A,9999.9,0,999.9,,999.9,0,75.8,4,5.4,4,11,4
67561099999,"NDOLA SIMON MWANSA KAWEPEWE INTERNATIONAL, ZA",-12.9833333,28.65,1270.1,10/4/1985,47.2,5,0,,999.9,,89.8, ,60.8, ,12,,0,A,9999.9,0,999.9,,999.9,0,81.1,5,10.3,5,8.6,5
67561099999,"NDOLA SIMON MWANSA KAWEPEWE INTERNATIONAL, ZA",-12.9833333,28.65,1270.1,10/5/1985,49.6,5,10000,,999.9,,85.6,*,60.1, ,7,,0,H,9999.9,0,999.9,,999.9,0,75.7,5,9.2,5,4.6,5
67561099999,"NDOLA SIMON MWANSA KAWEPEWE INTERNATIONAL, ZA",-12.9833333,28.65,1270.1,10/6/1985,40.1,5,0,,999.9,,93.2,*,62.4, ,15,,0,G,9999.9,0,999.9,,999.9,0,82.6,5,6,5,10.6,5
67561099999,"NDOLA SIMON MWANSA KAWEPEWE INTERNATIONAL, ZA",-12.9833333,28.65,1270.1,10/7/1985,38.8,5,0,,999.9,,88.2, ,58.5, ,5.1,,0,A,9999.9,0,999.9,,999.9,0,70.5,5,5.7,5,2.4,5
67561099999,"NDOLA SIMON MWANSA KAWEPEWE INTERNATIONAL, ZA",-12.9833333,28.65,1270.1,10/9/1985,44.8,5,0,,999.9,,86.2, ,69.4,*,12,,0,A,9999.9,0,999.9,,999.9,0,78.4,5,4.7,5,8.8,5
67561099999,"NDOLA SIMON MWANSA KAWEPEWE INTERNATIONAL, ZA",-12.9833333,28.65,1270.1,10/10/1985,53.8,5,0,,999.9,,76.1,*,63.5, ,14,,0,A,9999.9,0,999.9,,999.9,0,70.5,5,8.2,5,10.8,5
67561099999,"NDOLA SIMON MWANSA KAWEPEWE INTERNATIONAL, ZA",-12.9833333,28.65,1270.1,10/12/1985,51.8,4,0,,999.9,,82.8,*,55.4, ,8.9,,0,A,9999.9,0,999.9,,999.9,0,77.8,4,16.3,4,6,4
67561099999,"NDOLA SIMON MWANSA KAWEPEWE INTERNATIONAL, ZA",-12.9833333,28.65,1270.1,10/13/1985,50.2,4,0,,999.9,,91,*,62.2, ,11.1,,0.04,G,9999.9,0,999.9,,999.9,0,82.9,4,17.9,4,5.7,4
67561099999,"NDOLA SIMON MWANSA KAWEPEWE INTERNATIONAL, ZA",-12.9833333,28.65,1270.1,10/14/1985,47.7,7,10000,,999.9,,90, ,57.6, ,9.9,,0,G,9999.9,0,999.9,,999.9,0,75.8,7,13.3,7,3.4,7
67561099999,"NDOLA SIMON MWANSA KAWEPEWE INTERNATIONAL, ZA",-12.9833333,28.65,1270.1,10/16/1985,46.6,5,0,,999.9,,91.4,*,61.7, ,13,,0,A,9999.9,0,999.9,,999.9,0,76.8,5,6.2,5,7.4,5
67561099999,"NDOLA SIMON MWANSA KAWEPEWE INTERNATIONAL, ZA",-12.9833333,28.65,1270.1,10/23/1985,44.7,4,0,,999.9,,89.8, ,80.1,*,8,,0,I,9999.9,0,999.9,,999.9,0,84,4,999.9,0,6.3,4
67561099999,"NDOLA SIMON MWANSA KAWEPEWE INTERNATIONAL, ZA",-12.9833333,28.65,1270.1,10/24/1985,49.6,5,0,,999.9,,89.6, ,60.3, ,9.9,,0,A,9999.9,0,999.9,,999.9,0,81.2,5,13,5,5.8,5
67561099999,"NDOLA SIMON MWANSA KAWEPEWE INTERNATIONAL, ZA",-12.9833333,28.65,1270.1,10/25/1985,47.4,4,0,,999.9,,91.9, ,60.3, ,12,,0,A,9999.9,0,999.9,,999.9,0,81.3,4,11.7,4,6.3,4
67561099999,"NDOLA SIMON MWANSA KAWEPEWE INTERNATIONAL, ZA",-12.9833333,28.65,1270.1,10/27/1985,57.3,5,10,,999.9,,88.5, ,62.8, ,9.9,,0,A,9999.9,0,999.9,,999.9,0,78.4,5,10.6,5,5.6,5
67561099999,"NDOLA SIMON MWANSA KAWEPEWE INTERNATIONAL, ZA",-12.9833333,28.65,1270.1,10/29/1985,58,5,0,,999.9,,86.7, ,63, ,8,,0,G,9999.9,0,999.9,,999.9,0,75.9,5,16.2,5,4.4,5
67561099999,"NDOLA SIMON MWANSA KAWEPEWE INTERNATIONAL, ZA",-12.9833333,28.65,1270.1,11/2/1985,57.3,4,10000,,999.9,,85.1,*,63.7, ,999.9,,0.43,G,9999.9,0,999.9,,999.9,0,78.2,4,17.1,4,999.9,0
67561099999,"NDOLA SIMON MWANSA KAWEPEWE INTERNATIONAL, ZA",-12.9833333,28.65,1270.1,11/7/1985,59.6,5,10010,,999.9,,79.7,*,62.8, ,9.9,,0.28,G,9999.9,0,999.9,,999.9,0,69.8,6,12.4,6,4.8,6
67561099999,"NDOLA SIMON MWANSA KAWEPEWE INTERNATIONAL, ZA",-12.9833333,28.65,1270.1,11/10/1985,61.3,5,10010,,999.9,,85.8, ,60.8, ,7,,0,H,9999.9,0,999.9,,999.9,0,68,5,12.1,5,3.4,5
67561099999,"NDOLA SIMON MWANSA KAWEPEWE INTERNATIONAL, ZA",-12.9833333,28.65,1270.1,11/11/1985,59.7,4,10000,,999.9,,76.6,*,60.8, ,2.9,,2.2,G,9999.9,0,999.9,,999.9,0,66.2,4,16.3,4,1.2,4
67561099999,"NDOLA SIMON MWANSA KAWEPEWE INTERNATIONAL, ZA",-12.9833333,28.65,1270.1,11/12/1985,63.8,4,10010,,999.9,,75.6,*,62.6, ,7,,0.51,G,9999.9,0,999.9,,999.9,0,70.5,4,13.7,4,4.3,4
67561099999,"NDOLA SIMON MWANSA KAWEPEWE INTERNATIONAL, ZA",-12.9833333,28.65,1270.1,11/13/1985,60.8,4,10000,,999.9,,78.4, ,63.3, ,9.9,,0.91,G,9999.9,0,999.9,,999.9,0,72.5,4,17.1,4,8.7,4
67561099999,"NDOLA SIMON MWANSA KAWEPEWE INTERNATIONAL, ZA",-12.9833333,28.65,1270.1,11/17/1985,55.2,7,0,,999.9,,84.6, ,60.6, ,9.9,,0,A,9999.9,0,999.9,,999.9,0,74.6,7,18.6,7,6.8,6
67561099999,"NDOLA SIMON MWANSA KAWEPEWE INTERNATIONAL, ZA",-12.9833333,28.65,1270.1,11/18/1985,56.5,4,10010,,999.9,,84.9, ,68,*,7,,99.99, ,9999.9,0,999.9,,999.9,0,75.6,4,14.8,4,6,4
67561099999,"NDOLA SIMON MWANSA KAWEPEWE INTERNATIONAL, ZA",-12.9833333,28.65,1270.1,11/19/1985,57.4,5,0,,999.9,,79.9,*,58.5, ,8.9,,0,G,9999.9,0,999.9,,999.9,0,69.3,5,16.2,5,5.8,5
67561099999,"NDOLA SIMON MWANSA KAWEPEWE INTERNATIONAL, ZA",-12.9833333,28.65,1270.1,11/20/1985,57.1,5,0,,999.9,,79, ,58.5, ,6,,0,A,9999.9,0,999.9,,999.9,0,73,5,18.6,5,2.8,5
67561099999,"NDOLA SIMON MWANSA KAWEPEWE INTERNATIONAL, ZA",-12.9833333,28.65,1270.1,11/21/1985,54.6,4,0,,999.9,,81.1,*,57.4, ,8.9,,0,A,9999.9,0,999.9,,999.9,0,75.9,4,18.6,4,5.2,4
67561099999,"NDOLA SIMON MWANSA KAWEPEWE INTERNATIONAL, ZA",-12.9833333,28.65,1270.1,11/23/1985,57.9,5,10,,999.9,,81.5,*,60.8, ,8,,0,G,9999.9,0,999.9,,999.9,0,70.6,5,18,5,4.6,5
67561099999,"NDOLA SIMON MWANSA KAWEPEWE INTERNATIONAL, ZA",-12.9833333,28.65,1270.1,11/24/1985,60.4,4,0,,999.9,,84.6, ,62.4, ,9.9,,0.59,G,9999.9,0,999.9,,999.9,0,74.9,4,18.6,4,7.7,4
67561099999,"NDOLA SIMON MWANSA KAWEPEWE INTERNATIONAL, ZA",-12.9833333,28.65,1270.1,11/25/1985,63.3,4,10,,999.9,,79.2,*,67.5,*,7,,0,G,9999.9,0,999.9,,999.9,0,72.6,4,15.5,4,3.5,4
67561099999,"NDOLA SIMON MWANSA KAWEPEWE INTERNATIONAL, ZA",-12.9833333,28.65,1270.1,11/26/1985,60.1,6,0,,999.9,,83.3,*,62.8, ,5.1,,0.04,G,9999.9,0,999.9,,999.9,0,72.1,6,18.6,6,2.3,6
67561099999,"NDOLA SIMON MWANSA KAWEPEWE INTERNATIONAL, ZA",-12.9833333,28.65,1270.1,11/27/1985,62,6,10,,999.9,,81.9, ,62.6, ,8,,0,G,9999.9,0,999.9,,999.9,0,67.1,6,18.1,6,2.3,6
67561099999,"NDOLA SIMON MWANSA KAWEPEWE INTERNATIONAL, ZA",-12.9833333,28.65,1270.1,11/28/1985,61.2,4,0,,999.9,,83.5,*,61.5, ,6,,0.43,G,9999.9,0,999.9,,999.9,0,77.6,4,18.6,4,4.8,4
67561099999,"NDOLA SIMON MWANSA KAWEPEWE INTERNATIONAL, ZA",-12.9833333,28.65,1270.1,11/29/1985,62.3,4,10,,999.9,,83.3, ,63.3, ,5.1,,0,G,9999.9,0,999.9,,999.9,0,72.5,4,18.6,4,2.7,4
67561099999,"NDOLA SIMON MWANSA KAWEPEWE INTERNATIONAL, ZA",-12.9833333,28.65,1270.1,11/30/1985,62,5,10,,999.9,,82.4,*,52.2, ,7,,0,A,9999.9,0,999.9,,999.9,0,76.2,5,18.6,5,2.6,5
67561099999,"NDOLA SIMON MWANSA KAWEPEWE INTERNATIONAL, ZA",-12.9833333,28.65,1270.1,12/1/1985,62.2,5,10010,,999.9,,72.9, ,61.9, ,11.1,,1.93,G,9999.9,0,999.9,,999.9,0,66.8,5,17.4,5,2.2,5
67561099999,"NDOLA SIMON MWANSA KAWEPEWE INTERNATIONAL, ZA",-12.9833333,28.65,1270.1,12/2/1985,63,4,10010,,999.9,,72.3,*,60.3, ,5.1,,0,G,9999.9,0,999.9,,999.9,0,67.6,4,17.9,4,3.3,4
67561099999,"NDOLA SIMON MWANSA KAWEPEWE INTERNATIONAL, ZA",-12.9833333,28.65,1270.1,12/3/1985,62.9,5,10000,,999.9,,71.6,*,62.4, ,18.1,,0.87,G,9999.9,0,999.9,,999.9,0,67.2,5,17.4,5,6,5
67561099999,"NDOLA SIMON MWANSA KAWEPEWE INTERNATIONAL, ZA",-12.9833333,28.65,1270.1,12/4/1985,63.7,5,10,,999.9,,80.8, ,63, ,5.1,,0.12,G,9999.9,0,999.9,,999.9,0,72,5,18.6,5,2.8,5
67561099999,"NDOLA SIMON MWANSA KAWEPEWE INTERNATIONAL, ZA",-12.9833333,28.65,1270.1,12/5/1985,62.7,5,0,,999.9,,80.6,*,64.2, ,6,,0,G,9999.9,0,999.9,,999.9,0,71.9,5,18.6,5,2,5
67561099999,"NDOLA SIMON MWANSA KAWEPEWE INTERNATIONAL, ZA",-12.9833333,28.65,1270.1,12/6/1985,64.3,5,10,,999.9,,78.8, ,65.1, ,6,,0,A,9999.9,0,999.9,,999.9,0,70.9,5,16.8,5,2.8,5
67561099999,"NDOLA SIMON MWANSA KAWEPEWE INTERNATIONAL, ZA",-12.9833333,28.65,1270.1,12/8/1985,63.2,7,10010,,999.9,,77, ,63.1, ,7,,0.94,G,9999.9,0,999.9,,999.9,0,69.7,7,16,7,4.9,7
67561099999,"NDOLA SIMON MWANSA KAWEPEWE INTERNATIONAL, ZA",-12.9833333,28.65,1270.1,12/9/1985,62.5,7,10,,999.9,,83.7, ,62.6, ,5.1,,0,G,9999.9,0,999.9,,999.9,0,70.8,7,16.8,7,2.1,7
67561099999,"NDOLA SIMON MWANSA KAWEPEWE INTERNATIONAL, ZA",-12.9833333,28.65,1270.1,12/10/1985,62.8,4,10000,,999.9,,85.3, ,61.7, ,5.1,,0,H,9999.9,0,999.9,,999.9,0,74.1,4,18.6,4,2.5,4
67561099999,"NDOLA SIMON MWANSA KAWEPEWE INTERNATIONAL, ZA",-12.9833333,28.65,1270.1,12/11/1985,65.1,4,10010,,999.9,,82.2, ,63, ,7,,99.99, ,9999.9,0,999.9,,999.9,0,72.4,5,15.3,5,5.6,5
67561099999,"NDOLA SIMON MWANSA KAWEPEWE INTERNATIONAL, ZA",-12.9833333,28.65,1270.1,12/12/1985,63.5,4,10010,,999.9,,72.3,*,63.7, ,4.1,,0.55,G,9999.9,0,999.9,,999.9,0,69.5,4,14.8,4,1,4
67561099999,"NDOLA SIMON MWANSA KAWEPEWE INTERNATIONAL, ZA",-12.9833333,28.65,1270.1,12/13/1985,63.4,4,10,,999.9,,78.6,*,62.6, ,9.9,,0.2,G,9999.9,0,999.9,,999.9,0,73.2,4,17.1,4,6,4
67561099999,"NDOLA SIMON MWANSA KAWEPEWE INTERNATIONAL, ZA",-12.9833333,28.65,1270.1,12/14/1985,64.1,4,10010,,999.9,,73.2,*,63.3, ,14,,0,G,9999.9,0,999.9,,999.9,0,70.9,4,11.7,4,5.2,4
67561099999,"NDOLA SIMON MWANSA KAWEPEWE INTERNATIONAL, ZA",-12.9833333,28.65,1270.1,12/15/1985,64.5,5,10010,,999.9,,80.4,*,62.4, ,2.9,,0.55,G,9999.9,0,999.9,,999.9,0,73.2,5,16.2,5,0.6,5
67561099999,"NDOLA SIMON MWANSA KAWEPEWE INTERNATIONAL, ZA",-12.9833333,28.65,1270.1,12/16/1985,63.6,6,10010,,999.9,,69.8,*,63.9, ,9.9,,0.16,G,9999.9,0,999.9,,999.9,0,66.6,6,16.6,6,4.7,6
67561099999,"NDOLA SIMON MWANSA KAWEPEWE INTERNATIONAL, ZA",-12.9833333,28.65,1270.1,12/17/1985,61.7,5,100010,,999.9,,84.7, ,61.5,*,4.1,,0.31,G,9999.9,0,999.9,,999.9,0,76.2,6,16.6,6,1.3,6
67561099999,"NDOLA SIMON MWANSA KAWEPEWE INTERNATIONAL, ZA",-12.9833333,28.65,1270.1,12/19/1985,63.2,4,10010,,999.9,,73.2,*,63.3, ,5.1,,0.16,G,9999.9,0,999.9,,999.9,0,69.4,4,13.8,4,1.3,4
67561099999,"NDOLA SIMON MWANSA KAWEPEWE INTERNATIONAL, ZA",-12.9833333,28.65,1270.1,12/21/1985,62.9,4,10000,,999.9,,76.3,*,65.3, ,8,,0,G,9999.9,0,999.9,,999.9,0,70.4,4,14.8,4,5,4
67561099999,"NDOLA SIMON MWANSA KAWEPEWE INTERNATIONAL, ZA",-12.9833333,28.65,1270.1,12/24/1985,63.9,6,110010,,999.9,,81.5, ,63.1, ,6,,0.12,G,9999.9,0,999.9,,999.9,0,68,6,15.7,6,1.5,6
67561099999,"NDOLA SIMON MWANSA KAWEPEWE INTERNATIONAL, ZA",-12.9833333,28.65,1270.1,12/26/1985,63.8,5,110000,,999.9,,83.1, ,64.2, ,4.1,,0.2,G,9999.9,0,999.9,,999.9,0,69.8,5,8.6,5,1.2,5
67561099999,"NDOLA SIMON MWANSA KAWEPEWE INTERNATIONAL, ZA",-12.9833333,28.65,1270.1,12/29/1985,64.5,6,10010,,999.9,,78.1,*,63, ,7,,99.99, ,9999.9,0,999.9,,999.9,0,70.5,6,16.1,6,3.1,6
67561099999,"NDOLA SIMON MWANSA KAWEPEWE INTERNATIONAL, ZA",-12.9833333,28.65,1270.1,12/30/1985,64,4,10010,,999.9,,79.5, ,64, ,4.1,,0.43,G,9999.9,0,999.9,,999.9,0,71.8,4,14.3,4,2.2,4
67561099999,"NDOLA SIMON MWANSA KAWEPEWE INTERNATIONAL, ZA",-12.9833333,28.65,1270.1,1/2/1986,63.5,5,10010,,999.9,,68.9, ,63.5, ,6,,0.83,G,9999.9,0,999.9,,999.9,0,64.9,5,10.2,5,3.6,5
67561099999,"NDOLA SIMON MWANSA KAWEPEWE INTERNATIONAL, ZA",-12.9833333,28.65,1270.1,1/7/1986,62.3,6,10000,,999.9,,74.7, ,62.1, ,7,,0,G,9999.9,0,999.9,,999.9,0,66,6,18.1,6,5.3,6
67561099999,"NDOLA SIMON MWANSA KAWEPEWE INTERNATIONAL, ZA",-12.9833333,28.65,1270.1,1/8/1986,64.3,7,10010,,999.9,,74.3, ,63.7, ,8,,0.08,G,9999.9,0,999.9,,999.9,0,68,7,11.8,7,3.4,7
67561099999,"NDOLA SIMON MWANSA KAWEPEWE INTERNATIONAL, ZA",-12.9833333,28.65,1270.1,1/11/1986,63.3,7,10010,,999.9,,81.9, ,63.3, ,7,,0.02,G,9999.9,0,999.9,,999.9,0,70,7,12.4,7,1.8,7
67561099999,"NDOLA SIMON MWANSA KAWEPEWE INTERNATIONAL, ZA",-12.9833333,28.65,1270.1,1/12/1986,64.1,4,10010,,999.9,,77.7, ,64, ,999.9,,0.04,G,9999.9,0,999.9,,999.9,0,69.9,4,12.4,4,999.9,0
67561099999,"NDOLA SIMON MWANSA KAWEPEWE INTERNATIONAL, ZA",-12.9833333,28.65,1270.1,1/13/1986,62.2,5,0,,999.9,,76.5,*,63.7, ,9.9,,0.08,G,9999.9,0,999.9,,999.9,0,70.1,6,12,6,4.5,6
67561099999,"NDOLA SIMON MWANSA KAWEPEWE INTERNATIONAL, ZA",-12.9833333,28.65,1270.1,1/14/1986,62.9,4,10,,999.9,,79.5,*,64.2,*,8,,0,G,9999.9,0,999.9,,999.9,0,72.4,4,11.3,4,3.3,4
67561099999,"NDOLA SIMON MWANSA KAWEPEWE INTERNATIONAL, ZA",-12.9833333,28.65,1270.1,2/15/1986,60.4,4,0,,999.9,,79.7,*,61.2, ,8,,0,I,9999.9,0,999.9,,999.9,0,75.5,4,18.6,4,6,4
67561099999,"NDOLA SIMON MWANSA KAWEPEWE INTERNATIONAL, ZA",-12.9833333,28.65,1270.1,2/18/1986,63,5,10010,,999.9,,81, ,63.5, ,4.1,,0,G,9999.9,0,999.9,,999.9,0,71,5,16.2,5,2,5
67561099999,"NDOLA SIMON MWANSA KAWEPEWE INTERNATIONAL, ZA",-12.9833333,28.65,1270.1,2/19/1986,63.8,4,10,,999.9,,82.4,*,63.3, ,4.1,,0.31,G,9999.9,0,999.9,,999.9,0,75.8,4,18.6,4,3.1,4
67561099999,"NDOLA SIMON MWANSA KAWEPEWE INTERNATIONAL, ZA",-12.9833333,28.65,1270.1,2/20/1986,63.5,4,10,,999.9,,84.4, ,64.4, ,6,,0.04,G,9999.9,0,999.9,,999.9,0,76.2,5,18,5,3.2,5
67561099999,"NDOLA SIMON MWANSA KAWEPEWE INTERNATIONAL, ZA",-12.9833333,28.65,1270.1,2/22/1986,65.1,4,10000,,999.9,,80.8, ,63.7, ,4.1,,0.04,G,9999.9,0,999.9,,999.9,0,70.4,4,16.3,4,1.3,4
67561099999,"NDOLA SIMON MWANSA KAWEPEWE INTERNATIONAL, ZA",-12.9833333,28.65,1270.1,2/23/1986,62,6,10010,,999.9,,85.3, ,60.8, ,8,,0.08,G,9999.9,0,999.9,,999.9,0,71,6,16.2,6,3,6
67561099999,"NDOLA SIMON MWANSA KAWEPEWE INTERNATIONAL, ZA",-12.9833333,28.65,1270.1,2/28/1986,61.3,4,10,,999.9,,84, ,67.6,*,6,,0,A,9999.9,0,999.9,,999.9,0,73.2,5,16.2,5,2.8,5
67561099999,"NDOLA SIMON MWANSA KAWEPEWE INTERNATIONAL, ZA",-12.9833333,28.65,1270.1,3/1/1986,62.7,5,100010,,999.9,,83.7, ,64,*,5.1,,0,I,9999.9,0,999.9,,999.9,0,74.2,5,14.4,5,2.4,5
67561099999,"NDOLA SIMON MWANSA KAWEPEWE INTERNATIONAL, ZA",-12.9833333,28.65,1270.1,3/2/1986,62.1,4,10010,,999.9,,84.6, ,61.7,*,12,,99.99, ,9999.9,0,999.9,,999.9,0,67.7,4,14.8,4,4.3,4
67561099999,"NDOLA SIMON MWANSA KAWEPEWE INTERNATIONAL, ZA",-12.9833333,28.65,1270.1,3/5/1986,63.4,4,10010,,999.9,,76.6,*,62.1, ,8.9,,0.01,G,9999.9,0,999.9,,999.9,0,71.7,4,13.7,4,6,4
67561099999,"NDOLA SIMON MWANSA KAWEPEWE INTERNATIONAL, ZA",-12.9833333,28.65,1270.1,3/7/1986,63.4,4,110000,,999.9,,75.2,*,64.6,*,13.6,,99.99, ,9999.9,0,999.9,,999.9,0,69.8,4,14.1,4,5,4
67561099999,"NDOLA SIMON MWANSA KAWEPEWE INTERNATIONAL, ZA",-12.9833333,28.65,1270.1,3/9/1986,63,4,10000,,999.9,,78.8,*,63, ,999.9,,1.14,G,9999.9,0,999.9,,999.9,0,69.8,4,14.8,4,999.9,0
67561099999,"NDOLA SIMON MWANSA KAWEPEWE INTERNATIONAL, ZA",-12.9833333,28.65,1270.1,3/10/1986,62.8,5,10,,999.9,,84.4, ,63.7, ,5.1,,0.01,G,9999.9,0,999.9,,999.9,0,75.9,5,21.1,5,4.6,5
67561099999,"NDOLA SIMON MWANSA KAWEPEWE INTERNATIONAL, ZA",-12.9833333,28.65,1270.1,3/13/1986,64.6,4,10,,999.9,,80.1,*,64.8, ,7,,0,G,9999.9,0,999.9,,999.9,0,70.2,4,14.8,4,3.2,4
67561099999,"NDOLA SIMON MWANSA KAWEPEWE INTERNATIONAL, ZA",-12.9833333,28.65,1270.1,3/14/1986,64.5,4,10010,,999.9,,82.4,*,62.6, ,5.1,,0.02,G,9999.9,0,999.9,,999.9,0,72.9,4,15.5,4,2.2,4
67561099999,"NDOLA SIMON MWANSA KAWEPEWE INTERNATIONAL, ZA",-12.9833333,28.65,1270.1,3/15/1986,62.3,7,100000,,999.9,,84.4, ,62.2, ,1.9,,0.55,G,9999.9,0,999.9,,999.9,0,71.9,7,11.6,7,0.3,7
67561099999,"NDOLA SIMON MWANSA KAWEPEWE INTERNATIONAL, ZA",-12.9833333,28.65,1270.1,3/19/1986,62.3,7,10010,,999.9,,82.6, ,61.5, ,35,,1.22,G,9999.9,0,999.9,,999.9,0,70.5,7,10.7,7,7,7
67561099999,"NDOLA SIMON MWANSA KAWEPEWE INTERNATIONAL, ZA",-12.9833333,28.65,1270.1,3/20/1986,61.8,4,10,,999.9,,78.8,*,61, ,9.9,,1.5,G,9999.9,0,999.9,,999.9,0,73.4,4,15.5,4,5.5,4
67561099999,"NDOLA SIMON MWANSA KAWEPEWE INTERNATIONAL, ZA",-12.9833333,28.65,1270.1,3/21/1986,63.2,7,0,,999.9,,82.4, ,63.7, ,6,,0,G,9999.9,0,999.9,,999.9,0,72.3,7,16.9,7,2.4,7
67561099999,"NDOLA SIMON MWANSA KAWEPEWE INTERNATIONAL, ZA",-12.9833333,28.65,1270.1,3/22/1986,63,4,10000,,999.9,,75.9, ,62.8, ,9.9,,0.04,G,9999.9,0,999.9,,999.9,0,69.3,5,15.5,5,4.4,5
67561099999,"NDOLA SIMON MWANSA KAWEPEWE INTERNATIONAL, ZA",-12.9833333,28.65,1270.1,3/24/1986,63.5,7,10010,,999.9,,80.8, ,62.2, ,7,,99.99, ,9999.9,0,999.9,,999.9,0,68,7,12.4,7,2.6,7
67561099999,"NDOLA SIMON MWANSA KAWEPEWE INTERNATIONAL, ZA",-12.9833333,28.65,1270.1,3/25/1986,61.9,5,10010,,999.9,,81.7, ,61.2, ,4.1,,0.24,G,9999.9,0,999.9,,999.9,0,71,5,18.6,5,3,5
67561099999,"NDOLA SIMON MWANSA KAWEPEWE INTERNATIONAL, ZA",-12.9833333,28.65,1270.1,3/26/1986,62.2,7,10010,,999.9,,82.2, ,61.3, ,12,,0,G,9999.9,0,999.9,,999.9,0,69.7,7,16.9,7,4.6,7
67561099999,"NDOLA SIMON MWANSA KAWEPEWE INTERNATIONAL, ZA",-12.9833333,28.65,1270.1,3/27/1986,61.7,4,0,,999.9,,75.2,*,62.8, ,11.1,,0.02,G,9999.9,0,999.9,,999.9,0,70.8,4,24.9,4,6.5,4
67561099999,"NDOLA SIMON MWANSA KAWEPEWE INTERNATIONAL, ZA",-12.9833333,28.65,1270.1,3/28/1986,61.2,4,0,,999.9,,75.6,*,58.1, ,6,,0,G,9999.9,0,999.9,,999.9,0,72.4,4,18.6,4,4.3,4
67561099999,"NDOLA SIMON MWANSA KAWEPEWE INTERNATIONAL, ZA",-12.9833333,28.65,1270.1,4/3/1986,60.5,4,0,,999.9,,76.1,*,60.8, ,8.9,,0,A,9999.9,0,999.9,,999.9,0,70.1,4,18.6,4,6.5,4
67561099999,"NDOLA SIMON MWANSA KAWEPEWE INTERNATIONAL, ZA",-12.9833333,28.65,1270.1,4/4/1986,58.9,6,0,,999.9,,81.3, ,57.9, ,8,,0,A,9999.9,0,999.9,,999.9,0,70.9,6,15.6,6,4.5,6
67561099999,"NDOLA SIMON MWANSA KAWEPEWE INTERNATIONAL, ZA",-12.9833333,28.65,1270.1,4/5/1986,63,4,11,,999.9,,82.2, ,59, ,7,,0,A,9999.9,0,999.9,,999.9,0,72.1,4,18.6,4,4,4
67561099999,"NDOLA SIMON MWANSA KAWEPEWE INTERNATIONAL, ZA",-12.9833333,28.65,1270.1,4/8/1986,60.6,4,0,,999.9,,83.8,*,57.7, ,7,,0,A,9999.9,0,999.9,,999.9,0,77.7,4,18.6,4,5.5,4
67561099999,"NDOLA SIMON MWANSA KAWEPEWE INTERNATIONAL, ZA",-12.9833333,28.65,1270.1,4/9/1986,60.9,7,0,,999.9,,84.2, ,60.6, ,7,,0,A,9999.9,0,999.9,,999.9,0,72.3,7,18.6,7,3.4,7
67561099999,"NDOLA SIMON MWANSA KAWEPEWE INTERNATIONAL, ZA",-12.9833333,28.65,1270.1,4/10/1986,60.7,6,10000,,999.9,,82.4,*,59.2, ,5.1,,0,H,9999.9,0,999.9,,999.9,0,72.9,6,17.1,6,2.7,6
67561099999,"NDOLA SIMON MWANSA KAWEPEWE INTERNATIONAL, ZA",-12.9833333,28.65,1270.1,4/11/1986,60.6,6,10,,999.9,,85.8, ,63.5,*,8,,0.12,G,9999.9,0,999.9,,999.9,0,74.6,6,18.6,6,4.7,6
67561099999,"NDOLA SIMON MWANSA KAWEPEWE INTERNATIONAL, ZA",-12.9833333,28.65,1270.1,4/12/1986,61.7,7,0,,999.9,,85.5, ,61.5, ,9.9,,0,G,9999.9,0,999.9,,999.9,0,70.9,7,18.6,7,4.5,7
67561099999,"NDOLA SIMON MWANSA KAWEPEWE INTERNATIONAL, ZA",-12.9833333,28.65,1270.1,4/13/1986,60.2,7,0,,999.9,,84.6, ,62.2,*,9.9,,0,A,9999.9,0,999.9,,999.9,0,72.4,7,18.6,7,4.6,7
67561099999,"NDOLA SIMON MWANSA KAWEPEWE INTERNATIONAL, ZA",-12.9833333,28.65,1270.1,4/14/1986,60.5,7,0,,999.9,,84.6, ,60.3, ,8,,0,A,9999.9,0,999.9,,999.9,0,72.5,7,18.6,7,3.7,7
67561099999,"NDOLA SIMON MWANSA KAWEPEWE INTERNATIONAL, ZA",-12.9833333,28.65,1270.1,4/15/1986,60.8,7,0,,999.9,,86.5, ,59.4, ,6,,0,A,9999.9,0,999.9,,999.9,0,73.2,7,18.6,7,2.2,7
67561099999,"NDOLA SIMON MWANSA KAWEPEWE INTERNATIONAL, ZA",-12.9833333,28.65,1270.1,4/16/1986,62.7,7,10,,999.9,,87.6, ,62.8, ,7,,0,A,9999.9,0,999.9,,999.9,0,72.8,7,16.9,7,2.7,7
67561099999,"NDOLA SIMON MWANSA KAWEPEWE INTERNATIONAL, ZA",-12.9833333,28.65,1270.1,4/17/1986,63.9,6,110010,,999.9,,78.3,*,63.1, ,8,,0.04,G,9999.9,0,999.9,,999.9,0,68.3,6,14.3,6,1.5,6
67561099999,"NDOLA SIMON MWANSA KAWEPEWE INTERNATIONAL, ZA",-12.9833333,28.65,1270.1,4/19/1986,61.7,7,10,,999.9,,81.7, ,60.8, ,8,,0,G,9999.9,0,999.9,,999.9,0,69.7,7,18.6,7,4.4,7
67561099999,"NDOLA SIMON MWANSA KAWEPEWE INTERNATIONAL, ZA",-12.9833333,28.65,1270.1,4/20/1986,62.5,7,10010,,999.9,,81.9, ,62.6, ,6,,0.2,G,9999.9,0,999.9,,999.9,0,69.3,7,16.4,7,2.4,7
67561099999,"NDOLA SIMON MWANSA KAWEPEWE INTERNATIONAL, ZA",-12.9833333,28.65,1270.1,4/21/1986,62,7,10000,,999.9,,75.6,*,61.3, ,8,,0.87,G,9999.9,0,999.9,,999.9,0,67.7,7,14.1,7,2.7,6
67561099999,"NDOLA SIMON MWANSA KAWEPEWE INTERNATIONAL, ZA",-12.9833333,28.65,1270.1,4/22/1986,61.5,7,10,,999.9,,79.3, ,62.6,*,9.9,,0,G,9999.9,0,999.9,,999.9,0,70.1,7,18.6,7,5.4,7
67561099999,"NDOLA SIMON MWANSA KAWEPEWE INTERNATIONAL, ZA",-12.9833333,28.65,1270.1,4/23/1986,62.8,6,10000,,999.9,,76.6, ,63.1, ,9.9,,0,H,9999.9,0,999.9,,999.9,0,69.4,6,19.2,6,5.3,6
67561099999,"NDOLA SIMON MWANSA KAWEPEWE INTERNATIONAL, ZA",-12.9833333,28.65,1270.1,4/24/1986,62.2,5,10000,,999.9,,75.9, ,62.8, ,8,,0.28,G,9999.9,0,999.9,,999.9,0,68.4,5,16.8,5,4.8,5
67561099999,"NDOLA SIMON MWANSA KAWEPEWE INTERNATIONAL, ZA",-12.9833333,28.65,1270.1,4/25/1986,59.5,6,0,,999.9,,78.6, ,57.6, ,7,,0.02,G,9999.9,0,999.9,,999.9,0,68.9,6,18.6,6,5,6
67561099999,"NDOLA SIMON MWANSA KAWEPEWE INTERNATIONAL, ZA",-12.9833333,28.65,1270.1,4/27/1986,59,4,0,,999.9,,77.4,*,60.6, ,2.9,,0,G,9999.9,0,999.9,,999.9,0,73.2,4,21,4,1.7,4
67561099999,"NDOLA SIMON MWANSA KAWEPEWE INTERNATIONAL, ZA",-12.9833333,28.65,1270.1,4/28/1986,57.7,4,0,,999.9,,76.5,*,59.7, ,8.9,,0,G,9999.9,0,999.9,,999.9,0,73.1,4,18.6,4,5,4
67561099999,"NDOLA SIMON MWANSA KAWEPEWE INTERNATIONAL, ZA",-12.9833333,28.65,1270.1,4/30/1986,53.4,6,0,,999.9,,81.1, ,52.2, ,7,,0,I,9999.9,0,999.9,,999.9,0,66,6,17.6,6,2.7,6
67561099999,"NDOLA SIMON MWANSA KAWEPEWE INTERNATIONAL, ZA",-12.9833333,28.65,1270.1,5/1/1986,53.8,6,0,,999.9,,79.5,*,52.9, ,8,,0,A,9999.9,0,999.9,,999.9,0,66.3,6,18.1,6,4.5,6
67561099999,"NDOLA SIMON MWANSA KAWEPEWE INTERNATIONAL, ZA",-12.9833333,28.65,1270.1,5/2/1986,52.2,8,0,,999.9,,79.7, ,53.8, ,8.9,,0,A,9999.9,0,999.9,,999.9,0,66.8,8,18.6,8,4.2,8
67561099999,"NDOLA SIMON MWANSA KAWEPEWE INTERNATIONAL, ZA",-12.9833333,28.65,1270.1,5/3/1986,52.6,8,0,,999.9,,81, ,52, ,7,,0,A,9999.9,0,999.9,,999.9,0,66.4,8,17.5,8,2.6,8
67561099999,"NDOLA SIMON MWANSA KAWEPEWE INTERNATIONAL, ZA",-12.9833333,28.65,1270.1,5/4/1986,53.2,7,100000,,999.9,,81.3, ,52.2, ,8,,0,A,9999.9,0,999.9,,999.9,0,66.9,7,16.7,7,2.9,7
67561099999,"NDOLA SIMON MWANSA KAWEPEWE INTERNATIONAL, ZA",-12.9833333,28.65,1270.1,5/5/1986,52.9,7,0,,999.9,,81.3, ,52.7, ,6,,0,A,9999.9,0,999.9,,999.9,0,67.6,7,14.7,7,2.9,7
67561099999,"NDOLA SIMON MWANSA KAWEPEWE INTERNATIONAL, ZA",-12.9833333,28.65,1270.1,5/6/1986,52.9,5,0,,999.9,,75.2,*,51.4, ,7,,0,A,9999.9,0,999.9,,999.9,0,67.4,5,16.8,5,2.4,5
67561099999,"NDOLA SIMON MWANSA KAWEPEWE INTERNATIONAL, ZA",-12.9833333,28.65,1270.1,5/7/1986,50.7,6,100000,,999.9,,79.3, ,48.2, ,7,,0,A,9999.9,0,999.9,,999.9,0,62.3,6,13.3,6,1.2,6
67561099999,"NDOLA SIMON MWANSA KAWEPEWE INTERNATIONAL, ZA",-12.9833333,28.65,1270.1,5/8/1986,44.7,4,100000,,999.9,,79.9, ,50.5,*,8,,0,A,9999.9,0,999.9,,999.9,0,66.3,4,18.6,4,3.5,4
67561099999,"NDOLA SIMON MWANSA KAWEPEWE INTERNATIONAL, ZA",-12.9833333,28.65,1270.1,5/9/1986,49,7,100000,,999.9,,81.3, ,47.1, ,4.1,,0,A,9999.9,0,999.9,,999.9,0,66,7,16.5,7,2,7
67561099999,"NDOLA SIMON MWANSA KAWEPEWE INTERNATIONAL, ZA",-12.9833333,28.65,1270.1,5/10/1986,51.8,6,0,,999.9,,81.1, ,48.2, ,4.1,,0,A,9999.9,0,999.9,,999.9,0,68.8,6,12.2,6,1.7,6
67561099999,"NDOLA SIMON MWANSA KAWEPEWE INTERNATIONAL, ZA",-12.9833333,28.65,1270.1,5/11/1986,54.2,6,0,,999.9,,81.9, ,50.4, ,5.1,,0,A,9999.9,0,999.9,,999.9,0,64.9,6,13,6,1.5,6
67561099999,"NDOLA SIMON MWANSA KAWEPEWE INTERNATIONAL, ZA",-12.9833333,28.65,1270.1,5/12/1986,53.8,6,0,,999.9,,83.1, ,51.1, ,6,,0,A,9999.9,0,999.9,,999.9,0,69.8,6,14.3,6,2.8,6
67561099999,"NDOLA SIMON MWANSA KAWEPEWE INTERNATIONAL, ZA",-12.9833333,28.65,1270.1,5/13/1986,54,7,0,,999.9,,83.3, ,52, ,4.1,,0,A,9999.9,0,999.9,,999.9,0,69.3,7,17,7,1.3,7
67561099999,"NDOLA SIMON MWANSA KAWEPEWE INTERNATIONAL, ZA",-12.9833333,28.65,1270.1,5/14/1986,53.2,5,0,,999.9,,84.2, ,52.7, ,7,,0,I,9999.9,0,999.9,,999.9,0,68.7,5,18,5,2.4,5
67561099999,"NDOLA SIMON MWANSA KAWEPEWE INTERNATIONAL, ZA",-12.9833333,28.65,1270.1,5/15/1986,54.5,5,100000,,999.9,,84, ,52.9,*,7,,0,I,9999.9,0,999.9,,999.9,0,67.1,5,11.2,5,2.8,5
67561099999,"NDOLA SIMON MWANSA KAWEPEWE INTERNATIONAL, ZA",-12.9833333,28.65,1270.1,5/16/1986,56,6,0,,999.9,,85.8,*,55.8,*,5.1,,0,A,9999.9,0,999.9,,999.9,0,67.4,6,13.5,6,1.8,5
67561099999,"NDOLA SIMON MWANSA KAWEPEWE INTERNATIONAL, ZA",-12.9833333,28.65,1270.1,5/17/1986,55.5,7,0,,999.9,,81.3, ,53.6, ,8.9,,0,A,9999.9,0,999.9,,999.9,0,68.5,7,15.9,7,4.3,7
67561099999,"NDOLA SIMON MWANSA KAWEPEWE INTERNATIONAL, ZA",-12.9833333,28.65,1270.1,5/18/1986,48.3,5,0,,999.9,,80.1, ,56.1,*,11.1,,0,I,9999.9,0,999.9,,999.9,0,69.8,5,14.9,5,6.4,5
67561099999,"NDOLA SIMON MWANSA KAWEPEWE INTERNATIONAL, ZA",-12.9833333,28.65,1270.1,5/19/1986,51.7,5,0,,999.9,,76.1,*,53.2,*,9.9,,0,A,9999.9,0,999.9,,999.9,0,63.5,5,18.6,5,5.2,5
67561099999,"NDOLA SIMON MWANSA KAWEPEWE INTERNATIONAL, ZA",-12.9833333,28.65,1270.1,5/20/1986,52.3,6,0,,999.9,,77.7, ,53.4, ,12,,0,A,9999.9,0,999.9,,999.9,0,64.2,6,17.6,6,7.3,6
67561099999,"NDOLA SIMON MWANSA KAWEPEWE INTERNATIONAL, ZA",-12.9833333,28.65,1270.1,5/21/1986,54.9,6,0,,999.9,,79.3, ,52.9, ,11.1,,0,A,9999.9,0,999.9,,999.9,0,64.1,6,18.1,6,4,6
67561099999,"NDOLA SIMON MWANSA KAWEPEWE INTERNATIONAL, ZA",-12.9833333,28.65,1270.1,5/22/1986,55.2,6,0,,999.9,,79.5,*,54.1, ,8.9,,0,I,9999.9,0,999.9,,999.9,0,67.7,6,16.5,6,2.7,6
67561099999,"NDOLA SIMON MWANSA KAWEPEWE INTERNATIONAL, ZA",-12.9833333,28.65,1270.1,5/23/1986,55.1,7,0,,999.9,,82.8, ,53.6, ,6,,0,I,9999.9,0,999.9,,999.9,0,68.1,7,16.7,7,2.6,7
67561099999,"NDOLA SIMON MWANSA KAWEPEWE INTERNATIONAL, ZA",-12.9833333,28.65,1270.1,5/25/1986,54.8,5,0,,999.9,,79.7, ,61.2,*,11.1,,0,I,9999.9,0,999.9,,999.9,0,70,5,18.6,5,7.2,5
67561099999,"NDOLA SIMON MWANSA KAWEPEWE INTERNATIONAL, ZA",-12.9833333,28.65,1270.1,5/26/1986,55.7,7,0,,999.9,,72.3, ,55.9,*,8.9,,0,I,9999.9,0,999.9,,999.9,0,64,7,16.9,7,3.3,7
67561099999,"NDOLA SIMON MWANSA KAWEPEWE INTERNATIONAL, ZA",-12.9833333,28.65,1270.1,5/27/1986,54.2,6,0,,999.9,,77.7, ,53.1, ,11.1,,0,I,9999.9,0,999.9,,999.9,0,66.7,6,16.6,6,5.3,6
67561099999,"NDOLA SIMON MWANSA KAWEPEWE INTERNATIONAL, ZA",-12.9833333,28.65,1270.1,5/28/1986,52,6,0,,999.9,,75.7,*,50.2, ,7,,0,I,9999.9,0,999.9,,999.9,0,65.1,6,15.1,6,3.7,6
67561099999,"NDOLA SIMON MWANSA KAWEPEWE INTERNATIONAL, ZA",-12.9833333,28.65,1270.1,5/29/1986,52,7,0,,999.9,,81.3, ,49.6, ,8,,0,I,9999.9,0,999.9,,999.9,0,66.7,7,16.2,7,4.1,7
67561099999,"NDOLA SIMON MWANSA KAWEPEWE INTERNATIONAL, ZA",-12.9833333,28.65,1270.1,5/30/1986,53.9,5,0,,999.9,,81.3, ,50.4, ,2.9,,0,I,9999.9,0,999.9,,999.9,0,65.6,6,14,6,1.5,6
67561099999,"NDOLA SIMON MWANSA KAWEPEWE INTERNATIONAL, ZA",-12.9833333,28.65,1270.1,5/31/1986,52.9,5,0,,999.9,,81.5,*,51.1, ,7,,0,I,9999.9,0,999.9,,999.9,0,71.1,5,16,5,2.4,5
67561099999,"NDOLA SIMON MWANSA KAWEPEWE INTERNATIONAL, ZA",-12.9833333,28.65,1270.1,6/1/1986,52.1,5,0,,999.9,,81.3,*,52.3, ,7,,0,I,9999.9,0,999.9,,999.9,0,70.4,5,15.9,5,2.6,5
67561099999,"NDOLA SIMON MWANSA KAWEPEWE INTERNATIONAL, ZA",-12.9833333,28.65,1270.1,6/2/1986,55.4,5,10,,999.9,,84.4, ,52.9, ,9.9,,0,I,9999.9,0,999.9,,999.9,0,73.7,5,14.3,5,6,5
67561099999,"NDOLA SIMON MWANSA KAWEPEWE INTERNATIONAL, ZA",-12.9833333,28.65,1270.1,6/3/1986,54.6,6,0,,999.9,,77.7,*,55.2, ,8,,0.01,G,9999.9,0,999.9,,999.9,0,67.5,6,15.9,6,3.2,6
67561099999,"NDOLA SIMON MWANSA KAWEPEWE INTERNATIONAL, ZA",-12.9833333,28.65,1270.1,6/4/1986,53.9,4,0,,999.9,,82.2,*,52.9, ,1.9,,0,G,9999.9,0,999.9,,999.9,0,69.4,4,12.6,4,1,4
67561099999,"NDOLA SIMON MWANSA KAWEPEWE INTERNATIONAL, ZA",-12.9833333,28.65,1270.1,6/5/1986,54.4,6,0,,999.9,,69.8,*,54.9, ,2.9,,0,I,9999.9,0,999.9,,999.9,0,64.6,6,10.6,6,0.5,6
67561099999,"NDOLA SIMON MWANSA KAWEPEWE INTERNATIONAL, ZA",-12.9833333,28.65,1270.1,6/6/1986,50.3,7,0,,999.9,,82.4, ,54.9, ,8.9,,0,A,9999.9,0,999.9,,999.9,0,68.1,7,13.3,7,4.9,7
67561099999,"NDOLA SIMON MWANSA KAWEPEWE INTERNATIONAL, ZA",-12.9833333,28.65,1270.1,6/7/1986,50,7,0,,999.9,,77.4, ,52.7, ,9.9,,0,A,9999.9,0,999.9,,999.9,0,64.8,7,16.4,7,5.7,7
67561099999,"NDOLA SIMON MWANSA KAWEPEWE INTERNATIONAL, ZA",-12.9833333,28.65,1270.1,6/8/1986,50.3,7,0,,999.9,,66.2, ,55.4, ,9.9,,0,A,9999.9,0,999.9,,999.9,0,60.4,7,18.6,7,6.9,7
67561099999,"NDOLA SIMON MWANSA KAWEPEWE INTERNATIONAL, ZA",-12.9833333,28.65,1270.1,6/9/1986,49,7,0,,999.9,,71.1, ,50.9,*,9.9,,0,A,9999.9,0,999.9,,999.9,0,60.8,7,18.6,7,5.9,7
67561099999,"NDOLA SIMON MWANSA KAWEPEWE INTERNATIONAL, ZA",-12.9833333,28.65,1270.1,6/10/1986,47.1,5,0,,999.9,,75.6, ,44.4, ,6,,0,A,9999.9,0,999.9,,999.9,0,61.1,5,16.2,5,3,5
67561099999,"NDOLA SIMON MWANSA KAWEPEWE INTERNATIONAL, ZA",-12.9833333,28.65,1270.1,6/11/1986,47.6,4,0,,999.9,,78.4, ,44.8, ,7,,0,A,9999.9,0,999.9,,999.9,0,58.5,4,14,4,4,4
67561099999,"NDOLA SIMON MWANSA KAWEPEWE INTERNATIONAL, ZA",-12.9833333,28.65,1270.1,6/12/1986,48.9,6,0,,999.9,,80.4, ,46.4, ,5.1,,0,A,9999.9,0,999.9,,999.9,0,62.8,7,12.3,7,1.4,7
67561099999,"NDOLA SIMON MWANSA KAWEPEWE INTERNATIONAL, ZA",-12.9833333,28.65,1270.1,6/13/1986,45.4,6,0,,999.9,,80.4, ,45.3, ,5.1,,0,A,9999.9,0,999.9,,999.9,0,61.3,6,14,6,2.5,6
67561099999,"NDOLA SIMON MWANSA KAWEPEWE INTERNATIONAL, ZA",-12.9833333,28.65,1270.1,6/14/1986,42.1,7,0,,999.9,,75.7, ,49.3, ,8.9,,0,A,9999.9,0,999.9,,999.9,0,63.7,7,15.4,7,4.1,7
67561099999,"NDOLA SIMON MWANSA KAWEPEWE INTERNATIONAL, ZA",-12.9833333,28.65,1270.1,6/15/1986,38,6,0,,999.9,,72.3, ,44.8, ,9.9,,0,A,9999.9,0,999.9,,999.9,0,61.2,6,14.5,6,7,6
67561099999,"NDOLA SIMON MWANSA KAWEPEWE INTERNATIONAL, ZA",-12.9833333,28.65,1270.1,6/16/1986,41.1,7,0,,999.9,,73.2, ,42.6, ,8.9,,0,A,9999.9,0,999.9,,999.9,0,59.8,7,18.6,7,5.1,7
67561099999,"NDOLA SIMON MWANSA KAWEPEWE INTERNATIONAL, ZA",-12.9833333,28.65,1270.1,6/17/1986,41.2,8,0,,999.9,,74.1, ,40.1, ,9.9,,0,B,9999.9,0,999.9,,999.9,0,56.9,8,15.5,8,2.1,8
67561099999,"NDOLA SIMON MWANSA KAWEPEWE INTERNATIONAL, ZA",-12.9833333,28.65,1270.1,6/18/1986,43,6,0,,999.9,,72.9,*,41.7, ,8,,0,A,9999.9,0,999.9,,999.9,0,59.6,6,16.2,6,3.8,6
67561099999,"NDOLA SIMON MWANSA KAWEPEWE INTERNATIONAL, ZA",-12.9833333,28.65,1270.1,6/19/1986,42.5,5,0,,999.9,,70.9,*,44.4, ,12,,0,A,9999.9,0,999.9,,999.9,0,62.3,5,18.6,5,4.8,5
67561099999,"NDOLA SIMON MWANSA KAWEPEWE INTERNATIONAL, ZA",-12.9833333,28.65,1270.1,6/20/1986,46.9,5,0,,999.9,,75.2, ,52, ,9.9,,0,A,9999.9,0,999.9,,999.9,0,63.5,5,16.8,5,4.4,5
67561099999,"NDOLA SIMON MWANSA KAWEPEWE INTERNATIONAL, ZA",-12.9833333,28.65,1270.1,6/21/1986,43.3,7,0,,999.9,,75.9, ,48.7, ,6,,0,A,9999.9,0,999.9,,999.9,0,63.3,7,16,7,4.7,7
67561099999,"NDOLA SIMON MWANSA KAWEPEWE INTERNATIONAL, ZA",-12.9833333,28.65,1270.1,6/22/1986,41.1,8,0,,999.9,,76.3, ,43.5, ,29.9,,0,A,9999.9,0,999.9,,999.9,0,62.1,8,13.8,8,8.9,8
67561099999,"NDOLA SIMON MWANSA KAWEPEWE INTERNATIONAL, ZA",-12.9833333,28.65,1270.1,6/23/1986,38.4,6,0,,999.9,,73.8, ,53.6,*,15.9,,0,A,9999.9,0,999.9,,999.9,0,59.7,6,17.1,6,9.8,6
67561099999,"NDOLA SIMON MWANSA KAWEPEWE INTERNATIONAL, ZA",-12.9833333,28.65,1270.1,6/24/1986,45.3,5,0,,999.9,,70,*,42.3, ,12,,0,A,9999.9,0,999.9,,999.9,0,56.9,5,18.6,5,3.8,5
67561099999,"NDOLA SIMON MWANSA KAWEPEWE INTERNATIONAL, ZA",-12.9833333,28.65,1270.1,6/25/1986,39.3,5,0,,999.9,,75, ,44.4, ,9.9,,0,A,9999.9,0,999.9,,999.9,0,64.7,5,16,5,7.5,5
67561099999,"NDOLA SIMON MWANSA KAWEPEWE INTERNATIONAL, ZA",-12.9833333,28.65,1270.1,6/26/1986,42,5,0,,999.9,,77, ,41.5, ,6,,0,A,9999.9,0,999.9,,999.9,0,62.8,6,16.6,6,3.3,6
67561099999,"NDOLA SIMON MWANSA KAWEPEWE INTERNATIONAL, ZA",-12.9833333,28.65,1270.1,6/27/1986,40.7,6,0,,999.9,,77, ,42.4,*,8.9,,0,I,9999.9,0,999.9,,999.9,0,60.6,6,18.6,6,4.7,6
67561099999,"NDOLA SIMON MWANSA KAWEPEWE INTERNATIONAL, ZA",-12.9833333,28.65,1270.1,6/28/1986,42.6,7,0,,999.9,,75.6, ,47.1,*,9.9,,0,A,9999.9,0,999.9,,999.9,0,59.7,7,16.9,7,4.7,7
67561099999,"NDOLA SIMON MWANSA KAWEPEWE INTERNATIONAL, ZA",-12.9833333,28.65,1270.1,6/29/1986,41.9,6,0,,999.9,,72,*,40.3, ,8,,0,A,9999.9,0,999.9,,999.9,0,58.2,6,16.6,6,4.3,6
67561099999,"NDOLA SIMON MWANSA KAWEPEWE INTERNATIONAL, ZA",-12.9833333,28.65,1270.1,6/30/1986,42,4,0,,999.9,,72.1,*,41.4, ,8,,0,A,9999.9,0,999.9,,999.9,0,58.8,4,10.9,4,4.5,4
67561099999,"NDOLA SIMON MWANSA KAWEPEWE INTERNATIONAL, ZA",-12.9833333,28.65,1270.1,7/1/1986,44.5,7,0,,999.9,,79.2, ,41.4, ,9.9,,0,A,9999.9,0,999.9,,999.9,0,61.1,7,14.7,7,3.7,7
67561099999,"NDOLA SIMON MWANSA KAWEPEWE INTERNATIONAL, ZA",-12.9833333,28.65,1270.1,7/2/1986,44.9,8,0,,999.9,,77.5, ,43.5, ,7,,0,A,9999.9,0,999.9,,999.9,0,59.9,8,14,8,2,8
67561099999,"NDOLA SIMON MWANSA KAWEPEWE INTERNATIONAL, ZA",-12.9833333,28.65,1270.1,7/3/1986,43.4,5,0,,999.9,,74.7,*,43.5, ,4.1,,0,A,9999.9,0,999.9,,999.9,0,58.8,5,14.7,5,1.4,5
67561099999,"NDOLA SIMON MWANSA KAWEPEWE INTERNATIONAL, ZA",-12.9833333,28.65,1270.1,7/4/1986,43.4,7,0,,999.9,,78.8, ,45.3,*,8,,0,A,9999.9,0,999.9,,999.9,0,63.7,7,12.9,7,1.8,7
67561099999,"NDOLA SIMON MWANSA KAWEPEWE INTERNATIONAL, ZA",-12.9833333,28.65,1270.1,7/5/1986,45.2,5,0,,999.9,,78.8,*,45.3, ,4.1,,0,A,9999.9,0,999.9,,999.9,0,65.7,5,7.8,5,2.2,5
67561099999,"NDOLA SIMON MWANSA KAWEPEWE INTERNATIONAL, ZA",-12.9833333,28.65,1270.1,7/6/1986,43.4,6,0,,999.9,,75.9, ,47.1, ,13,,0,A,9999.9,0,999.9,,999.9,0,63.6,6,14,6,6.5,6
67561099999,"NDOLA SIMON MWANSA KAWEPEWE INTERNATIONAL, ZA",-12.9833333,28.65,1270.1,7/7/1986,42.7,6,0,,999.9,,73.4, ,45, ,9.9,,0,A,9999.9,0,999.9,,999.9,0,61.9,6,16.1,6,6.8,6
67561099999,"NDOLA SIMON MWANSA KAWEPEWE INTERNATIONAL, ZA",-12.9833333,28.65,1270.1,7/8/1986,42.1,6,0,,999.9,,73.6, ,43.7, ,9.9,,0,A,9999.9,0,999.9,,999.9,0,61.1,6,14,6,2.8,6
67561099999,"NDOLA SIMON MWANSA KAWEPEWE INTERNATIONAL, ZA",-12.9833333,28.65,1270.1,7/9/1986,42.8,4,0,,999.9,,76.3, ,38.7, ,6,,0,A,9999.9,0,999.9,,999.9,0,59.8,5,12.3,5,1.6,5
67561099999,"NDOLA SIMON MWANSA KAWEPEWE INTERNATIONAL, ZA",-12.9833333,28.65,1270.1,7/10/1986,41.8,7,100000,,999.9,,85.5, ,42.6, ,5.1,,0,A,9999.9,0,999.9,,999.9,0,61.7,7,8,7,2.3,7
67561099999,"NDOLA SIMON MWANSA KAWEPEWE INTERNATIONAL, ZA",-12.9833333,28.65,1270.1,7/11/1986,38.7,5,0,,999.9,,79, ,42.1, ,7,,0,A,9999.9,0,999.9,,999.9,0,63.9,5,11.6,5,3.6,5
67561099999,"NDOLA SIMON MWANSA KAWEPEWE INTERNATIONAL, ZA",-12.9833333,28.65,1270.1,7/12/1986,38.9,6,0,,999.9,,79.3, ,42.6, ,7,,0,A,9999.9,0,999.9,,999.9,0,60.3,6,9.9,6,2.8,6
67561099999,"NDOLA SIMON MWANSA KAWEPEWE INTERNATIONAL, ZA",-12.9833333,28.65,1270.1,7/13/1986,38.1,6,0,,999.9,,81.3, ,46, ,12,,0,A,9999.9,0,999.9,,999.9,0,67.5,6,11.4,6,5.7,6
67561099999,"NDOLA SIMON MWANSA KAWEPEWE INTERNATIONAL, ZA",-12.9833333,28.65,1270.1,7/14/1986,38.8,6,0,,999.9,,81.3, ,41, ,4.1,,0,A,9999.9,0,999.9,,999.9,0,59.4,6,6.3,6,1.2,6
67561099999,"NDOLA SIMON MWANSA KAWEPEWE INTERNATIONAL, ZA",-12.9833333,28.65,1270.1,7/15/1986,37.7,5,0,,999.9,,83.3, ,42.1, ,7,,0,A,9999.9,0,999.9,,999.9,0,69.7,5,7.3,5,3.4,5
67561099999,"NDOLA SIMON MWANSA KAWEPEWE INTERNATIONAL, ZA",-12.9833333,28.65,1270.1,7/16/1986,36.6,6,0,,999.9,,82.9, ,42.3, ,5.1,,0,A,9999.9,0,999.9,,999.9,0,65.9,6,5.3,6,1.5,6
67561099999,"NDOLA SIMON MWANSA KAWEPEWE INTERNATIONAL, ZA",-12.9833333,28.65,1270.1,7/17/1986,38.4,7,0,,999.9,,83.5, ,44.6, ,7,,0,B,9999.9,0,999.9,,999.9,0,62.9,8,7.3,8,3,8
67561099999,"NDOLA SIMON MWANSA KAWEPEWE INTERNATIONAL, ZA",-12.9833333,28.65,1270.1,7/18/1986,39.1,6,0,,999.9,,81.9, ,47.7, ,8.9,,0,A,9999.9,0,999.9,,999.9,0,66.1,6,6.7,6,3.2,5
67561099999,"NDOLA SIMON MWANSA KAWEPEWE INTERNATIONAL, ZA",-12.9833333,28.65,1270.1,7/19/1986,37.9,7,0,,999.9,,78.8, ,51.4, ,15,,0,A,9999.9,0,999.9,,999.9,0,65.9,7,7.5,7,8.7,7
67561099999,"NDOLA SIMON MWANSA KAWEPEWE INTERNATIONAL, ZA",-12.9833333,28.65,1270.1,7/20/1986,41.9,5,0,,999.9,,72.9,*,54, ,15,,0,A,9999.9,0,999.9,,999.9,0,62.9,5,13.5,5,10.8,5
67561099999,"NDOLA SIMON MWANSA KAWEPEWE INTERNATIONAL, ZA",-12.9833333,28.65,1270.1,7/21/1986,36.1,4,0,,999.9,,73.8, ,61,*,12,,0,I,9999.9,0,999.9,,999.9,0,67.6,4,11.7,4,8.4,4
67561099999,"NDOLA SIMON MWANSA KAWEPEWE INTERNATIONAL, ZA",-12.9833333,28.65,1270.1,7/23/1986,34.5,4,0,,999.9,,76.5,*,43.3,*,5.1,,0,I,9999.9,0,999.9,,999.9,0,66.7,4,7.3,4,2.8,4
67561099999,"NDOLA SIMON MWANSA KAWEPEWE INTERNATIONAL, ZA",-12.9833333,28.65,1270.1,7/25/1986,34.1,4,0,,999.9,,78.4, ,65.5,*,4.1,,0,I,9999.9,0,999.9,,999.9,0,72,4,4.3,4,3.5,4
67561099999,"NDOLA SIMON MWANSA KAWEPEWE INTERNATIONAL, ZA",-12.9833333,28.65,1270.1,7/27/1986,40.5,7,0,,999.9,,73.4, ,51.1, ,15,,0,A,9999.9,0,999.9,,999.9,0,64.8,7,11.4,6,9.7,7
67561099999,"NDOLA SIMON MWANSA KAWEPEWE INTERNATIONAL, ZA",-12.9833333,28.65,1270.1,7/28/1986,42.2,5,0,,999.9,,70.9,*,47.3, ,11.1,,0,A,9999.9,0,999.9,,999.9,0,60.4,5,9.9,5,7.6,5
67561099999,"NDOLA SIMON MWANSA KAWEPEWE INTERNATIONAL, ZA",-12.9833333,28.65,1270.1,8/1/1986,45.2,5,0,,999.9,,77.9, ,49.3, ,7,,0,A,9999.9,0,999.9,,999.9,0,64,5,12.4,4,3.4,5
67561099999,"NDOLA SIMON MWANSA KAWEPEWE INTERNATIONAL, ZA",-12.9833333,28.65,1270.1,8/2/1986,44.8,7,0,,999.9,,61.3, ,54.9, ,8.9,,0,A,9999.9,0,999.9,,999.9,0,58.7,7,16,7,4.9,7
67561099999,"NDOLA SIMON MWANSA KAWEPEWE INTERNATIONAL, ZA",-12.9833333,28.65,1270.1,8/3/1986,44.7,4,0,,999.9,,77.9, ,45.7, ,6,,0,A,9999.9,0,999.9,,999.9,0,59.9,4,11.5,4,3,4
67561099999,"NDOLA SIMON MWANSA KAWEPEWE INTERNATIONAL, ZA",-12.9833333,28.65,1270.1,8/4/1986,44.6,5,0,,999.9,,79.2,*,47.5, ,8,,0,A,9999.9,0,999.9,,999.9,0,62.9,5,14.3,5,2.4,5
67561099999,"NDOLA SIMON MWANSA KAWEPEWE INTERNATIONAL, ZA",-12.9833333,28.65,1270.1,8/5/1986,45,5,0,,999.9,,82.8, ,50,*,6,,0,I,9999.9,0,999.9,,999.9,0,71.4,5,11.2,5,3,5
67561099999,"NDOLA SIMON MWANSA KAWEPEWE INTERNATIONAL, ZA",-12.9833333,28.65,1270.1,8/6/1986,48.3,5,0,,999.9,,79.3,*,50, ,6,,0,A,9999.9,0,999.9,,999.9,0,63.8,5,6.3,5,3,4
67561099999,"NDOLA SIMON MWANSA KAWEPEWE INTERNATIONAL, ZA",-12.9833333,28.65,1270.1,8/7/1986,44.7,4,0,,999.9,,81.5,*,52.3, ,8.9,,0,A,9999.9,0,999.9,,999.9,0,69.9,4,7.3,4,3,4
67561099999,"NDOLA SIMON MWANSA KAWEPEWE INTERNATIONAL, ZA",-12.9833333,28.65,1270.1,8/9/1986,35.6,6,0,,999.9,,80.6, ,53.2, ,9.9,,0,A,9999.9,0,999.9,,999.9,0,69.8,6,8.5,6,7.6,6
67561099999,"NDOLA SIMON MWANSA KAWEPEWE INTERNATIONAL, ZA",-12.9833333,28.65,1270.1,8/10/1986,30.8,4,0,,999.9,,81.3, ,69.3,*,8,,0,A,9999.9,0,999.9,,999.9,0,74.9,4,5.7,4,4.8,4
67561099999,"NDOLA SIMON MWANSA KAWEPEWE INTERNATIONAL, ZA",-12.9833333,28.65,1270.1,8/11/1986,36.6,6,0,,999.9,,85.3, ,46.4,*,6,,0,A,9999.9,0,999.9,,999.9,0,64.4,6,5.7,6,2,6
67561099999,"NDOLA SIMON MWANSA KAWEPEWE INTERNATIONAL, ZA",-12.9833333,28.65,1270.1,8/12/1986,35.2,5,0,,999.9,,82.8, ,46.2, ,9.9,,0,A,9999.9,0,999.9,,999.9,0,65.6,5,5.5,5,5.4,5
67561099999,"NDOLA SIMON MWANSA KAWEPEWE INTERNATIONAL, ZA",-12.9833333,28.65,1270.1,8/13/1986,37.7,6,0,,999.9,,82, ,46.8, ,9.9,,0,A,9999.9,0,999.9,,999.9,0,68.3,6,5.4,6,6,6
67561099999,"NDOLA SIMON MWANSA KAWEPEWE INTERNATIONAL, ZA",-12.9833333,28.65,1270.1,8/14/1986,40.3,6,0,,999.9,,79.3,*,48.9, ,8.9,,0,A,9999.9,0,999.9,,999.9,0,65.5,6,8,6,4.5,6
67561099999,"NDOLA SIMON MWANSA KAWEPEWE INTERNATIONAL, ZA",-12.9833333,28.65,1270.1,8/15/1986,38.8,6,0,,999.9,,82.4, ,46.8,*,7,,0,I,9999.9,0,999.9,,999.9,0,67.8,6,8.8,6,2.7,6
67561099999,"NDOLA SIMON MWANSA KAWEPEWE INTERNATIONAL, ZA",-12.9833333,28.65,1270.1,8/16/1986,37.4,4,0,,999.9,,80.6,*,48.4, ,8.9,,0,A,9999.9,0,999.9,,999.9,0,66.1,4,6.2,4,5.7,4
67561099999,"NDOLA SIMON MWANSA KAWEPEWE INTERNATIONAL, ZA",-12.9833333,28.65,1270.1,8/18/1986,37.3,4,0,,999.9,,85.3, ,72.9,*,5.1,,0,I,9999.9,0,999.9,,999.9,0,79.1,4,9.3,4,3.8,4
67561099999,"NDOLA SIMON MWANSA KAWEPEWE INTERNATIONAL, ZA",-12.9833333,28.65,1270.1,8/19/1986,9999.9,0,0,,999.9,,82.8,*,48.6, ,2.9,,0,A,9999.9,0,999.9,,999.9,0,67.5,4,6.8,4,1,4
67561099999,"NDOLA SIMON MWANSA KAWEPEWE INTERNATIONAL, ZA",-12.9833333,28.65,1270.1,8/20/1986,39.3,4,0,,999.9,,78.1,*,56.8,*,999.9,,0,I,9999.9,0,999.9,,999.9,0,68.1,4,6.2,4,999.9,0
67561099999,"NDOLA SIMON MWANSA KAWEPEWE INTERNATIONAL, ZA",-12.9833333,28.65,1270.1,8/21/1986,40.5,4,0,,999.9,,78.1,*,53.6,*,9.9,,0,I,9999.9,0,999.9,,999.9,0,63.5,4,8.2,4,6.2,4
67561099999,"NDOLA SIMON MWANSA KAWEPEWE INTERNATIONAL, ZA",-12.9833333,28.65,1270.1,8/23/1986,38.9,5,0,,999.9,,82.8, ,58.6,*,7,,0,A,9999.9,0,999.9,,999.9,0,73.2,5,7,5,4.8,5
67561099999,"NDOLA SIMON MWANSA KAWEPEWE INTERNATIONAL, ZA",-12.9833333,28.65,1270.1,8/24/1986,43.4,5,0,,999.9,,84.6, ,49.3, ,8.9,,0,A,9999.9,0,999.9,,999.9,0,68.7,5,6.6,5,3,5
67561099999,"NDOLA SIMON MWANSA KAWEPEWE INTERNATIONAL, ZA",-12.9833333,28.65,1270.1,8/25/1986,44.1,7,0,,999.9,,86.7, ,53.1, ,8.9,,0,A,9999.9,0,999.9,,999.9,0,70.6,7,10.5,7,4,7
67561099999,"NDOLA SIMON MWANSA KAWEPEWE INTERNATIONAL, ZA",-12.9833333,28.65,1270.1,8/26/1986,47.4,4,0,,999.9,,78.1,*,52.5, ,8.9,,0,A,9999.9,0,999.9,,999.9,0,64.8,4,10.1,4,4.5,4
67561099999,"NDOLA SIMON MWANSA KAWEPEWE INTERNATIONAL, ZA",-12.9833333,28.65,1270.1,8/27/1986,47,4,0,,999.9,,88.7, ,64.9,*,8,,0,A,9999.9,0,999.9,,999.9,0,75.9,4,7.8,4,3,4
67561099999,"NDOLA SIMON MWANSA KAWEPEWE INTERNATIONAL, ZA",-12.9833333,28.65,1270.1,8/30/1986,44.6,6,0,,999.9,,87.8,*,55.9, ,7,,0,A,9999.9,0,999.9,,999.9,0,74.5,6,10.1,6,4.9,6
67561099999,"NDOLA SIMON MWANSA KAWEPEWE INTERNATIONAL, ZA",-12.9833333,28.65,1270.1,8/31/1986,37.6,6,0,,999.9,,87.8, ,52.9, ,15,,0,A,9999.9,0,999.9,,999.9,0,73.7,6,11.4,6,6.7,6
67561099999,"NDOLA SIMON MWANSA KAWEPEWE INTERNATIONAL, ZA",-12.9833333,28.65,1270.1,9/1/1986,37.6,6,0,,999.9,,86.5, ,42.4,*,15,,0,A,9999.9,0,999.9,,999.9,0,70.3,6,6.1,6,7.5,6
67561099999,"NDOLA SIMON MWANSA KAWEPEWE INTERNATIONAL, ZA",-12.9833333,28.65,1270.1,9/2/1986,40,5,0,,999.9,,81, ,53.4, ,12,,0,A,9999.9,0,999.9,,999.9,0,70.3,5,5.2,5,8,5
67561099999,"NDOLA SIMON MWANSA KAWEPEWE INTERNATIONAL, ZA",-12.9833333,28.65,1270.1,9/3/1986,40.7,4,0,,999.9,,81.9, ,63,*,15,,0,A,9999.9,0,999.9,,999.9,0,69.2,4,6.4,4,10.2,4
67561099999,"NDOLA SIMON MWANSA KAWEPEWE INTERNATIONAL, ZA",-12.9833333,28.65,1270.1,9/4/1986,9999.9,0,0,,999.9,,82, ,50.9, ,8.9,,0,A,9999.9,0,999.9,,999.9,0,72.5,4,14.8,4,7.5,4
67561099999,"NDOLA SIMON MWANSA KAWEPEWE INTERNATIONAL, ZA",-12.9833333,28.65,1270.1,9/5/1986,37.5,7,0,,999.9,,82.9, ,50.9, ,12,,0,A,9999.9,0,999.9,,999.9,0,68.7,7,12.3,7,8.8,7
67561099999,"NDOLA SIMON MWANSA KAWEPEWE INTERNATIONAL, ZA",-12.9833333,28.65,1270.1,9/6/1986,42.8,5,0,,999.9,,84.6, ,51.3, ,5.1,,0,A,9999.9,0,999.9,,999.9,0,69.2,5,11.2,5,2.8,5
67561099999,"NDOLA SIMON MWANSA KAWEPEWE INTERNATIONAL, ZA",-12.9833333,28.65,1270.1,9/7/1986,44.7,5,0,,999.9,,85.1,*,52.3, ,7,,0,A,9999.9,0,999.9,,999.9,0,68.5,5,8.5,5,3.2,5
67561099999,"NDOLA SIMON MWANSA KAWEPEWE INTERNATIONAL, ZA",-12.9833333,28.65,1270.1,9/8/1986,38.6,4,0,,999.9,,86,*,53.4, ,8,,0,A,9999.9,0,999.9,,999.9,0,79.2,4,7,4,3.7,4
67561099999,"NDOLA SIMON MWANSA KAWEPEWE INTERNATIONAL, ZA",-12.9833333,28.65,1270.1,9/9/1986,36.2,5,0,,999.9,,89.1, ,51.8, ,9.9,,0,A,9999.9,0,999.9,,999.9,0,79.4,5,7,5,6.8,5
67561099999,"NDOLA SIMON MWANSA KAWEPEWE INTERNATIONAL, ZA",-12.9833333,28.65,1270.1,9/10/1986,46.5,5,0,,999.9,,86.2, ,61.3, ,9.9,,0,A,9999.9,0,999.9,,999.9,0,70,5,6.3,5,6.6,5
67561099999,"NDOLA SIMON MWANSA KAWEPEWE INTERNATIONAL, ZA",-12.9833333,28.65,1270.1,9/11/1986,49,5,0,,999.9,,86.5, ,57.9, ,9.9,,0,A,9999.9,0,999.9,,999.9,0,72.4,5,7.6,5,5.4,5
67561099999,"NDOLA SIMON MWANSA KAWEPEWE INTERNATIONAL, ZA",-12.9833333,28.65,1270.1,9/13/1986,41.6,7,0,,999.9,,89.2, ,59.4, ,15,,0,A,9999.9,0,999.9,,999.9,0,74.7,7,7,7,6.7,7
67561099999,"NDOLA SIMON MWANSA KAWEPEWE INTERNATIONAL, ZA",-12.9833333,28.65,1270.1,9/14/1986,45,4,0,,999.9,,83.1,*,57.9, ,12,,0,A,9999.9,0,999.9,,999.9,0,72.9,4,6.4,4,7.8,4
67561099999,"NDOLA SIMON MWANSA KAWEPEWE INTERNATIONAL, ZA",-12.9833333,28.65,1270.1,9/15/1986,41.1,5,0,,999.9,,89.1, ,59, ,8,,0,A,9999.9,0,999.9,,999.9,0,75.4,5,7.8,5,5,5
67561099999,"NDOLA SIMON MWANSA KAWEPEWE INTERNATIONAL, ZA",-12.9833333,28.65,1270.1,9/16/1986,41.4,5,0,,999.9,,88,*,56.5, ,2.9,,0,I,9999.9,0,999.9,,999.9,0,74.2,5,11.8,5,1.5,4
67561099999,"NDOLA SIMON MWANSA KAWEPEWE INTERNATIONAL, ZA",-12.9833333,28.65,1270.1,9/17/1986,36.4,5,0,,999.9,,92.1, ,54.5, ,8.9,,0,A,9999.9,0,999.9,,999.9,0,76.1,5,6.3,5,7.5,4
67561099999,"NDOLA SIMON MWANSA KAWEPEWE INTERNATIONAL, ZA",-12.9833333,28.65,1270.1,9/18/1986,42.2,4,0,,999.9,,87.3, ,58.5, ,13,,0,A,9999.9,0,999.9,,999.9,0,73,4,6.2,4,9,4
67561099999,"NDOLA SIMON MWANSA KAWEPEWE INTERNATIONAL, ZA",-12.9833333,28.65,1270.1,9/19/1986,49.5,6,0,,999.9,,84.2, ,58.8, ,14,,0,A,9999.9,0,999.9,,999.9,0,71.1,6,8.4,6,8.2,6
67561099999,"NDOLA SIMON MWANSA KAWEPEWE INTERNATIONAL, ZA",-12.9833333,28.65,1270.1,9/20/1986,47.4,4,0,,999.9,,82,*,59, ,15,,0,A,9999.9,0,999.9,,999.9,0,78.7,4,10.1,4,10.7,4
67561099999,"NDOLA SIMON MWANSA KAWEPEWE INTERNATIONAL, ZA",-12.9833333,28.65,1270.1,9/21/1986,45.6,6,0,,999.9,,85.1, ,57, ,14,,0,A,9999.9,0,999.9,,999.9,0,70.9,6,7.7,6,5.9,6
67561099999,"NDOLA SIMON MWANSA KAWEPEWE INTERNATIONAL, ZA",-12.9833333,28.65,1270.1,9/22/1986,44.7,5,0,,999.9,,85.3,*,58.3, ,11.1,,0,B,9999.9,0,999.9,,999.9,0,69.9,5,7.8,5,5,5
67561099999,"NDOLA SIMON MWANSA KAWEPEWE INTERNATIONAL, ZA",-12.9833333,28.65,1270.1,9/23/1986,45.6,4,0,,999.9,,88.5,*,57.9, ,11.1,,0,A,9999.9,0,999.9,,999.9,0,82.1,4,9.8,4,7,4
67561099999,"NDOLA SIMON MWANSA KAWEPEWE INTERNATIONAL, ZA",-12.9833333,28.65,1270.1,9/24/1986,45.3,7,0,,999.9,,92.7, ,55.8, ,5.1,,0,A,9999.9,0,999.9,,999.9,0,75.8,7,7.9,7,2.5,6
67561099999,"NDOLA SIMON MWANSA KAWEPEWE INTERNATIONAL, ZA",-12.9833333,28.65,1270.1,9/25/1986,44.1,7,0,,999.9,,92.8, ,59.9, ,7,,0,A,9999.9,0,999.9,,999.9,0,76.7,7,6.4,7,3.2,7
67561099999,"NDOLA SIMON MWANSA KAWEPEWE INTERNATIONAL, ZA",-12.9833333,28.65,1270.1,9/26/1986,46.5,7,0,,999.9,,90.3,*,63, ,11.1,,0,A,9999.9,0,999.9,,999.9,0,77.2,7,7.3,7,5.6,7
67561099999,"NDOLA SIMON MWANSA KAWEPEWE INTERNATIONAL, ZA",-12.9833333,28.65,1270.1,9/27/1986,53.1,6,0,,999.9,,82.8,*,63.3, ,12,,0,A,9999.9,0,999.9,,999.9,0,74.8,6,6.2,6,8.6,6
67561099999,"NDOLA SIMON MWANSA KAWEPEWE INTERNATIONAL, ZA",-12.9833333,28.65,1270.1,9/28/1986,54.4,5,0,,999.9,,83.3, ,60.6, ,15,,0,A,9999.9,0,999.9,,999.9,0,74,5,9.9,5,11.2,5
67561099999,"NDOLA SIMON MWANSA KAWEPEWE INTERNATIONAL, ZA",-12.9833333,28.65,1270.1,9/29/1986,53.1,6,0,,999.9,,80.2,*,59.4, ,11.1,,0,A,9999.9,0,999.9,,999.9,0,69.9,6,13.5,6,6,6
67561099999,"NDOLA SIMON MWANSA KAWEPEWE INTERNATIONAL, ZA",-12.9833333,28.65,1270.1,10/1/1986,48.7,4,0,,999.9,,83.3,*,57.2, ,8,,0,A,9999.9,0,999.9,,999.9,0,73.9,4,12.4,4,4.5,4
67561099999,"NDOLA SIMON MWANSA KAWEPEWE INTERNATIONAL, ZA",-12.9833333,28.65,1270.1,10/2/1986,54,4,0,,999.9,,87.8, ,59.4, ,12,,0,A,9999.9,0,999.9,,999.9,0,74.6,4,9.3,4,8,4
67561099999,"NDOLA SIMON MWANSA KAWEPEWE INTERNATIONAL, ZA",-12.9833333,28.65,1270.1,10/5/1986,45,4,0,,999.9,,87.4, ,79.3,*,8,,0,I,9999.9,0,999.9,,999.9,0,83.1,4,11.7,4,5.7,4
67561099999,"NDOLA SIMON MWANSA KAWEPEWE INTERNATIONAL, ZA",-12.9833333,28.65,1270.1,10/6/1986,44.7,7,0,,999.9,,89.8,*,55.4, ,9.9,,0,B,9999.9,0,999.9,,999.9,0,76.6,7,8,7,5,7
67561099999,"NDOLA SIMON MWANSA KAWEPEWE INTERNATIONAL, ZA",-12.9833333,28.65,1270.1,10/7/1986,44.6,4,0,,999.9,,92.8,*,57.7, ,999.9,,0,A,9999.9,0,999.9,,999.9,0,84.2,4,9.8,4,999.9,0
67561099999,"NDOLA SIMON MWANSA KAWEPEWE INTERNATIONAL, ZA",-12.9833333,28.65,1270.1,10/8/1986,49.6,4,0,,999.9,,91.6,*,62.2, ,8,,0,A,9999.9,0,999.9,,999.9,0,83.8,4,999.9,0,5.5,4
67561099999,"NDOLA SIMON MWANSA KAWEPEWE INTERNATIONAL, ZA",-12.9833333,28.65,1270.1,10/10/1986,56.7,5,10,,999.9,,89.4, ,63.7, ,11.1,,0,A,9999.9,0,999.9,,999.9,0,80.7,5,8.6,5,6,5
67561099999,"NDOLA SIMON MWANSA KAWEPEWE INTERNATIONAL, ZA",-12.9833333,28.65,1270.1,10/11/1986,59.3,6,10000,,999.9,,85.1,*,66.2,*,8.9,,99.99, ,9999.9,0,999.9,,999.9,0,72.1,6,13.5,6,4.3,6
67561099999,"NDOLA SIMON MWANSA KAWEPEWE INTERNATIONAL, ZA",-12.9833333,28.65,1270.1,10/12/1986,55.8,4,0,,999.9,,84.2, ,61.2, ,4.1,,0.2,G,9999.9,0,999.9,,999.9,0,76.4,4,18.6,4,1.7,4
67561099999,"NDOLA SIMON MWANSA KAWEPEWE INTERNATIONAL, ZA",-12.9833333,28.65,1270.1,10/14/1986,56.3,5,0,,999.9,,85.1, ,59.4, ,7,,0.39,G,9999.9,0,999.9,,999.9,0,76.7,5,18,5,6.4,5
67561099999,"NDOLA SIMON MWANSA KAWEPEWE INTERNATIONAL, ZA",-12.9833333,28.65,1270.1,10/16/1986,58.7,4,0,,999.9,,84.9,*,63, ,12,,0,G,9999.9,0,999.9,,999.9,0,80.5,4,13.2,4,7.5,4
67561099999,"NDOLA SIMON MWANSA KAWEPEWE INTERNATIONAL, ZA",-12.9833333,28.65,1270.1,10/17/1986,60.2,5,10010,,999.9,,86.7, ,65.8,*,8.9,,0,G,9999.9,0,999.9,,999.9,0,72,5,10.3,5,4,5
67561099999,"NDOLA SIMON MWANSA KAWEPEWE INTERNATIONAL, ZA",-12.9833333,28.65,1270.1,10/19/1986,9999.9,0,10010,,999.9,,88.3, ,63.9, ,9.9,,0.04,G,9999.9,0,999.9,,999.9,0,76.9,4,17.1,4,6.5,4
67561099999,"NDOLA SIMON MWANSA KAWEPEWE INTERNATIONAL, ZA",-12.9833333,28.65,1270.1,10/24/1986,62.3,7,10010,,999.9,,82.4, ,64.2,*,9.9,,0.04,G,9999.9,0,999.9,,999.9,0,70.7,7,10.5,7,1.8,7
67561099999,"NDOLA SIMON MWANSA KAWEPEWE INTERNATIONAL, ZA",-12.9833333,28.65,1270.1,10/25/1986,61.7,4,10000,,999.9,,79.7,*,62.8,*,5.1,,0,G,9999.9,0,999.9,,999.9,0,71.6,4,11.3,4,4.3,4
67561099999,"NDOLA SIMON MWANSA KAWEPEWE INTERNATIONAL, ZA",-12.9833333,28.65,1270.1,10/26/1986,62.5,7,10000,,999.9,,77, ,63.9, ,7,,0.39,G,9999.9,0,999.9,,999.9,0,68.9,7,14.9,7,2.9,7
67561099999,"NDOLA SIMON MWANSA KAWEPEWE INTERNATIONAL, ZA",-12.9833333,28.65,1270.1,10/27/1986,62.1,4,0,,999.9,,86.2, ,61.9, ,5.1,,0,G,9999.9,0,999.9,,999.9,0,76.3,4,18.6,4,4.3,4
67561099999,"NDOLA SIMON MWANSA KAWEPEWE INTERNATIONAL, ZA",-12.9833333,28.65,1270.1,10/28/1986,60,6,0,,999.9,,88.3, ,62.4, ,8.9,,0,A,9999.9,0,999.9,,999.9,0,74.6,6,16.1,6,2.3,6
67561099999,"NDOLA SIMON MWANSA KAWEPEWE INTERNATIONAL, ZA",-12.9833333,28.65,1270.1,10/29/1986,59.6,5,0,,999.9,,86.4,*,63.1, ,6,,0,A,9999.9,0,999.9,,999.9,0,74.7,5,12.9,5,2.4,5
67561099999,"NDOLA SIMON MWANSA KAWEPEWE INTERNATIONAL, ZA",-12.9833333,28.65,1270.1,10/31/1986,63.2,4,10010,,999.9,,79.5, ,63.3, ,9.9,,0.24,G,9999.9,0,999.9,,999.9,0,68.4,4,11.3,4,5,4
67561099999,"NDOLA SIMON MWANSA KAWEPEWE INTERNATIONAL, ZA",-12.9833333,28.65,1270.1,11/2/1986,63,6,10,,999.9,,76.1,*,64.4, ,5.1,,0,A,9999.9,0,999.9,,999.9,0,69.9,6,18.1,6,1.7,6
67561099999,"NDOLA SIMON MWANSA KAWEPEWE INTERNATIONAL, ZA",-12.9833333,28.65,1270.1,11/3/1986,62.5,5,10000,,999.9,,80.6, ,64, ,9.9,,0.04,G,9999.9,0,999.9,,999.9,0,70.4,5,14.9,5,3.2,5
67561099999,"NDOLA SIMON MWANSA KAWEPEWE INTERNATIONAL, ZA",-12.9833333,28.65,1270.1,11/4/1986,61.5,4,0,,999.9,,77.4,*,60.6,*,6,,0.04,G,9999.9,0,999.9,,999.9,0,69.7,4,17.9,4,3.5,4
67561099999,"NDOLA SIMON MWANSA KAWEPEWE INTERNATIONAL, ZA",-12.9833333,28.65,1270.1,11/5/1986,60.4,4,10,,999.9,,83.1,*,63, ,11.1,,0.02,G,9999.9,0,999.9,,999.9,0,78.2,4,16.3,4,5.7,4
67561099999,"NDOLA SIMON MWANSA KAWEPEWE INTERNATIONAL, ZA",-12.9833333,28.65,1270.1,11/6/1986,60.4,5,10,,999.9,,84.7, ,63, ,11.1,,0,G,9999.9,0,999.9,,999.9,0,78,5,17.4,5,4.2,5
67561099999,"NDOLA SIMON MWANSA KAWEPEWE INTERNATIONAL, ZA",-12.9833333,28.65,1270.1,11/7/1986,57.6,4,0,,999.9,,87.4, ,61.9, ,9.9,,0,A,9999.9,0,999.9,,999.9,0,78.9,4,17.9,4,6.5,4
67561099999,"NDOLA SIMON MWANSA KAWEPEWE INTERNATIONAL, ZA",-12.9833333,28.65,1270.1,11/8/1986,61.5,7,10010,,999.9,,83.3, ,65.7, ,7,,0.01,G,9999.9,0,999.9,,999.9,0,73.4,7,17.8,7,2.3,7
67561099999,"NDOLA SIMON MWANSA KAWEPEWE INTERNATIONAL, ZA",-12.9833333,28.65,1270.1,11/9/1986,60.5,7,10010,,999.9,,85.1, ,62.6, ,5.1,,0.01,G,9999.9,0,999.9,,999.9,0,73.7,7,16.4,7,2.9,7
67561099999,"NDOLA SIMON MWANSA KAWEPEWE INTERNATIONAL, ZA",-12.9833333,28.65,1270.1,11/12/1986,60.7,5,0,,999.9,,82.6, ,63, ,13,,0.01,G,9999.9,0,999.9,,999.9,0,70.2,5,18.6,5,7.2,5
67561099999,"NDOLA SIMON MWANSA KAWEPEWE INTERNATIONAL, ZA",-12.9833333,28.65,1270.1,11/15/1986,61.6,5,10010,,999.9,,85.8, ,64.4, ,6,,0,H,9999.9,0,999.9,,999.9,0,72.5,5,11.3,5,4.4,5
67561099999,"NDOLA SIMON MWANSA KAWEPEWE INTERNATIONAL, ZA",-12.9833333,28.65,1270.1,11/16/1986,59,4,0,,999.9,,84.7, ,63.5, ,9.9,,0.35,G,9999.9,0,999.9,,999.9,0,76.9,4,18.6,4,7.7,4
67561099999,"NDOLA SIMON MWANSA KAWEPEWE INTERNATIONAL, ZA",-12.9833333,28.65,1270.1,11/17/1986,58,6,0,,999.9,,84.2, ,64.9, ,12,,0,G,9999.9,0,999.9,,999.9,0,73.2,6,18.6,5,7,6
67561099999,"NDOLA SIMON MWANSA KAWEPEWE INTERNATIONAL, ZA",-12.9833333,28.65,1270.1,11/18/1986,52.2,4,0,,999.9,,85.3,*,58.5, ,8.9,,0,G,9999.9,0,999.9,,999.9,0,69.2,4,17.9,4,4.8,4
67561099999,"NDOLA SIMON MWANSA KAWEPEWE INTERNATIONAL, ZA",-12.9833333,28.65,1270.1,11/20/1986,53.4,7,0,,999.9,,90.1, ,58.6, ,8,,0,A,9999.9,0,999.9,,999.9,0,76.2,7,18.6,7,4,7
67561099999,"NDOLA SIMON MWANSA KAWEPEWE INTERNATIONAL, ZA",-12.9833333,28.65,1270.1,11/21/1986,60.3,4,0,,999.9,,86, ,62.4,*,6,,0,I,9999.9,0,999.9,,999.9,0,69.6,4,17.1,4,2.7,4
67561099999,"NDOLA SIMON MWANSA KAWEPEWE INTERNATIONAL, ZA",-12.9833333,28.65,1270.1,11/22/1986,59.7,4,0,,999.9,,86.4,*,61.7,*,9.9,,0.04,G,9999.9,0,999.9,,999.9,0,70.9,4,17.9,4,3.7,4
67561099999,"NDOLA SIMON MWANSA KAWEPEWE INTERNATIONAL, ZA",-12.9833333,28.65,1270.1,11/23/1986,60.7,5,10,,999.9,,89.1, ,60.3, ,9.9,,0.04,G,9999.9,0,999.9,,999.9,0,78.4,5,17.4,5,5,5
67561099999,"NDOLA SIMON MWANSA KAWEPEWE INTERNATIONAL, ZA",-12.9833333,28.65,1270.1,11/24/1986,61.5,4,0,,999.9,,87.6, ,64.8, ,9.9,,0,G,9999.9,0,999.9,,999.9,0,73.1,5,18.6,5,3.4,5
67561099999,"NDOLA SIMON MWANSA KAWEPEWE INTERNATIONAL, ZA",-12.9833333,28.65,1270.1,11/26/1986,62.4,6,10010,,999.9,,90.9, ,63.3, ,8,,0,G,9999.9,0,999.9,,999.9,0,74.8,6,16.1,6,3.5,6
67561099999,"NDOLA SIMON MWANSA KAWEPEWE INTERNATIONAL, ZA",-12.9833333,28.65,1270.1,11/28/1986,63.7,4,0,,999.9,,80.8,*,62.4, ,999.9,,0.59,G,9999.9,0,999.9,,999.9,0,72.3,4,14.4,4,999.9,0
67561099999,"NDOLA SIMON MWANSA KAWEPEWE INTERNATIONAL, ZA",-12.9833333,28.65,1270.1,11/29/1986,64,4,10000,,999.9,,81.7,*,65.7, ,8,,0.01,G,9999.9,0,999.9,,999.9,0,73.4,4,17.1,4,6.3,4
67561099999,"NDOLA SIMON MWANSA KAWEPEWE INTERNATIONAL, ZA",-12.9833333,28.65,1270.1,11/30/1986,64.2,6,10,,999.9,,73.4,*,65.5, ,5.1,,0,G,9999.9,0,999.9,,999.9,0,68.9,6,22.8,6,3.4,6
67561099999,"NDOLA SIMON MWANSA KAWEPEWE INTERNATIONAL, ZA",-12.9833333,28.65,1270.1,12/1/1986,65.2,4,110010,,999.9,,79.9,*,62.4, ,6,,0.39,G,9999.9,0,999.9,,999.9,0,76,4,14,4,3.3,4
67561099999,"NDOLA SIMON MWANSA KAWEPEWE INTERNATIONAL, ZA",-12.9833333,28.65,1270.1,12/2/1986,63.4,4,0,,999.9,,69.6,*,63, ,999.9,,0,G,9999.9,0,999.9,,999.9,0,67,4,14.4,4,0,4
67561099999,"NDOLA SIMON MWANSA KAWEPEWE INTERNATIONAL, ZA",-12.9833333,28.65,1270.1,12/16/1986,64,5,0,,999.9,,80.1, ,65.3,*,5.1,,0,I,9999.9,0,999.9,,999.9,0,69.3,5,18.6,5,2.4,5
67561099999,"NDOLA SIMON MWANSA KAWEPEWE INTERNATIONAL, ZA",-12.9833333,28.65,1270.1,12/17/1986,64.7,4,10,,999.9,,78.3,*,63.9, ,5.1,,0.12,G,9999.9,0,999.9,,999.9,0,75.2,4,17.9,4,4,4
67561099999,"NDOLA SIMON MWANSA KAWEPEWE INTERNATIONAL, ZA",-12.9833333,28.65,1270.1,12/18/1986,64,4,10010,,999.9,,77.4,*,62.6, ,9.9,,0.02,G,9999.9,0,999.9,,999.9,0,74.4,4,17.9,4,6,4
67561099999,"NDOLA SIMON MWANSA KAWEPEWE INTERNATIONAL, ZA",-12.9833333,28.65,1270.1,12/19/1986,59.6,6,0,,999.9,,81.9, ,61.7, ,8,,0.16,G,9999.9,0,999.9,,999.9,0,71.1,6,18.6,6,3.7,6
67561099999,"NDOLA SIMON MWANSA KAWEPEWE INTERNATIONAL, ZA",-12.9833333,28.65,1270.1,12/22/1986,59.4,4,0,,999.9,,84.9, ,57.9, ,5.1,,0,A,9999.9,0,999.9,,999.9,0,76.5,4,18.6,4,2.5,4
67561099999,"NDOLA SIMON MWANSA KAWEPEWE INTERNATIONAL, ZA",-12.9833333,28.65,1270.1,12/23/1986,59.1,4,0,,999.9,,79.5,*,57.2, ,7,,0,A,9999.9,0,999.9,,999.9,0,67.6,4,17.1,4,3,4
67561099999,"NDOLA SIMON MWANSA KAWEPEWE INTERNATIONAL, ZA",-12.9833333,28.65,1270.1,12/28/1986,63.5,4,10,,999.9,,69.4,*,63.1, ,5.1,,0.31,G,9999.9,0,999.9,,999.9,0,66.8,4,12.4,4,2.5,4
67561099999,"NDOLA SIMON MWANSA KAWEPEWE INTERNATIONAL, ZA",-12.9833333,28.65,1270.1,12/29/1986,64.2,5,10,,999.9,,84.6, ,65.5, ,9.9,,0.59,G,9999.9,0,999.9,,999.9,0,78.2,5,16.8,5,3.6,5
67561099999,"NDOLA SIMON MWANSA KAWEPEWE INTERNATIONAL, ZA",-12.9833333,28.65,1270.1,1/10/1987,59.4,5,0,,999.9,,81.5,*,59.4, ,6,,0,A,9999.9,0,999.9,,999.9,0,69.6,5,18.6,5,2.6,5
67561099999,"NDOLA SIMON MWANSA KAWEPEWE INTERNATIONAL, ZA",-12.9833333,28.65,1270.1,1/11/1987,62.3,5,0,,999.9,,84.6, ,66.7,*,7,,0,A,9999.9,0,999.9,,999.9,0,76.9,5,18.6,5,3.2,5
67561099999,"NDOLA SIMON MWANSA KAWEPEWE INTERNATIONAL, ZA",-12.9833333,28.65,1270.1,1/13/1987,63.8,4,10,,999.9,,84,*,64, ,1.9,,0.04,G,9999.9,0,999.9,,999.9,0,71.1,4,17.9,4,0.5,4
67561099999,"NDOLA SIMON MWANSA KAWEPEWE INTERNATIONAL, ZA",-12.9833333,28.65,1270.1,1/19/1987,62.4,4,10000,,999.9,,76.1, ,62.2, ,5.1,,1.14,G,9999.9,0,999.9,,999.9,0,66.4,4,17.1,4,3.3,4
67561099999,"NDOLA SIMON MWANSA KAWEPEWE INTERNATIONAL, ZA",-12.9833333,28.65,1270.1,1/25/1987,63.3,5,100010,,999.9,,81.3, ,62.4,*,8.9,,0,I,9999.9,0,999.9,,999.9,0,70.1,5,11.3,5,4.4,5
67561099999,"NDOLA SIMON MWANSA KAWEPEWE INTERNATIONAL, ZA",-12.9833333,28.65,1270.1,1/26/1987,64.3,4,100000,,999.9,,82,*,63.9, ,1.9,,0,G,9999.9,0,999.9,,999.9,0,73.5,4,12.1,4,0.5,4
67561099999,"NDOLA SIMON MWANSA KAWEPEWE INTERNATIONAL, ZA",-12.9833333,28.65,1270.1,2/7/1987,65.3,4,10010,,999.9,,81, ,66.4,*,6,,99.99, ,9999.9,0,999.9,,999.9,0,68.9,4,11.7,4,1.5,4
67561099999,"NDOLA SIMON MWANSA KAWEPEWE INTERNATIONAL, ZA",-12.9833333,28.65,1270.1,2/8/1987,64.4,4,10,,999.9,,79.5,*,64.8, ,5.1,,0.01,G,9999.9,0,999.9,,999.9,0,71.3,4,17.1,4,3.3,4
67561099999,"NDOLA SIMON MWANSA KAWEPEWE INTERNATIONAL, ZA",-12.9833333,28.65,1270.1,2/11/1987,64,4,10000,,999.9,,81.5, ,65.3, ,4.1,,0.71,G,9999.9,0,999.9,,999.9,0,72.9,4,18.6,4,2.5,4
67561099999,"NDOLA SIMON MWANSA KAWEPEWE INTERNATIONAL, ZA",-12.9833333,28.65,1270.1,2/14/1987,65.2,6,10010,,999.9,,83.3, ,65.7, ,5.1,,1.14,G,9999.9,0,999.9,,999.9,0,70.9,6,12.5,6,1.3,6
67561099999,"NDOLA SIMON MWANSA KAWEPEWE INTERNATIONAL, ZA",-12.9833333,28.65,1270.1,2/15/1987,66.3,4,10,,999.9,,82.8, ,65.1, ,2.9,,0,G,9999.9,0,999.9,,999.9,0,71.2,4,14.8,4,1.2,4
67561099999,"NDOLA SIMON MWANSA KAWEPEWE INTERNATIONAL, ZA",-12.9833333,28.65,1270.1,2/16/1987,64.2,4,100000,,999.9,,82.4,*,63.3, ,4.1,,0,I,9999.9,0,999.9,,999.9,0,70.3,4,17.1,4,1,4
67561099999,"NDOLA SIMON MWANSA KAWEPEWE INTERNATIONAL, ZA",-12.9833333,28.65,1270.1,2/17/1987,62.2,4,0,,999.9,,83.7, ,62.6, ,6,,0,I,9999.9,0,999.9,,999.9,0,77.9,4,18.6,4,4.6,4
67561099999,"NDOLA SIMON MWANSA KAWEPEWE INTERNATIONAL, ZA",-12.9833333,28.65,1270.1,2/18/1987,63.8,5,10,,999.9,,82.2, ,65.5,*,6,,0,I,9999.9,0,999.9,,999.9,0,72.9,5,16.2,5,3.4,5
67561099999,"NDOLA SIMON MWANSA KAWEPEWE INTERNATIONAL, ZA",-12.9833333,28.65,1270.1,2/19/1987,61.4,6,0,,999.9,,84.9,*,61.9, ,6,,0,G,9999.9,0,999.9,,999.9,0,72,6,18.6,6,1.7,6
67561099999,"NDOLA SIMON MWANSA KAWEPEWE INTERNATIONAL, ZA",-12.9833333,28.65,1270.1,2/20/1987,60.9,6,0,,999.9,,86, ,59.4, ,2.9,,0,A,9999.9,0,999.9,,999.9,0,72.1,6,18.1,6,1,6
67561099999,"NDOLA SIMON MWANSA KAWEPEWE INTERNATIONAL, ZA",-12.9833333,28.65,1270.1,2/21/1987,64.2,4,0,,999.9,,81.7,*,64.4, ,5.1,,0,A,9999.9,0,999.9,,999.9,0,71.3,4,18.6,4,1.3,4
67561099999,"NDOLA SIMON MWANSA KAWEPEWE INTERNATIONAL, ZA",-12.9833333,28.65,1270.1,2/22/1987,64.5,5,10010,,999.9,,76.8,*,63.9, ,5.1,,0,H,9999.9,0,999.9,,999.9,0,68.9,5,14,5,1.8,5
67561099999,"NDOLA SIMON MWANSA KAWEPEWE INTERNATIONAL, ZA",-12.9833333,28.65,1270.1,3/17/1987,61.1,4,0,,999.9,,86.5, ,62.6, ,14,,0,A,9999.9,0,999.9,,999.9,0,73.4,4,18.6,4,6.9,4
67561099999,"NDOLA SIMON MWANSA KAWEPEWE INTERNATIONAL, ZA",-12.9833333,28.65,1270.1,3/19/1987,58.3,4,100000,,999.9,,83.3, ,58.8, ,6,,0,A,9999.9,0,999.9,,999.9,0,75.2,4,14.1,4,3.7,4
67561099999,"NDOLA SIMON MWANSA KAWEPEWE INTERNATIONAL, ZA",-12.9833333,28.65,1270.1,3/20/1987,62.7,4,10,,999.9,,85.3,*,59.2, ,11.1,,0,A,9999.9,0,999.9,,999.9,0,79.1,4,17.1,4,5.2,4
67561099999,"NDOLA SIMON MWANSA KAWEPEWE INTERNATIONAL, ZA",-12.9833333,28.65,1270.1,3/22/1987,60.3,5,0,,999.9,,86.4, ,61.9, ,7,,0,A,9999.9,0,999.9,,999.9,0,70.3,5,18,5,3.6,5
67561099999,"NDOLA SIMON MWANSA KAWEPEWE INTERNATIONAL, ZA",-12.9833333,28.65,1270.1,3/24/1987,63.6,5,0,,999.9,,87.6, ,63.9, ,8,,0,A,9999.9,0,999.9,,999.9,0,77.2,5,18.6,5,5.2,5
67561099999,"NDOLA SIMON MWANSA KAWEPEWE INTERNATIONAL, ZA",-12.9833333,28.65,1270.1,3/25/1987,63.1,6,10000,,999.9,,77.2, ,64.4,*,7,,99.99, ,9999.9,0,999.9,,999.9,0,68.9,6,16.6,6,2.8,6
67561099999,"NDOLA SIMON MWANSA KAWEPEWE INTERNATIONAL, ZA",-12.9833333,28.65,1270.1,3/27/1987,61.8,8,0,,999.9,,81.5, ,66.2,*,9.9,,0.47,G,9999.9,0,999.9,,999.9,0,72.9,8,18.6,8,5,8
67561099999,"NDOLA SIMON MWANSA KAWEPEWE INTERNATIONAL, ZA",-12.9833333,28.65,1270.1,3/28/1987,63.4,7,10010,,999.9,,82.2, ,61, ,8.9,,0,G,9999.9,0,999.9,,999.9,0,69.5,7,17.8,7,3.4,7
67561099999,"NDOLA SIMON MWANSA KAWEPEWE INTERNATIONAL, ZA",-12.9833333,28.65,1270.1,3/29/1987,63.7,6,10010,,999.9,,76.5, ,63.3, ,9.9,,0.55,G,9999.9,0,999.9,,999.9,0,67,6,16.1,6,3.1,6
67561099999,"NDOLA SIMON MWANSA KAWEPEWE INTERNATIONAL, ZA",-12.9833333,28.65,1270.1,3/30/1987,63.6,6,100010,,999.9,,84.9, ,61.7, ,8.9,,0.35,G,9999.9,0,999.9,,999.9,0,69.9,6,15.9,6,1.5,6
67561099999,"NDOLA SIMON MWANSA KAWEPEWE INTERNATIONAL, ZA",-12.9833333,28.65,1270.1,4/1/1987,64.4,4,10010,,999.9,,85.1, ,63.9, ,6,,0.39,G,9999.9,0,999.9,,999.9,0,73.3,4,18,4,2.2,4
67561099999,"NDOLA SIMON MWANSA KAWEPEWE INTERNATIONAL, ZA",-12.9833333,28.65,1270.1,4/2/1987,63.7,7,0,,999.9,,82.6,*,65.1, ,6,,0,G,9999.9,0,999.9,,999.9,0,73.5,7,18.6,7,3,7
67561099999,"NDOLA SIMON MWANSA KAWEPEWE INTERNATIONAL, ZA",-12.9833333,28.65,1270.1,4/3/1987,62.4,5,0,,999.9,,85.1,*,62.1,*,8.9,,0,I,9999.9,0,999.9,,999.9,0,74.6,5,18,5,3.6,5
67561099999,"NDOLA SIMON MWANSA KAWEPEWE INTERNATIONAL, ZA",-12.9833333,28.65,1270.1,4/4/1987,58.9,5,0,,999.9,,84.2,*,59, ,4.1,,0,A,9999.9,0,999.9,,999.9,0,71.5,5,17.4,5,1.2,5
67561099999,"NDOLA SIMON MWANSA KAWEPEWE INTERNATIONAL, ZA",-12.9833333,28.65,1270.1,4/5/1987,54.1,4,0,,999.9,,82.2,*,56.5, ,8,,0,A,9999.9,0,999.9,,999.9,0,78.2,4,18.6,4,5.5,4
67561099999,"NDOLA SIMON MWANSA KAWEPEWE INTERNATIONAL, ZA",-12.9833333,28.65,1270.1,4/6/1987,52.4,6,0,,999.9,,83.7, ,53.6, ,8,,0,A,9999.9,0,999.9,,999.9,0,67.2,6,18.6,6,3.2,6
67561099999,"NDOLA SIMON MWANSA KAWEPEWE INTERNATIONAL, ZA",-12.9833333,28.65,1270.1,4/7/1987,55.8,6,0,,999.9,,84.2, ,55.2, ,5.1,,0,A,9999.9,0,999.9,,999.9,0,68.6,6,17.6,6,2.7,6
67561099999,"NDOLA SIMON MWANSA KAWEPEWE INTERNATIONAL, ZA",-12.9833333,28.65,1270.1,4/8/1987,56.9,5,0,,999.9,,84.2, ,56.1, ,6,,0,A,9999.9,0,999.9,,999.9,0,68.2,5,18.6,5,2.8,5
67561099999,"NDOLA SIMON MWANSA KAWEPEWE INTERNATIONAL, ZA",-12.9833333,28.65,1270.1,4/9/1987,58.9,5,10,,999.9,,82.9, ,55.6, ,4.1,,0,A,9999.9,0,999.9,,999.9,0,66.3,5,16.2,5,0.8,5
67561099999,"NDOLA SIMON MWANSA KAWEPEWE INTERNATIONAL, ZA",-12.9833333,28.65,1270.1,4/10/1987,63.2,7,10010,,999.9,,82.9, ,61.7, ,9.9,,0.01,G,9999.9,0,999.9,,999.9,0,68.6,7,17.8,7,3.9,7
67561099999,"NDOLA SIMON MWANSA KAWEPEWE INTERNATIONAL, ZA",-12.9833333,28.65,1270.1,4/11/1987,57.6,4,0,,999.9,,83.1,*,66, ,11.1,,0.08,G,9999.9,0,999.9,,999.9,0,79,4,18.6,4,7.3,4
67561099999,"NDOLA SIMON MWANSA KAWEPEWE INTERNATIONAL, ZA",-12.9833333,28.65,1270.1,4/12/1987,53,4,0,,999.9,,82,*,59, ,9.9,,0,G,9999.9,0,999.9,,999.9,0,77.7,4,18.6,4,8.7,4
67561099999,"NDOLA SIMON MWANSA KAWEPEWE INTERNATIONAL, ZA",-12.9833333,28.65,1270.1,4/14/1987,56.8,6,0,,999.9,,86, ,56.3,*,8,,0,I,9999.9,0,999.9,,999.9,0,71.9,6,18.6,6,2.1,6
67561099999,"NDOLA SIMON MWANSA KAWEPEWE INTERNATIONAL, ZA",-12.9833333,28.65,1270.1,4/15/1987,60.6,6,0,,999.9,,100.4,*,58.1, ,2.9,,0,A,9999.9,0,999.9,,999.9,0,73.9,6,17.1,6,0.5,6
67561099999,"NDOLA SIMON MWANSA KAWEPEWE INTERNATIONAL, ZA",-12.9833333,28.65,1270.1,4/16/1987,56.1,4,0,,999.9,,87.4,*,58.5, ,8,,0,A,9999.9,0,999.9,,999.9,0,81.7,4,17.9,4,5.5,4
67561099999,"NDOLA SIMON MWANSA KAWEPEWE INTERNATIONAL, ZA",-12.9833333,28.65,1270.1,4/17/1987,59.2,5,0,,999.9,,85.8, ,58.8, ,14,,0,A,9999.9,0,999.9,,999.9,0,77.7,5,18.6,5,9.2,5
67561099999,"NDOLA SIMON MWANSA KAWEPEWE INTERNATIONAL, ZA",-12.9833333,28.65,1270.1,4/18/1987,60.5,7,0,,999.9,,82.6, ,62.4,*,12,,0,G,9999.9,0,999.9,,999.9,0,68.5,7,18.6,7,4.9,7
67561099999,"NDOLA SIMON MWANSA KAWEPEWE INTERNATIONAL, ZA",-12.9833333,28.65,1270.1,4/19/1987,54.2,7,0,,999.9,,81.5, ,54.7, ,7,,0,A,9999.9,0,999.9,,999.9,0,67.4,7,18.6,7,3.9,7
67561099999,"NDOLA SIMON MWANSA KAWEPEWE INTERNATIONAL, ZA",-12.9833333,28.65,1270.1,4/20/1987,52.1,4,0,,999.9,,81,*,49.8, ,999.9,,0,A,9999.9,0,999.9,,999.9,0,74.2,4,17.9,4,0,4
67561099999,"NDOLA SIMON MWANSA KAWEPEWE INTERNATIONAL, ZA",-12.9833333,28.65,1270.1,4/21/1987,50.3,5,0,,999.9,,84.2,*,50.5, ,4.1,,0,A,9999.9,0,999.9,,999.9,0,73.7,5,13.4,5,1.4,5
67561099999,"NDOLA SIMON MWANSA KAWEPEWE INTERNATIONAL, ZA",-12.9833333,28.65,1270.1,4/22/1987,52.9,7,0,,999.9,,84.6, ,52.2, ,2.9,,0,A,9999.9,0,999.9,,999.9,0,68.8,7,14,7,0.4,7
67561099999,"NDOLA SIMON MWANSA KAWEPEWE INTERNATIONAL, ZA",-12.9833333,28.65,1270.1,4/25/1987,53.1,5,0,,999.9,,82.9,*,54.5, ,8,,0,A,9999.9,0,999.9,,999.9,0,68.3,5,18,5,4.6,5
67561099999,"NDOLA SIMON MWANSA KAWEPEWE INTERNATIONAL, ZA",-12.9833333,28.65,1270.1,4/26/1987,51.8,5,0,,999.9,,81.9, ,53.6, ,8,,0,A,9999.9,0,999.9,,999.9,0,73.3,5,17.4,5,6.2,5
67561099999,"NDOLA SIMON MWANSA KAWEPEWE INTERNATIONAL, ZA",-12.9833333,28.65,1270.1,4/27/1987,52.9,6,0,,999.9,,82.9, ,51.6, ,5.1,,0,A,9999.9,0,999.9,,999.9,0,66.8,6,16.6,6,2.4,6
67561099999,"NDOLA SIMON MWANSA KAWEPEWE INTERNATIONAL, ZA",-12.9833333,28.65,1270.1,4/28/1987,52.7,5,0,,999.9,,83.3, ,52.5, ,6,,0,A,9999.9,0,999.9,,999.9,0,69,5,16,5,3,5
67561099999,"NDOLA SIMON MWANSA KAWEPEWE INTERNATIONAL, ZA",-12.9833333,28.65,1270.1,4/29/1987,52.8,5,0,,999.9,,82.6, ,52, ,7,,0,A,9999.9,0,999.9,,999.9,0,67.1,6,18.1,6,3.3,6
67561099999,"NDOLA SIMON MWANSA KAWEPEWE INTERNATIONAL, ZA",-12.9833333,28.65,1270.1,4/30/1987,51.2,6,0,,999.9,,78.8,*,54.9, ,11.1,,0,A,9999.9,0,999.9,,999.9,0,70.2,6,18.6,6,5.1,6
67561099999,"NDOLA SIMON MWANSA KAWEPEWE INTERNATIONAL, ZA",-12.9833333,28.65,1270.1,5/2/1987,47.6,6,0,,999.9,,79.3,*,49.6, ,6,,0,A,9999.9,0,999.9,,999.9,0,65.4,6,16.4,6,2.3,6
67561099999,"NDOLA SIMON MWANSA KAWEPEWE INTERNATIONAL, ZA",-12.9833333,28.65,1270.1,5/14/1987,48.7,5,0,,999.9,,87.8, ,52.2, ,4.1,,0,A,9999.9,0,999.9,,999.9,0,71.7,5,15.9,5,1.6,5
67561099999,"NDOLA SIMON MWANSA KAWEPEWE INTERNATIONAL, ZA",-12.9833333,28.65,1270.1,5/16/1987,47.4,8,0,,999.9,,86.7, ,49.1, ,8,,0,B,9999.9,0,999.9,,999.9,0,67.7,8,8,8,2.9,7
67561099999,"NDOLA SIMON MWANSA KAWEPEWE INTERNATIONAL, ZA",-12.9833333,28.65,1270.1,5/17/1987,49.7,5,0,,999.9,,81.5,*,49.8, ,8,,0,A,9999.9,0,999.9,,999.9,0,66.3,5,14.3,5,3.2,5
67561099999,"NDOLA SIMON MWANSA KAWEPEWE INTERNATIONAL, ZA",-12.9833333,28.65,1270.1,5/19/1987,51.3,7,0,,999.9,,87.8, ,51.4, ,8,,0,A,9999.9,0,999.9,,999.9,0,70.2,7,13.1,7,2.8,6
67561099999,"NDOLA SIMON MWANSA KAWEPEWE INTERNATIONAL, ZA",-12.9833333,28.65,1270.1,5/22/1987,49.8,6,0,,999.9,,79.5, ,58.3, ,8.9,,0,A,9999.9,0,999.9,,999.9,0,68,6,15.5,6,5.1,6
67561099999,"NDOLA SIMON MWANSA KAWEPEWE INTERNATIONAL, ZA",-12.9833333,28.65,1270.1,5/23/1987,50.8,6,0,,999.9,,74.3,*,50.4, ,9.9,,0,A,9999.9,0,999.9,,999.9,0,64.3,6,13.5,6,5.8,6
67561099999,"NDOLA SIMON MWANSA KAWEPEWE INTERNATIONAL, ZA",-12.9833333,28.65,1270.1,5/25/1987,51.1,5,0,,999.9,,83.8,*,48.9, ,8.9,,0,A,9999.9,0,999.9,,999.9,0,63.7,5,16.8,5,3,5
67561099999,"NDOLA SIMON MWANSA KAWEPEWE INTERNATIONAL, ZA",-12.9833333,28.65,1270.1,5/26/1987,49.9,6,0,,999.9,,82.8, ,52.9,*,5.1,,0,I,9999.9,0,999.9,,999.9,0,67.9,6,16.1,6,1.8,6
67561099999,"NDOLA SIMON MWANSA KAWEPEWE INTERNATIONAL, ZA",-12.9833333,28.65,1270.1,5/27/1987,51.3,4,0,,999.9,,75.9,*,51.4, ,8,,0,A,9999.9,0,999.9,,999.9,0,61.9,4,21,4,2,4
67561099999,"NDOLA SIMON MWANSA KAWEPEWE INTERNATIONAL, ZA",-12.9833333,28.65,1270.1,5/28/1987,51.7,6,0,,999.9,,78.3,*,55.4, ,12,,0,A,9999.9,0,999.9,,999.9,0,67.3,6,12.9,6,6.6,6
67561099999,"NDOLA SIMON MWANSA KAWEPEWE INTERNATIONAL, ZA",-12.9833333,28.65,1270.1,5/29/1987,51.7,4,10000,,999.9,,64.9,*,52.2,*,6,,99.99, ,9999.9,0,999.9,,999.9,0,61.4,4,16.3,4,3.8,4
67561099999,"NDOLA SIMON MWANSA KAWEPEWE INTERNATIONAL, ZA",-12.9833333,28.65,1270.1,5/30/1987,47.4,4,0,,999.9,,76.3, ,54.1, ,9.9,,0,G,9999.9,0,999.9,,999.9,0,66.1,4,18.6,4,6.5,4
67561099999,"NDOLA SIMON MWANSA KAWEPEWE INTERNATIONAL, ZA",-12.9833333,28.65,1270.1,5/31/1987,45.4,5,0,,999.9,,77, ,51.8, ,8,,0,A,9999.9,0,999.9,,999.9,0,68.3,5,17.4,5,4.4,5
67561099999,"NDOLA SIMON MWANSA KAWEPEWE INTERNATIONAL, ZA",-12.9833333,28.65,1270.1,6/1/1987,44.3,7,0,,999.9,,81, ,44.4, ,4.1,,0,A,9999.9,0,999.9,,999.9,0,62.8,7,15.6,7,1,7
67561099999,"NDOLA SIMON MWANSA KAWEPEWE INTERNATIONAL, ZA",-12.9833333,28.65,1270.1,6/2/1987,43,5,0,,999.9,,81.7,*,43.9, ,1.9,,0,A,9999.9,0,999.9,,999.9,0,64,5,9.7,5,1.2,5
67561099999,"NDOLA SIMON MWANSA KAWEPEWE INTERNATIONAL, ZA",-12.9833333,28.65,1270.1,6/3/1987,43.2,5,0,,999.9,,83.5, ,48.9,*,4.1,,0,I,9999.9,0,999.9,,999.9,0,70.4,5,11.2,5,2.2,5
67561099999,"NDOLA SIMON MWANSA KAWEPEWE INTERNATIONAL, ZA",-12.9833333,28.65,1270.1,6/4/1987,41.4,6,0,,999.9,,82.4,*,45.7, ,4.1,,0,A,9999.9,0,999.9,,999.9,0,65.8,6,8.9,6,1.3,6
67561099999,"NDOLA SIMON MWANSA KAWEPEWE INTERNATIONAL, ZA",-12.9833333,28.65,1270.1,6/5/1987,42,4,0,,999.9,,84.7, ,64.8,*,4.1,,0,I,9999.9,0,999.9,,999.9,0,73,4,9.3,4,1.7,4
67561099999,"NDOLA SIMON MWANSA KAWEPEWE INTERNATIONAL, ZA",-12.9833333,28.65,1270.1,6/6/1987,41.8,6,0,,999.9,,82,*,46.6, ,6,,0,A,9999.9,0,999.9,,999.9,0,66.6,6,8.8,6,2.5,6
67561099999,"NDOLA SIMON MWANSA KAWEPEWE INTERNATIONAL, ZA",-12.9833333,28.65,1270.1,6/7/1987,41,6,100000,,999.9,,81.5, ,45, ,15,,0,A,9999.9,0,999.9,,999.9,0,68,6,7.7,6,6.3,6
67561099999,"NDOLA SIMON MWANSA KAWEPEWE INTERNATIONAL, ZA",-12.9833333,28.65,1270.1,6/8/1987,46.8,8,0,,999.9,,78.1, ,45.7, ,9.9,,0,B,9999.9,0,999.9,,999.9,0,63.4,8,7.4,8,4.6,8
67561099999,"NDOLA SIMON MWANSA KAWEPEWE INTERNATIONAL, ZA",-12.9833333,28.65,1270.1,6/9/1987,44.5,5,0,,999.9,,78.4, ,49.1, ,5.1,,0,A,9999.9,0,999.9,,999.9,0,59.2,5,7.7,5,1.7,4
67561099999,"NDOLA SIMON MWANSA KAWEPEWE INTERNATIONAL, ZA",-12.9833333,28.65,1270.1,6/10/1987,38.4,6,0,,999.9,,78.8, ,42.3, ,7,,0,A,9999.9,0,999.9,,999.9,0,59.1,6,9.1,6,3,6
67561099999,"NDOLA SIMON MWANSA KAWEPEWE INTERNATIONAL, ZA",-12.9833333,28.65,1270.1,6/11/1987,32.8,7,0,,999.9,,77,*,43.5, ,8,,0,A,9999.9,0,999.9,,999.9,0,64,7,16.3,7,5.4,7
67561099999,"NDOLA SIMON MWANSA KAWEPEWE INTERNATIONAL, ZA",-12.9833333,28.65,1270.1,6/12/1987,36.8,7,0,,999.9,,74.7, ,45.7, ,12,,0,A,9999.9,0,999.9,,999.9,0,61.6,7,11.2,7,8.9,7
67561099999,"NDOLA SIMON MWANSA KAWEPEWE INTERNATIONAL, ZA",-12.9833333,28.65,1270.1,6/13/1987,42.9,4,0,,999.9,,72.5, ,60.4,*,15,,0,I,9999.9,0,999.9,,999.9,0,66.3,4,18.6,4,9.5,4
67561099999,"NDOLA SIMON MWANSA KAWEPEWE INTERNATIONAL, ZA",-12.9833333,28.65,1270.1,6/14/1987,44.7,5,0,,999.9,,76.1, ,48.7, ,9.9,,0,A,9999.9,0,999.9,,999.9,0,67.2,5,15.5,5,5.6,5
67561099999,"NDOLA SIMON MWANSA KAWEPEWE INTERNATIONAL, ZA",-12.9833333,28.65,1270.1,6/15/1987,44.9,4,0,,999.9,,77.2, ,47.7, ,5.1,,0,A,9999.9,0,999.9,,999.9,0,67.4,4,17.1,4,4,4
67561099999,"NDOLA SIMON MWANSA KAWEPEWE INTERNATIONAL, ZA",-12.9833333,28.65,1270.1,6/16/1987,43.6,5,0,,999.9,,74.7,*,42.8, ,7,,0,A,9999.9,0,999.9,,999.9,0,58.6,5,10.4,5,2.2,5
67561099999,"NDOLA SIMON MWANSA KAWEPEWE INTERNATIONAL, ZA",-12.9833333,28.65,1270.1,6/17/1987,42.5,7,0,,999.9,,79.9, ,42.3, ,6,,0,A,9999.9,0,999.9,,999.9,0,62.3,7,9.5,7,1.4,7
67561099999,"NDOLA SIMON MWANSA KAWEPEWE INTERNATIONAL, ZA",-12.9833333,28.65,1270.1,6/18/1987,37.7,5,0,,999.9,,83.7, ,43.9, ,6,,0,A,9999.9,0,999.9,,999.9,0,71.3,5,9.6,5,4,5
67561099999,"NDOLA SIMON MWANSA KAWEPEWE INTERNATIONAL, ZA",-12.9833333,28.65,1270.1,6/19/1987,37.1,6,0,,999.9,,82, ,42.3, ,15,,0,A,9999.9,0,999.9,,999.9,0,62.3,6,8.3,6,5.2,6
67561099999,"NDOLA SIMON MWANSA KAWEPEWE INTERNATIONAL, ZA",-12.9833333,28.65,1270.1,6/20/1987,43,6,0,,999.9,,71.4, ,47.7, ,15,,0,A,9999.9,0,999.9,,999.9,0,59.9,6,13.3,6,7.8,6
67561099999,"NDOLA SIMON MWANSA KAWEPEWE INTERNATIONAL, ZA",-12.9833333,28.65,1270.1,6/21/1987,40.4,5,0,,999.9,,63,*,46, ,16.9,,0,A,9999.9,0,999.9,,999.9,0,54.8,5,14.3,5,12.7,5
67561099999,"NDOLA SIMON MWANSA KAWEPEWE INTERNATIONAL, ZA",-12.9833333,28.65,1270.1,6/22/1987,41.2,4,0,,999.9,,69.6,*,48.2, ,13,,0,A,9999.9,0,999.9,,999.9,0,59.7,4,18.6,4,9.8,4
67561099999,"NDOLA SIMON MWANSA KAWEPEWE INTERNATIONAL, ZA",-12.9833333,28.65,1270.1,6/23/1987,44.5,5,0,,999.9,,74.1, ,41.7, ,12,,0,A,9999.9,0,999.9,,999.9,0,64.3,5,16.8,5,7.8,5
67561099999,"NDOLA SIMON MWANSA KAWEPEWE INTERNATIONAL, ZA",-12.9833333,28.65,1270.1,6/27/1987,36.3,6,0,,999.9,,76.3,*,42.3,*,6,,0,A,9999.9,0,999.9,,999.9,0,60.7,6,12.8,6,2.7,6
67561099999,"NDOLA SIMON MWANSA KAWEPEWE INTERNATIONAL, ZA",-12.9833333,28.65,1270.1,6/28/1987,32.2,4,0,,999.9,,79,*,48.4,*,5.1,,0,A,9999.9,0,999.9,,999.9,0,69.2,4,12.4,4,2.8,4
67561099999,"NDOLA SIMON MWANSA KAWEPEWE INTERNATIONAL, ZA",-12.9833333,28.65,1270.1,7/1/1987,39.7,5,0,,999.9,,77.4, ,42.3, ,5.1,,0,A,9999.9,0,999.9,,999.9,0,65.4,5,12.9,5,3.2,5
67561099999,"NDOLA SIMON MWANSA KAWEPEWE INTERNATIONAL, ZA",-12.9833333,28.65,1270.1,7/2/1987,39.3,4,0,,999.9,,81.1, ,38.1, ,1.9,,0,A,9999.9,0,999.9,,999.9,0,65.2,4,999.9,0,0.5,4
67561099999,"NDOLA SIMON MWANSA KAWEPEWE INTERNATIONAL, ZA",-12.9833333,28.65,1270.1,7/3/1987,37.1,4,0,,999.9,,79.7,*,40.6, ,6,,0,A,9999.9,0,999.9,,999.9,0,69.4,4,5.1,4,3,4
67561099999,"NDOLA SIMON MWANSA KAWEPEWE INTERNATIONAL, ZA",-12.9833333,28.65,1270.1,7/4/1987,28.7,4,0,,999.9,,78.6,*,41.9, ,4.1,,0,A,9999.9,0,999.9,,999.9,0,69.8,4,6.4,4,2.2,4
67561099999,"NDOLA SIMON MWANSA KAWEPEWE INTERNATIONAL, ZA",-12.9833333,28.65,1270.1,7/6/1987,34.1,4,0,,999.9,,81.3,*,47.3, ,6,,0,A,9999.9,0,999.9,,999.9,0,71,4,12.1,4,4,4
67561099999,"NDOLA SIMON MWANSA KAWEPEWE INTERNATIONAL, ZA",-12.9833333,28.65,1270.1,7/7/1987,29.7,5,0,,999.9,,77.7, ,48.4, ,11.1,,0,A,9999.9,0,999.9,,999.9,0,68.2,5,12.4,5,6.6,5
67561099999,"NDOLA SIMON MWANSA KAWEPEWE INTERNATIONAL, ZA",-12.9833333,28.65,1270.1,7/8/1987,37,4,0,,999.9,,73.2,*,46.9, ,12,,0,A,9999.9,0,999.9,,999.9,0,66.7,4,10.9,4,10,4
67561099999,"NDOLA SIMON MWANSA KAWEPEWE INTERNATIONAL, ZA",-12.9833333,28.65,1270.1,7/9/1987,37.6,4,0,,999.9,,74.7, ,43.2, ,8,,0,A,9999.9,0,999.9,,999.9,0,64.9,4,14.8,4,4.5,4
67561099999,"NDOLA SIMON MWANSA KAWEPEWE INTERNATIONAL, ZA",-12.9833333,28.65,1270.1,7/10/1987,39.3,5,0,,999.9,,77.7, ,40.5, ,5.1,,0,A,9999.9,0,999.9,,999.9,0,66,5,9.9,5,1.2,5
67561099999,"NDOLA SIMON MWANSA KAWEPEWE INTERNATIONAL, ZA",-12.9833333,28.65,1270.1,7/12/1987,42.5,5,100000,,999.9,,83.1, ,50.2,*,8.9,,0,A,9999.9,0,999.9,,999.9,0,70.1,5,8.5,5,2,5
67561099999,"NDOLA SIMON MWANSA KAWEPEWE INTERNATIONAL, ZA",-12.9833333,28.65,1270.1,7/17/1987,42.2,4,0,,999.9,,76.6,*,47.1, ,9.9,,0,A,9999.9,0,999.9,,999.9,0,69.2,4,8.9,4,7.2,4
67561099999,"NDOLA SIMON MWANSA KAWEPEWE INTERNATIONAL, ZA",-12.9833333,28.65,1270.1,7/19/1987,37,5,0,,999.9,,82.2, ,44.6, ,4.1,,0,A,9999.9,0,999.9,,999.9,0,69.3,5,9.9,5,1.6,5
67561099999,"NDOLA SIMON MWANSA KAWEPEWE INTERNATIONAL, ZA",-12.9833333,28.65,1270.1,7/20/1987,38.8,4,0,,999.9,,82.4,*,44.4, ,5.1,,0,A,9999.9,0,999.9,,999.9,0,64.3,4,9.3,4,2.3,4
67561099999,"NDOLA SIMON MWANSA KAWEPEWE INTERNATIONAL, ZA",-12.9833333,28.65,1270.1,7/22/1987,29.2,8,0,,999.9,,82.9, ,49.6, ,9.9,,0,A,9999.9,0,999.9,,999.9,0,65.8,8,8.5,8,5.8,8
67561099999,"NDOLA SIMON MWANSA KAWEPEWE INTERNATIONAL, ZA",-12.9833333,28.65,1270.1,7/23/1987,34.8,4,0,,999.9,,77,*,43.7, ,8,,0,A,9999.9,0,999.9,,999.9,0,60,4,7.3,4,2.5,4
67561099999,"NDOLA SIMON MWANSA KAWEPEWE INTERNATIONAL, ZA",-12.9833333,28.65,1270.1,7/25/1987,38.3,4,0,,999.9,,79.5,*,43, ,6,,0,A,9999.9,0,999.9,,999.9,0,70.7,4,6.8,4,2.5,4
67561099999,"NDOLA SIMON MWANSA KAWEPEWE INTERNATIONAL, ZA",-12.9833333,28.65,1270.1,7/26/1987,39.3,5,0,,999.9,,82.6, ,46.4, ,5.1,,0,A,9999.9,0,999.9,,999.9,0,71.7,5,8.1,5,3,5
67561099999,"NDOLA SIMON MWANSA KAWEPEWE INTERNATIONAL, ZA",-12.9833333,28.65,1270.1,7/27/1987,38.7,5,0,,999.9,,86, ,43.9, ,5.1,,0,A,9999.9,0,999.9,,999.9,0,72.2,5,7,5,1.6,5
67561099999,"NDOLA SIMON MWANSA KAWEPEWE INTERNATIONAL, ZA",-12.9833333,28.65,1270.1,7/28/1987,39.7,6,0,,999.9,,86.9, ,46.2, ,7,,0,A,9999.9,0,999.9,,999.9,0,75.7,6,6.6,6,3,6
67561099999,"NDOLA SIMON MWANSA KAWEPEWE INTERNATIONAL, ZA",-12.9833333,28.65,1270.1,7/29/1987,39.9,8,0,,999.9,,86, ,48.6, ,999.9,,0,B,9999.9,0,999.9,,999.9,0,67,8,6.4,8,14.2,8
67561099999,"NDOLA SIMON MWANSA KAWEPEWE INTERNATIONAL, ZA",-12.9833333,28.65,1270.1,7/31/1987,41.3,4,0,,999.9,,78.3, ,54.5, ,11.1,,0,A,9999.9,0,999.9,,999.9,0,69.3,4,7.8,4,8,4
67561099999,"NDOLA SIMON MWANSA KAWEPEWE INTERNATIONAL, ZA",-12.9833333,28.65,1270.1,8/1/1987,44.7,4,0,,999.9,,78.1,*,48.6, ,7,,0,A,9999.9,0,999.9,,999.9,0,69.6,4,7,4,4.8,4
67561099999,"NDOLA SIMON MWANSA KAWEPEWE INTERNATIONAL, ZA",-12.9833333,28.65,1270.1,8/2/1987,48.8,5,10000,,999.9,,81.3, ,52.2, ,13,,0,H,9999.9,0,999.9,,999.9,0,71,5,5.8,5,5.6,5
67561099999,"NDOLA SIMON MWANSA KAWEPEWE INTERNATIONAL, ZA",-12.9833333,28.65,1270.1,8/4/1987,51.4,5,0,,999.9,,84.4, ,55.4, ,7,,0,A,9999.9,0,999.9,,999.9,0,72.2,5,8.5,5,3.2,5
67561099999,"NDOLA SIMON MWANSA KAWEPEWE INTERNATIONAL, ZA",-12.9833333,28.65,1270.1,8/6/1987,50.8,5,0,,999.9,,81.7, ,55.4, ,13,,0,A,9999.9,0,999.9,,999.9,0,71.5,5,6.6,5,8.4,5
67561099999,"NDOLA SIMON MWANSA KAWEPEWE INTERNATIONAL, ZA",-12.9833333,28.65,1270.1,8/8/1987,9999.9,0,0,,999.9,,84.4, ,48.6, ,11.1,,0,A,9999.9,0,999.9,,999.9,0,72.9,4,12.4,4,7,4
67561099999,"NDOLA SIMON MWANSA KAWEPEWE INTERNATIONAL, ZA",-12.9833333,28.65,1270.1,8/9/1987,46.6,5,0,,999.9,,80.6,*,48.2,*,7,,0,A,9999.9,0,999.9,,999.9,0,67.5,5,9.3,5,2.8,5
67561099999,"NDOLA SIMON MWANSA KAWEPEWE INTERNATIONAL, ZA",-12.9833333,28.65,1270.1,8/10/1987,48.7,4,0,,999.9,,83.7,*,50.2, ,8.9,,0,A,9999.9,0,999.9,,999.9,0,74.4,4,11.3,4,4.7,4
67561099999,"NDOLA SIMON MWANSA KAWEPEWE INTERNATIONAL, ZA",-12.9833333,28.65,1270.1,8/11/1987,47.8,5,0,,999.9,,84, ,52.5, ,7,,0,A,9999.9,0,999.9,,999.9,0,75.1,5,6.6,5,4.4,5
67561099999,"NDOLA SIMON MWANSA KAWEPEWE INTERNATIONAL, ZA",-12.9833333,28.65,1270.1,8/12/1987,45.4,7,0,,999.9,,86.7, ,53.4, ,7,,0,A,9999.9,0,999.9,,999.9,0,71.4,7,6,7,3.4,7
67561099999,"NDOLA SIMON MWANSA KAWEPEWE INTERNATIONAL, ZA",-12.9833333,28.65,1270.1,8/13/1987,38.5,6,0,,999.9,,85.1, ,53.8,*,11.1,,0,A,9999.9,0,999.9,,999.9,0,67.8,6,5.7,6,4.2,6
67561099999,"NDOLA SIMON MWANSA KAWEPEWE INTERNATIONAL, ZA",-12.9833333,28.65,1270.1,8/14/1987,39.7,5,0,,999.9,,82.9, ,61.9, ,14,,0,A,9999.9,0,999.9,,999.9,0,74.4,5,5.5,5,8.4,5
67561099999,"NDOLA SIMON MWANSA KAWEPEWE INTERNATIONAL, ZA",-12.9833333,28.65,1270.1,8/15/1987,45.8,4,0,,999.9,,81.7, ,54, ,9.9,,0,A,9999.9,0,999.9,,999.9,0,72.3,4,8.5,4,6.5,4
67561099999,"NDOLA SIMON MWANSA KAWEPEWE INTERNATIONAL, ZA",-12.9833333,28.65,1270.1,8/16/1987,47.2,5,0,,999.9,,82.4,*,54, ,9.9,,0,A,9999.9,0,999.9,,999.9,0,66.3,5,9.1,5,3.6,5
67561099999,"NDOLA SIMON MWANSA KAWEPEWE INTERNATIONAL, ZA",-12.9833333,28.65,1270.1,8/17/1987,48.4,6,0,,999.9,,86, ,55.2, ,11.1,,0,A,9999.9,0,999.9,,999.9,0,70.6,6,9,6,4.3,6
67561099999,"NDOLA SIMON MWANSA KAWEPEWE INTERNATIONAL, ZA",-12.9833333,28.65,1270.1,8/21/1987,43.4,5,0,,999.9,,80.2, ,52.2, ,14,,0,A,9999.9,0,999.9,,999.9,0,71.9,5,9.3,5,8.2,5
67561099999,"NDOLA SIMON MWANSA KAWEPEWE INTERNATIONAL, ZA",-12.9833333,28.65,1270.1,8/22/1987,45.7,5,0,,999.9,,82, ,57.2, ,8,,0,A,9999.9,0,999.9,,999.9,0,64.3,5,10.6,5,2.8,5
67561099999,"NDOLA SIMON MWANSA KAWEPEWE INTERNATIONAL, ZA",-12.9833333,28.65,1270.1,8/23/1987,43.4,4,0,,999.9,,84.2,*,52.9, ,5.1,,0,A,9999.9,0,999.9,,999.9,0,76.5,4,10.9,4,3.5,4
67561099999,"NDOLA SIMON MWANSA KAWEPEWE INTERNATIONAL, ZA",-12.9833333,28.65,1270.1,8/24/1987,47.5,6,0,,999.9,,86.4, ,55.8, ,6,,0,A,9999.9,0,999.9,,999.9,0,69,6,9.1,6,1.5,6
67561099999,"NDOLA SIMON MWANSA KAWEPEWE INTERNATIONAL, ZA",-12.9833333,28.65,1270.1,8/25/1987,48.3,5,0,,999.9,,85.5,*,58.1, ,11.1,,0,A,9999.9,0,999.9,,999.9,0,71.4,5,7.6,5,4,5
67561099999,"NDOLA SIMON MWANSA KAWEPEWE INTERNATIONAL, ZA",-12.9833333,28.65,1270.1,8/26/1987,43,5,0,,999.9,,87.6, ,57.7, ,12,,0,A,9999.9,0,999.9,,999.9,0,78.2,5,8.5,5,5.6,5
67561099999,"NDOLA SIMON MWANSA KAWEPEWE INTERNATIONAL, ZA",-12.9833333,28.65,1270.1,8/28/1987,43.2,4,0,,999.9,,86.4, ,55.8, ,12,,0,A,9999.9,0,999.9,,999.9,0,74.7,4,11.2,4,7.8,4
67561099999,"NDOLA SIMON MWANSA KAWEPEWE INTERNATIONAL, ZA",-12.9833333,28.65,1270.1,8/29/1987,43.6,5,0,,999.9,,86.9, ,55.8, ,9.9,,0,A,9999.9,0,999.9,,999.9,0,77.6,5,7.8,5,8.4,5
67561099999,"NDOLA SIMON MWANSA KAWEPEWE INTERNATIONAL, ZA",-12.9833333,28.65,1270.1,8/30/1987,48.4,7,0,,999.9,,88.3, ,58.8, ,11.1,,0,A,9999.9,0,999.9,,999.9,0,73.7,7,8.7,7,6,7
67561099999,"NDOLA SIMON MWANSA KAWEPEWE INTERNATIONAL, ZA",-12.9833333,28.65,1270.1,9/1/1987,44.5,4,0,,999.9,,91.2, ,57.6, ,9.9,,0,A,9999.9,0,999.9,,999.9,0,80.7,4,7.8,4,5.7,4
67561099999,"NDOLA SIMON MWANSA KAWEPEWE INTERNATIONAL, ZA",-12.9833333,28.65,1270.1,9/2/1987,42.5,7,0,,999.9,,94.3,*,60.1, ,15,,0,A,9999.9,0,999.9,,999.9,0,75.8,7,8,7,7.2,7
67561099999,"NDOLA SIMON MWANSA KAWEPEWE INTERNATIONAL, ZA",-12.9833333,28.65,1270.1,9/3/1987,42.9,5,0,,999.9,,90.5, ,56.3, ,9.9,,0,A,9999.9,0,999.9,,999.9,0,80.4,5,6.1,5,7,5
67561099999,"NDOLA SIMON MWANSA KAWEPEWE INTERNATIONAL, ZA",-12.9833333,28.65,1270.1,9/4/1987,37.7,5,0,,999.9,,94.1, ,56.5, ,8,,0,A,9999.9,0,999.9,,999.9,0,81.9,5,7.2,5,5.8,5
67561099999,"NDOLA SIMON MWANSA KAWEPEWE INTERNATIONAL, ZA",-12.9833333,28.65,1270.1,9/5/1987,43,5,0,,999.9,,93, ,57.2, ,11.1,,0,A,9999.9,0,999.9,,999.9,0,82.1,5,5.8,5,7,5
67561099999,"NDOLA SIMON MWANSA KAWEPEWE INTERNATIONAL, ZA",-12.9833333,28.65,1270.1,9/6/1987,45.1,5,0,,999.9,,85.5,*,60.3, ,36.9,,0,A,9999.9,0,999.9,,999.9,0,76,5,5,5,10.2,5
67561099999,"NDOLA SIMON MWANSA KAWEPEWE INTERNATIONAL, ZA",-12.9833333,28.65,1270.1,9/7/1987,45.2,7,0,,999.9,,84.7, ,57.2, ,15,,0,A,9999.9,0,999.9,,999.9,0,72.2,7,8.1,7,7.1,7
67561099999,"NDOLA SIMON MWANSA KAWEPEWE INTERNATIONAL, ZA",-12.9833333,28.65,1270.1,9/8/1987,44.6,4,0,,999.9,,78.3,*,58.1, ,6,,0,A,9999.9,0,999.9,,999.9,0,66.5,4,8.5,4,5.1,4
67561099999,"NDOLA SIMON MWANSA KAWEPEWE INTERNATIONAL, ZA",-12.9833333,28.65,1270.1,9/12/1987,51.2,5,0,,999.9,,89.4, ,60.3, ,8,,0,A,9999.9,0,999.9,,999.9,0,71.3,5,10.6,5,3.8,5
67561099999,"NDOLA SIMON MWANSA KAWEPEWE INTERNATIONAL, ZA",-12.9833333,28.65,1270.1,9/13/1987,49.2,5,0,,999.9,,90.1, ,59, ,6,,0,A,9999.9,0,999.9,,999.9,0,71.5,5,9.8,5,2,5
67561099999,"NDOLA SIMON MWANSA KAWEPEWE INTERNATIONAL, ZA",-12.9833333,28.65,1270.1,9/15/1987,44.9,6,0,,999.9,,90.3, ,59.9, ,7,,0,A,9999.9,0,999.9,,999.9,0,76.5,6,8.3,6,3.7,6
67561099999,"NDOLA SIMON MWANSA KAWEPEWE INTERNATIONAL, ZA",-12.9833333,28.65,1270.1,9/16/1987,41.8,5,0,,999.9,,92.5, ,57.2, ,12,,0,A,9999.9,0,999.9,,999.9,0,81.5,5,6,5,7.8,5
67561099999,"NDOLA SIMON MWANSA KAWEPEWE INTERNATIONAL, ZA",-12.9833333,28.65,1270.1,9/17/1987,43.9,5,0,,999.9,,89.4, ,58.8, ,15,,0,A,9999.9,0,999.9,,999.9,0,80.9,5,8,5,11.4,5
67561099999,"NDOLA SIMON MWANSA KAWEPEWE INTERNATIONAL, ZA",-12.9833333,28.65,1270.1,9/18/1987,48.9,4,0,,999.9,,82.4, ,63.3, ,15,,0,A,9999.9,0,999.9,,999.9,0,74.8,4,6.2,4,10,4
67561099999,"NDOLA SIMON MWANSA KAWEPEWE INTERNATIONAL, ZA",-12.9833333,28.65,1270.1,9/19/1987,48.6,6,0,,999.9,,82.4,*,57.4, ,9.9,,0,A,9999.9,0,999.9,,999.9,0,71.5,6,10.4,6,4.8,6
67561099999,"NDOLA SIMON MWANSA KAWEPEWE INTERNATIONAL, ZA",-12.9833333,28.65,1270.1,9/22/1987,47.3,7,0,,999.9,,92.1, ,59.7, ,12,,0,A,9999.9,0,999.9,,999.9,0,77.7,7,7.9,7,8.8,6
67561099999,"NDOLA SIMON MWANSA KAWEPEWE INTERNATIONAL, ZA",-12.9833333,28.65,1270.1,9/23/1987,49.3,5,0,,999.9,,90.3, ,62.1, ,12,,0,A,9999.9,0,999.9,,999.9,0,82,5,8.1,5,7.2,5
67561099999,"NDOLA SIMON MWANSA KAWEPEWE INTERNATIONAL, ZA",-12.9833333,28.65,1270.1,9/24/1987,41.2,4,0,,999.9,,93.9, ,79.2,*,7,,0,I,9999.9,0,999.9,,999.9,0,87.7,4,9.3,4,6.5,4
67561099999,"NDOLA SIMON MWANSA KAWEPEWE INTERNATIONAL, ZA",-12.9833333,28.65,1270.1,9/25/1987,48.3,6,0,,999.9,,91.8,*,59.4, ,8,,0,A,9999.9,0,999.9,,999.9,0,77.8,6,8.3,6,3.6,6
67561099999,"NDOLA SIMON MWANSA KAWEPEWE INTERNATIONAL, ZA",-12.9833333,28.65,1270.1,9/29/1987,60.1,4,0,,999.9,,82.4,*,64.9, ,11.1,,0.12,G,9999.9,0,999.9,,999.9,0,75.2,4,9.5,4,7.5,4
67561099999,"NDOLA SIMON MWANSA KAWEPEWE INTERNATIONAL, ZA",-12.9833333,28.65,1270.1,9/30/1987,57.8,4,10010,,999.9,,78.4,*,63.5, ,6,,0,G,9999.9,0,999.9,,999.9,0,74.3,4,7.6,4,3.7,4
67561099999,"NDOLA SIMON MWANSA KAWEPEWE INTERNATIONAL, ZA",-12.9833333,28.65,1270.1,10/3/1987,59.5,4,10000,,999.9,,68.5, ,64, ,13,,0.01,G,9999.9,0,999.9,,999.9,0,66.1,4,13.2,4,12.3,4
67561099999,"NDOLA SIMON MWANSA KAWEPEWE INTERNATIONAL, ZA",-12.9833333,28.65,1270.1,10/8/1987,44.9,5,0,,999.9,,93.2, ,55.9, ,12,,0,A,9999.9,0,999.9,,999.9,0,83.4,5,14.9,5,7,5
67561099999,"NDOLA SIMON MWANSA KAWEPEWE INTERNATIONAL, ZA",-12.9833333,28.65,1270.1,10/9/1987,45.8,6,0,,999.9,,93.7, ,59.7, ,9.9,,0,A,9999.9,0,999.9,,999.9,0,80.9,6,11.4,6,5.9,5
67561099999,"NDOLA SIMON MWANSA KAWEPEWE INTERNATIONAL, ZA",-12.9833333,28.65,1270.1,10/12/1987,51.6,5,0,,999.9,,92.3, ,63.5, ,14,,0,A,9999.9,0,999.9,,999.9,0,82.7,5,8.6,5,7.4,5
67561099999,"NDOLA SIMON MWANSA KAWEPEWE INTERNATIONAL, ZA",-12.9833333,28.65,1270.1,10/14/1987,49.1,4,0,,999.9,,89.1,*,61.5, ,12,,0,A,9999.9,0,999.9,,999.9,0,83.8,4,9.3,4,9,4
67561099999,"NDOLA SIMON MWANSA KAWEPEWE INTERNATIONAL, ZA",-12.9833333,28.65,1270.1,10/17/1987,54.4,5,0,,999.9,,87.4, ,64.2, ,14,,0.01,G,9999.9,0,999.9,,999.9,0,79.1,5,16.8,5,8.2,5
67561099999,"NDOLA SIMON MWANSA KAWEPEWE INTERNATIONAL, ZA",-12.9833333,28.65,1270.1,10/19/1987,41.7,5,0,,999.9,,88.2,*,57.4, ,9.9,,0,A,9999.9,0,999.9,,999.9,0,76.4,5,16.2,5,5.4,5
67561099999,"NDOLA SIMON MWANSA KAWEPEWE INTERNATIONAL, ZA",-12.9833333,28.65,1270.1,10/20/1987,41.7,5,0,,999.9,,92.3, ,55.4, ,9.9,,0,B,9999.9,0,999.9,,999.9,0,79.3,5,13,5,7.5,5
67561099999,"NDOLA SIMON MWANSA KAWEPEWE INTERNATIONAL, ZA",-12.9833333,28.65,1270.1,10/21/1987,44.7,7,0,,999.9,,88.5, ,61, ,6,,0,A,9999.9,0,999.9,,999.9,0,76.3,7,15.5,7,3.4,7
67561099999,"NDOLA SIMON MWANSA KAWEPEWE INTERNATIONAL, ZA",-12.9833333,28.65,1270.1,10/22/1987,46.1,5,0,,999.9,,89.4, ,57.9, ,7,,0,A,9999.9,0,999.9,,999.9,0,82.2,5,10.4,5,4.2,5
67561099999,"NDOLA SIMON MWANSA KAWEPEWE INTERNATIONAL, ZA",-12.9833333,28.65,1270.1,10/23/1987,45.5,4,0,,999.9,,89.4,*,61.9, ,8,,0,A,9999.9,0,999.9,,999.9,0,83.6,4,16.3,4,5,4
67561099999,"NDOLA SIMON MWANSA KAWEPEWE INTERNATIONAL, ZA",-12.9833333,28.65,1270.1,10/24/1987,49.3,4,0,,999.9,,91.4, ,59.2, ,14,,0,A,9999.9,0,999.9,,999.9,0,83.1,4,14.8,4,6.8,4
67561099999,"NDOLA SIMON MWANSA KAWEPEWE INTERNATIONAL, ZA",-12.9833333,28.65,1270.1,10/25/1987,48.3,5,0,,999.9,,87.8,*,59.7, ,8.9,,0,A,9999.9,0,999.9,,999.9,0,74.7,5,11.2,5,4.2,5
67561099999,"NDOLA SIMON MWANSA KAWEPEWE INTERNATIONAL, ZA",-12.9833333,28.65,1270.1,10/26/1987,59.3,5,10010,,999.9,,89.6, ,63.9, ,12,,0.04,G,9999.9,0,999.9,,999.9,0,74.6,5,7,5,5.1,5
67561099999,"NDOLA SIMON MWANSA KAWEPEWE INTERNATIONAL, ZA",-12.9833333,28.65,1270.1,10/27/1987,59.7,5,10010,,999.9,,91.6, ,61.7, ,7,,0.43,G,9999.9,0,999.9,,999.9,0,77.7,5,13,5,4.2,5
67561099999,"NDOLA SIMON MWANSA KAWEPEWE INTERNATIONAL, ZA",-12.9833333,28.65,1270.1,10/28/1987,55.9,4,0,,999.9,,90.1,*,63.9, ,9.9,,0.04,G,9999.9,0,999.9,,999.9,0,85.6,4,16.3,4,6.9,4
67561099999,"NDOLA SIMON MWANSA KAWEPEWE INTERNATIONAL, ZA",-12.9833333,28.65,1270.1,10/29/1987,52.2,7,0,,999.9,,94.8, ,62.8, ,19,,0,G,9999.9,0,999.9,,999.9,0,80.9,7,17.8,7,9.9,7
67561099999,"NDOLA SIMON MWANSA KAWEPEWE INTERNATIONAL, ZA",-12.9833333,28.65,1270.1,10/30/1987,46.9,4,0,,999.9,,90.3,*,65.5, ,13,,0,A,9999.9,0,999.9,,999.9,0,84.1,4,14.3,4,10,4
67561099999,"NDOLA SIMON MWANSA KAWEPEWE INTERNATIONAL, ZA",-12.9833333,28.65,1270.1,11/3/1987,55.2,4,0,,999.9,,90.3,*,64, ,12,,0,A,9999.9,0,999.9,,999.9,0,86.5,4,16.3,4,7.2,4
67561099999,"NDOLA SIMON MWANSA KAWEPEWE INTERNATIONAL, ZA",-12.9833333,28.65,1270.1,11/5/1987,45.3,4,0,,999.9,,92.1,*,69.6, ,9.9,,0,A,9999.9,0,999.9,,999.9,0,88.1,4,17.1,4,7.7,4
67561099999,"NDOLA SIMON MWANSA KAWEPEWE INTERNATIONAL, ZA",-12.9833333,28.65,1270.1,11/7/1987,57.4,5,10,,999.9,,88.9, ,65.1, ,9.9,,0.04,G,9999.9,0,999.9,,999.9,0,78.3,5,12.4,5,4.8,5
67561099999,"NDOLA SIMON MWANSA KAWEPEWE INTERNATIONAL, ZA",-12.9833333,28.65,1270.1,11/13/1987,48.2,4,0,,999.9,,90,*,65.8,*,9.9,,0,I,9999.9,0,999.9,,999.9,0,76.4,4,17.1,4,6.7,4
67561099999,"NDOLA SIMON MWANSA KAWEPEWE INTERNATIONAL, ZA",-12.9833333,28.65,1270.1,11/16/1987,47.2,5,0,,999.9,,95.9, ,65.3,*,6,,0,I,9999.9,0,999.9,,999.9,0,81.5,5,18.6,5,4.8,5
67561099999,"NDOLA SIMON MWANSA KAWEPEWE INTERNATIONAL, ZA",-12.9833333,28.65,1270.1,11/20/1987,51.4,5,0,,999.9,,95.5, ,62.8, ,8,,0,A,9999.9,0,999.9,,999.9,0,85.4,5,13,5,5.4,5
67561099999,"NDOLA SIMON MWANSA KAWEPEWE INTERNATIONAL, ZA",-12.9833333,28.65,1270.1,11/23/1987,55.3,4,0,,999.9,,91.4, ,68.4, ,8,,0,A,9999.9,0,999.9,,999.9,0,84.2,4,18.6,4,6.2,4
67561099999,"NDOLA SIMON MWANSA KAWEPEWE INTERNATIONAL, ZA",-12.9833333,28.65,1270.1,11/24/1987,57.8,5,0,,999.9,,88.9,*,72.9,*,8.9,,0,I,9999.9,0,999.9,,999.9,0,80.9,5,21.1,5,3.8,5
67561099999,"NDOLA SIMON MWANSA KAWEPEWE INTERNATIONAL, ZA",-12.9833333,28.65,1270.1,11/26/1987,63,4,10010,,999.9,,81.9,*,63.5,*,7,,0.83,G,9999.9,0,999.9,,999.9,0,74.5,4,11.3,4,5.2,4
67561099999,"NDOLA SIMON MWANSA KAWEPEWE INTERNATIONAL, ZA",-12.9833333,28.65,1270.1,11/27/1987,63.6,4,10010,,999.9,,85.6, ,67.1,*,2.9,,0,G,9999.9,0,999.9,,999.9,0,74.8,4,13.7,4,1.9,4
67561099999,"NDOLA SIMON MWANSA KAWEPEWE INTERNATIONAL, ZA",-12.9833333,28.65,1270.1,11/29/1987,62.3,4,10010,,999.9,,86, ,63.7, ,12,,0.28,G,9999.9,0,999.9,,999.9,0,75.8,4,16.3,4,8,4
67561099999,"NDOLA SIMON MWANSA KAWEPEWE INTERNATIONAL, ZA",-12.9833333,28.65,1270.1,12/1/1987,64.1,4,10010,,999.9,,80.6,*,63.5, ,7,,0.75,G,9999.9,0,999.9,,999.9,0,73.5,4,14.8,4,3,4
67561099999,"NDOLA SIMON MWANSA KAWEPEWE INTERNATIONAL, ZA",-12.9833333,28.65,1270.1,12/2/1987,61.7,5,10,,999.9,,86,*,63.3, ,8,,0,G,9999.9,0,999.9,,999.9,0,73.8,6,18.6,6,5,6
67561099999,"NDOLA SIMON MWANSA KAWEPEWE INTERNATIONAL, ZA",-12.9833333,28.65,1270.1,12/27/1987,62.1,4,10,,999.9,,83.1,*,65.3, ,8.9,,0,A,9999.9,0,999.9,,999.9,0,78.2,4,10.4,4,5.2,4
67561099999,"NDOLA SIMON MWANSA KAWEPEWE INTERNATIONAL, ZA",-12.9833333,28.65,1270.1,12/29/1987,63.9,5,10010,,999.9,,79.3,*,64.9, ,5.1,,0.16,G,9999.9,0,999.9,,999.9,0,69.8,5,14,4,4.7,5
67561099999,"NDOLA SIMON MWANSA KAWEPEWE INTERNATIONAL, ZA",-12.9833333,28.65,1270.1,12/30/1987,64.5,4,10010,,999.9,,82.9,*,64.6, ,8,,0.01,G,9999.9,0,999.9,,999.9,0,75.8,4,18.6,4,5.5,4
67561099999,"NDOLA SIMON MWANSA KAWEPEWE INTERNATIONAL, ZA",-12.9833333,28.65,1270.1,12/31/1987,65.9,4,10010,,999.9,,75.2,*,64.4, ,5.1,,0,G,9999.9,0,999.9,,999.9,0,69.8,4,11.5,4,4,4
67561099999,"NDOLA SIMON MWANSA KAWEPEWE INTERNATIONAL, ZA",-12.9833333,28.65,1270.1,1/1/1988,64.4,4,10010,,999.9,,75.2,*,64, ,13,,0.28,G,9999.9,0,999.9,,999.9,0,70,4,16.3,4,6.8,4
67561099999,"NDOLA SIMON MWANSA KAWEPEWE INTERNATIONAL, ZA",-12.9833333,28.65,1270.1,1/2/1988,59.8,5,0,,999.9,,82,*,59.9, ,12,,0.16,G,9999.9,0,999.9,,999.9,0,71.2,5,18.6,5,6.4,5
67561099999,"NDOLA SIMON MWANSA KAWEPEWE INTERNATIONAL, ZA",-12.9833333,28.65,1270.1,1/8/1988,61.6,4,10,,999.9,,79.5,*,64.4, ,999.9,,0,G,9999.9,0,999.9,,999.9,0,74.4,4,999.9,0,999.9,0
67561099999,"NDOLA SIMON MWANSA KAWEPEWE INTERNATIONAL, ZA",-12.9833333,28.65,1270.1,1/14/1988,68.5,4,10010,,999.9,,84.2, ,67.6, ,11.1,,0.59,G,9999.9,0,999.9,,999.9,0,71.5,4,13.2,4,4.8,4
67561099999,"NDOLA SIMON MWANSA KAWEPEWE INTERNATIONAL, ZA",-12.9833333,28.65,1270.1,1/15/1988,65.7,4,10000,,999.9,,78.6,*,64.9, ,2.9,,1.06,G,9999.9,0,999.9,,999.9,0,71.2,4,16.3,4,1.7,4
67561099999,"NDOLA SIMON MWANSA KAWEPEWE INTERNATIONAL, ZA",-12.9833333,28.65,1270.1,1/16/1988,63.4,5,10000,,999.9,,78.8,*,64.8, ,5.1,,0.04,G,9999.9,0,999.9,,999.9,0,72.1,5,18.6,5,3.6,5
67561099999,"NDOLA SIMON MWANSA KAWEPEWE INTERNATIONAL, ZA",-12.9833333,28.65,1270.1,1/19/1988,64.8,6,10,,999.9,,81.9, ,63.7, ,4.1,,0.43,G,9999.9,0,999.9,,999.9,0,70,6,13.5,6,2.5,6
67561099999,"NDOLA SIMON MWANSA KAWEPEWE INTERNATIONAL, ZA",-12.9833333,28.65,1270.1,1/20/1988,65.2,6,10000,,999.9,,79.7, ,64.2, ,4.1,,0,G,9999.9,0,999.9,,999.9,0,70.5,7,14.6,7,1.3,6
67561099999,"NDOLA SIMON MWANSA KAWEPEWE INTERNATIONAL, ZA",-12.9833333,28.65,1270.1,1/22/1988,64.8,4,110010,,999.9,,73.4,*,62.1, ,7,,0.43,G,9999.9,0,999.9,,999.9,0,68.4,4,7.8,4,3,4
67561099999,"NDOLA SIMON MWANSA KAWEPEWE INTERNATIONAL, ZA",-12.9833333,28.65,1270.1,1/23/1988,64.9,5,10010,,999.9,,79.3, ,64.4, ,5.1,,0.2,G,9999.9,0,999.9,,999.9,0,70.4,5,10.7,5,1,5
67561099999,"NDOLA SIMON MWANSA KAWEPEWE INTERNATIONAL, ZA",-12.9833333,28.65,1270.1,1/24/1988,65,5,110010,,999.9,,74.7,*,64.9, ,7,,0.55,G,9999.9,0,999.9,,999.9,0,70.2,5,9.9,5,2.2,5
67561099999,"NDOLA SIMON MWANSA KAWEPEWE INTERNATIONAL, ZA",-12.9833333,28.65,1270.1,1/25/1988,65.3,4,10,,999.9,,74.7,*,63.3, ,8.9,,0,G,9999.9,0,999.9,,999.9,0,68.3,4,9.3,4,5.2,4
67561099999,"NDOLA SIMON MWANSA KAWEPEWE INTERNATIONAL, ZA",-12.9833333,28.65,1270.1,1/26/1988,64,5,10000,,999.9,,75.9, ,64.8, ,4.1,,0.47,G,9999.9,0,999.9,,999.9,0,69.5,5,11,5,2.2,5
67561099999,"NDOLA SIMON MWANSA KAWEPEWE INTERNATIONAL, ZA",-12.9833333,28.65,1270.1,1/28/1988,64.6,5,10010,,999.9,,81, ,62.2, ,7,,0.83,G,9999.9,0,999.9,,999.9,0,69.8,5,10.6,5,1.4,5
67561099999,"NDOLA SIMON MWANSA KAWEPEWE INTERNATIONAL, ZA",-12.9833333,28.65,1270.1,1/29/1988,63.8,5,10000,,999.9,,69.1,*,62.2, ,7,,1.5,G,9999.9,0,999.9,,999.9,0,66.3,5,7.6,4,4.2,5
67561099999,"NDOLA SIMON MWANSA KAWEPEWE INTERNATIONAL, ZA",-12.9833333,28.65,1270.1,1/30/1988,62.2,4,0,,999.9,,80.2,*,61.9, ,8,,0.75,G,9999.9,0,999.9,,999.9,0,74.9,4,17.1,4,5,4
67561099999,"NDOLA SIMON MWANSA KAWEPEWE INTERNATIONAL, ZA",-12.9833333,28.65,1270.1,1/31/1988,62.3,7,100010,,999.9,,85.1, ,61.2, ,4.1,,0,G,9999.9,0,999.9,,999.9,0,69.7,7,9.2,6,2.9,7
67561099999,"NDOLA SIMON MWANSA KAWEPEWE INTERNATIONAL, ZA",-12.9833333,28.65,1270.1,2/3/1988,63.6,4,10000,,999.9,,83.1, ,60.1, ,7,,99.99, ,9999.9,0,999.9,,999.9,0,72.4,4,17.1,4,4.2,4
67561099999,"NDOLA SIMON MWANSA KAWEPEWE INTERNATIONAL, ZA",-12.9833333,28.65,1270.1,2/4/1988,63.7,5,10,,999.9,,82.8,*,62.1, ,999.9,,0.28,G,9999.9,0,999.9,,999.9,0,69.4,5,17.4,5,0,5
67561099999,"NDOLA SIMON MWANSA KAWEPEWE INTERNATIONAL, ZA",-12.9833333,28.65,1270.1,2/6/1988,65,7,10010,,999.9,,78.3,*,64.9,*,4.1,,0.39,G,9999.9,0,999.9,,999.9,0,69.4,7,7.5,7,1,7
67561099999,"NDOLA SIMON MWANSA KAWEPEWE INTERNATIONAL, ZA",-12.9833333,28.65,1270.1,3/16/1988,65.4,4,10010,,999.9,,70,*,65.1,*,7,,0.02,G,9999.9,0,999.9,,999.9,0,67.3,4,10.3,4,2.8,4
67561099999,"NDOLA SIMON MWANSA KAWEPEWE INTERNATIONAL, ZA",-12.9833333,28.65,1270.1,3/24/1988,58.6,6,0,,999.9,,78.1,*,61, ,8,,0,A,9999.9,0,999.9,,999.9,0,71.1,6,18.6,6,2.6,6
67561099999,"NDOLA SIMON MWANSA KAWEPEWE INTERNATIONAL, ZA",-12.9833333,28.65,1270.1,3/25/1988,60.5,7,0,,999.9,,83.1, ,59.4, ,8,,0,A,9999.9,0,999.9,,999.9,0,71.1,7,17.8,7,3.1,7
67561099999,"NDOLA SIMON MWANSA KAWEPEWE INTERNATIONAL, ZA",-12.9833333,28.65,1270.1,3/28/1988,55.5,5,0,,999.9,,80.1, ,64.8,*,11.1,,0,A,9999.9,0,999.9,,999.9,0,72.6,5,18.6,5,6,5
67561099999,"NDOLA SIMON MWANSA KAWEPEWE INTERNATIONAL, ZA",-12.9833333,28.65,1270.1,4/4/1988,61.3,5,0,,999.9,,86.2, ,61.5, ,12,,0,A,9999.9,0,999.9,,999.9,0,77.7,5,18.6,5,7,5
67561099999,"NDOLA SIMON MWANSA KAWEPEWE INTERNATIONAL, ZA",-12.9833333,28.65,1270.1,4/15/1988,57.3,4,0,,999.9,,81, ,56.1, ,6,,0,G,9999.9,0,999.9,,999.9,0,63.1,4,16.3,4,2.8,4
67561099999,"NDOLA SIMON MWANSA KAWEPEWE INTERNATIONAL, ZA",-12.9833333,28.65,1270.1,4/24/1988,57.9,5,0,,999.9,,85.6, ,57, ,8,,0,A,9999.9,0,999.9,,999.9,0,66.5,5,18.6,5,1.6,5
67561099999,"NDOLA SIMON MWANSA KAWEPEWE INTERNATIONAL, ZA",-12.9833333,28.65,1270.1,4/27/1988,57.3,5,0,,999.9,,83.8,*,54.7, ,7,,0,A,9999.9,0,999.9,,999.9,0,69.2,5,15.9,5,1.8,5
67561099999,"NDOLA SIMON MWANSA KAWEPEWE INTERNATIONAL, ZA",-12.9833333,28.65,1270.1,4/28/1988,60.6,4,10000,,999.9,,81,*,57.6, ,8,,0,H,9999.9,0,999.9,,999.9,0,75.7,4,999.9,0,4.5,4
67561099999,"NDOLA SIMON MWANSA KAWEPEWE INTERNATIONAL, ZA",-12.9833333,28.65,1270.1,4/29/1988,59.9,5,0,,999.9,,81.3, ,64.2, ,12,,0.2,G,9999.9,0,999.9,,999.9,0,73.2,5,18.6,5,9.2,5
67561099999,"NDOLA SIMON MWANSA KAWEPEWE INTERNATIONAL, ZA",-12.9833333,28.65,1270.1,4/30/1988,55.9,6,0,,999.9,,73.6, ,55.8, ,15,,0,G,9999.9,0,999.9,,999.9,0,64.5,7,17.8,7,7.3,6
67561099999,"NDOLA SIMON MWANSA KAWEPEWE INTERNATIONAL, ZA",-12.9833333,28.65,1270.1,5/2/1988,51.4,4,0,,999.9,,76.6, ,52.5, ,9.9,,0,A,9999.9,0,999.9,,999.9,0,66.4,4,18.6,4,6.5,4
67561099999,"NDOLA SIMON MWANSA KAWEPEWE INTERNATIONAL, ZA",-12.9833333,28.65,1270.1,5/7/1988,52.3,4,0,,999.9,,76.1,*,50.5, ,11.1,,0,I,9999.9,0,999.9,,999.9,0,70.3,4,14.8,4,10.2,4
67561099999,"NDOLA SIMON MWANSA KAWEPEWE INTERNATIONAL, ZA",-12.9833333,28.65,1270.1,5/8/1988,51.2,5,0,,999.9,,80.6, ,52.7, ,11.1,,0,A,9999.9,0,999.9,,999.9,0,70.8,5,18.6,5,7,5
67561099999,"NDOLA SIMON MWANSA KAWEPEWE INTERNATIONAL, ZA",-12.9833333,28.65,1270.1,5/12/1988,50.2,4,0,,999.9,,72.3,*,52.3, ,14,,0,A,9999.9,0,999.9,,999.9,0,65.7,4,18.6,4,8.5,4
67561099999,"NDOLA SIMON MWANSA KAWEPEWE INTERNATIONAL, ZA",-12.9833333,28.65,1270.1,5/13/1988,49.8,5,0,,999.9,,77.9, ,48.2, ,8,,0,A,9999.9,0,999.9,,999.9,0,69.4,5,18.6,5,4.8,5
67561099999,"NDOLA SIMON MWANSA KAWEPEWE INTERNATIONAL, ZA",-12.9833333,28.65,1270.1,5/19/1988,50,6,0,,999.9,,82, ,53.8, ,6,,0,A,9999.9,0,999.9,,999.9,0,69.9,6,18.6,6,3.2,6
67561099999,"NDOLA SIMON MWANSA KAWEPEWE INTERNATIONAL, ZA",-12.9833333,28.65,1270.1,5/20/1988,45.3,7,0,,999.9,,78.1,*,52.7,*,8.9,,0,A,9999.9,0,999.9,,999.9,0,67.4,7,17.8,7,3.4,7
67561099999,"NDOLA SIMON MWANSA KAWEPEWE INTERNATIONAL, ZA",-12.9833333,28.65,1270.1,5/21/1988,45.7,7,0,,999.9,,81, ,47.5,*,8,,0,A,9999.9,0,999.9,,999.9,0,65.8,7,17.8,7,3.3,7
67561099999,"NDOLA SIMON MWANSA KAWEPEWE INTERNATIONAL, ZA",-12.9833333,28.65,1270.1,5/22/1988,48,5,0,,999.9,,83.3, ,51.6, ,8.9,,0,A,9999.9,0,999.9,,999.9,0,73.6,5,17.4,5,5.8,5
67561099999,"NDOLA SIMON MWANSA KAWEPEWE INTERNATIONAL, ZA",-12.9833333,28.65,1270.1,5/23/1988,48.9,6,0,,999.9,,81.5,*,50.2, ,4.1,,0,A,9999.9,0,999.9,,999.9,0,67.8,6,17.1,6,1.4,6
67561099999,"NDOLA SIMON MWANSA KAWEPEWE INTERNATIONAL, ZA",-12.9833333,28.65,1270.1,5/24/1988,46.1,7,0,,999.9,,81, ,48, ,8,,0,A,9999.9,0,999.9,,999.9,0,62.7,7,16.7,7,2.3,7
67561099999,"NDOLA SIMON MWANSA KAWEPEWE INTERNATIONAL, ZA",-12.9833333,28.65,1270.1,5/25/1988,46,6,0,,999.9,,82.2, ,44.6, ,8.9,,0,A,9999.9,0,999.9,,999.9,0,67.5,6,17.1,6,4,5
67561099999,"NDOLA SIMON MWANSA KAWEPEWE INTERNATIONAL, ZA",-12.9833333,28.65,1270.1,5/26/1988,47.6,6,0,,999.9,,81.3, ,50.2, ,7,,0,A,9999.9,0,999.9,,999.9,0,68.8,6,17.1,6,4,6
67561099999,"NDOLA SIMON MWANSA KAWEPEWE INTERNATIONAL, ZA",-12.9833333,28.65,1270.1,5/27/1988,50.8,7,0,,999.9,,82.4, ,48.6, ,6,,0,A,9999.9,0,999.9,,999.9,0,65.2,7,15.6,7,1.4,7
67561099999,"NDOLA SIMON MWANSA KAWEPEWE INTERNATIONAL, ZA",-12.9833333,28.65,1270.1,5/29/1988,56.2,7,0,,999.9,,85.8, ,54, ,5.1,,0,A,9999.9,0,999.9,,999.9,0,69.7,7,14.1,7,2.7,7
67561099999,"NDOLA SIMON MWANSA KAWEPEWE INTERNATIONAL, ZA",-12.9833333,28.65,1270.1,5/30/1988,54.6,6,0,,999.9,,84,*,54.3, ,13,,0,A,9999.9,0,999.9,,999.9,0,69.2,7,15.1,7,5.6,7
67561099999,"NDOLA SIMON MWANSA KAWEPEWE INTERNATIONAL, ZA",-12.9833333,28.65,1270.1,5/31/1988,54.8,6,0,,999.9,,78.3,*,52.3, ,15.9,,0,A,9999.9,0,999.9,,999.9,0,67.2,6,10.9,6,7.6,6
67561099999,"NDOLA SIMON MWANSA KAWEPEWE INTERNATIONAL, ZA",-12.9833333,28.65,1270.1,6/1/1988,52.9,7,0,,999.9,,76.8, ,55.9, ,7,,0,A,9999.9,0,999.9,,999.9,0,65.4,7,16.9,7,4,6
67561099999,"NDOLA SIMON MWANSA KAWEPEWE INTERNATIONAL, ZA",-12.9833333,28.65,1270.1,6/2/1988,52.1,7,0,,999.9,,80.2, ,49.3, ,8,,0,A,9999.9,0,999.9,,999.9,0,65,7,15.5,7,2.2,7
67561099999,"NDOLA SIMON MWANSA KAWEPEWE INTERNATIONAL, ZA",-12.9833333,28.65,1270.1,6/3/1988,52.3,5,0,,999.9,,81.9, ,51.8, ,7,,0,A,9999.9,0,999.9,,999.9,0,69.1,6,17.6,6,2.2,6
67561099999,"NDOLA SIMON MWANSA KAWEPEWE INTERNATIONAL, ZA",-12.9833333,28.65,1270.1,6/4/1988,55,4,0,,999.9,,84, ,50.7, ,8.9,,0,A,9999.9,0,999.9,,999.9,0,70.4,4,15.5,4,3.3,4
67561099999,"NDOLA SIMON MWANSA KAWEPEWE INTERNATIONAL, ZA",-12.9833333,28.65,1270.1,6/5/1988,53,4,0,,999.9,,82.6,*,52.9, ,9.9,,0,A,9999.9,0,999.9,,999.9,0,76.2,4,15.5,4,3.7,4
67561099999,"NDOLA SIMON MWANSA KAWEPEWE INTERNATIONAL, ZA",-12.9833333,28.65,1270.1,6/7/1988,52.4,7,0,,999.9,,84.2, ,52.9, ,6,,0,A,9999.9,0,999.9,,999.9,0,68.3,7,12,7,2,7
67561099999,"NDOLA SIMON MWANSA KAWEPEWE INTERNATIONAL, ZA",-12.9833333,28.65,1270.1,6/8/1988,53.9,5,0,,999.9,,82.4,*,53.2, ,9.9,,0,A,9999.9,0,999.9,,999.9,0,70.5,5,9.8,5,4.6,5
67561099999,"NDOLA SIMON MWANSA KAWEPEWE INTERNATIONAL, ZA",-12.9833333,28.65,1270.1,6/9/1988,56.7,6,0,,999.9,,82.8, ,57, ,8,,0,A,9999.9,0,999.9,,999.9,0,70.3,6,13.4,6,1.7,6
67561099999,"NDOLA SIMON MWANSA KAWEPEWE INTERNATIONAL, ZA",-12.9833333,28.65,1270.1,6/10/1988,51.4,5,0,,999.9,,81.1, ,55.8, ,9.9,,0,A,9999.9,0,999.9,,999.9,0,69.8,5,14.3,5,4.6,5
67561099999,"NDOLA SIMON MWANSA KAWEPEWE INTERNATIONAL, ZA",-12.9833333,28.65,1270.1,6/14/1988,39.1,5,0,,999.9,,76.1,*,42.6, ,8.9,,0,A,9999.9,0,999.9,,999.9,0,60,5,11.2,5,2.8,5
67561099999,"NDOLA SIMON MWANSA KAWEPEWE INTERNATIONAL, ZA",-12.9833333,28.65,1270.1,6/15/1988,44.1,4,0,,999.9,,79.2,*,43.3, ,8,,0,A,9999.9,0,999.9,,999.9,0,69,4,12.9,4,3,4
67561099999,"NDOLA SIMON MWANSA KAWEPEWE INTERNATIONAL, ZA",-12.9833333,28.65,1270.1,6/16/1988,47.1,6,10000,,999.9,,79.7, ,55,*,9.9,,99.99, ,9999.9,0,999.9,,999.9,0,64,6,14,6,5.6,6
67561099999,"NDOLA SIMON MWANSA KAWEPEWE INTERNATIONAL, ZA",-12.9833333,28.65,1270.1,6/17/1988,50.4,7,0,,999.9,,68.9, ,53.1, ,13,,0,A,9999.9,0,999.9,,999.9,0,60.7,7,15.5,7,7.4,7
67561099999,"NDOLA SIMON MWANSA KAWEPEWE INTERNATIONAL, ZA",-12.9833333,28.65,1270.1,6/18/1988,50.5,7,0,,999.9,,76.6, ,48.2, ,13,,0,I,9999.9,0,999.9,,999.9,0,62.6,7,14.6,7,6.7,7
67561099999,"NDOLA SIMON MWANSA KAWEPEWE INTERNATIONAL, ZA",-12.9833333,28.65,1270.1,6/19/1988,48.6,7,0,,999.9,,79.5, ,46.2, ,5.1,,0,A,9999.9,0,999.9,,999.9,0,63.7,7,13.3,7,2,7
67561099999,"NDOLA SIMON MWANSA KAWEPEWE INTERNATIONAL, ZA",-12.9833333,28.65,1270.1,6/20/1988,49.7,8,0,,999.9,,81.1, ,47.1, ,4.1,,0,B,9999.9,0,999.9,,999.9,0,64.8,8,12.7,8,0.5,8
67561099999,"NDOLA SIMON MWANSA KAWEPEWE INTERNATIONAL, ZA",-12.9833333,28.65,1270.1,6/21/1988,47.5,6,0,,999.9,,80.6,*,48, ,6,,0,I,9999.9,0,999.9,,999.9,0,65.3,6,10.4,6,1.8,6
67561099999,"NDOLA SIMON MWANSA KAWEPEWE INTERNATIONAL, ZA",-12.9833333,28.65,1270.1,6/22/1988,47,4,0,,999.9,,81.3,*,53.6,*,8,,0,I,9999.9,0,999.9,,999.9,0,73.3,4,14,4,5.5,4
67561099999,"NDOLA SIMON MWANSA KAWEPEWE INTERNATIONAL, ZA",-12.9833333,28.65,1270.1,6/23/1988,48.7,7,0,,999.9,,81.9, ,54.3, ,12,,0,A,9999.9,0,999.9,,999.9,0,68.5,7,14.2,7,4.4,7
67561099999,"NDOLA SIMON MWANSA KAWEPEWE INTERNATIONAL, ZA",-12.9833333,28.65,1270.1,6/24/1988,50.5,7,0,,999.9,,77.4, ,51.6, ,12,,0,A,9999.9,0,999.9,,999.9,0,65.2,7,15.5,7,6.3,7
67561099999,"NDOLA SIMON MWANSA KAWEPEWE INTERNATIONAL, ZA",-12.9833333,28.65,1270.1,6/28/1988,50.3,8,0,,999.9,,83.3, ,49.1, ,2.9,,0,A,9999.9,0,999.9,,999.9,0,68,8,17.1,8,0.4,7
67561099999,"NDOLA SIMON MWANSA KAWEPEWE INTERNATIONAL, ZA",-12.9833333,28.65,1270.1,6/29/1988,50.5,4,0,,999.9,,81.9, ,68,*,6,,0,I,9999.9,0,999.9,,999.9,0,74.8,4,17.1,4,3.5,4
67561099999,"NDOLA SIMON MWANSA KAWEPEWE INTERNATIONAL, ZA",-12.9833333,28.65,1270.1,6/30/1988,52.2,5,0,,999.9,,77.9,*,58.6,*,7,,0,B,9999.9,0,999.9,,999.9,0,65.4,5,15.1,4,2,5
67561099999,"NDOLA SIMON MWANSA KAWEPEWE INTERNATIONAL, ZA",-12.9833333,28.65,1270.1,7/1/1988,54,4,0,,999.9,,79.5, ,66.9,*,6,,0,I,9999.9,0,999.9,,999.9,0,72.8,4,14.8,4,5.2,4
67561099999,"NDOLA SIMON MWANSA KAWEPEWE INTERNATIONAL, ZA",-12.9833333,28.65,1270.1,7/2/1988,53.6,5,100000,,999.9,,82.4, ,52, ,6,,0,B,9999.9,0,999.9,,999.9,0,57.7,5,7.1,5,2,5
67561099999,"NDOLA SIMON MWANSA KAWEPEWE INTERNATIONAL, ZA",-12.9833333,28.65,1270.1,7/3/1988,51.5,4,0,,999.9,,76.6,*,52.2, ,4.1,,0,A,9999.9,0,999.9,,999.9,0,71.2,4,12.7,4,1,4
67561099999,"NDOLA SIMON MWANSA KAWEPEWE INTERNATIONAL, ZA",-12.9833333,28.65,1270.1,7/6/1988,43.3,6,0,,999.9,,79.3, ,53.6, ,13,,0,A,9999.9,0,999.9,,999.9,0,69.7,6,15.5,6,9,6
67561099999,"NDOLA SIMON MWANSA KAWEPEWE INTERNATIONAL, ZA",-12.9833333,28.65,1270.1,7/7/1988,43,6,0,,999.9,,77.5, ,48.9, ,7,,0,A,9999.9,0,999.9,,999.9,0,63.5,6,15,6,4,6
67561099999,"NDOLA SIMON MWANSA KAWEPEWE INTERNATIONAL, ZA",-12.9833333,28.65,1270.1,7/8/1988,42.7,7,0,,999.9,,78.3, ,45.5, ,5.1,,0,A,9999.9,0,999.9,,999.9,0,62.2,7,11.9,7,2,7
67561099999,"NDOLA SIMON MWANSA KAWEPEWE INTERNATIONAL, ZA",-12.9833333,28.65,1270.1,7/9/1988,43.9,6,0,,999.9,,80.8, ,44.1, ,8.9,,0,A,9999.9,0,999.9,,999.9,0,61.2,6,10.9,6,2.3,6
67561099999,"NDOLA SIMON MWANSA KAWEPEWE INTERNATIONAL, ZA",-12.9833333,28.65,1270.1,7/10/1988,43.7,6,0,,999.9,,83.1, ,43.9, ,7,,0,I,9999.9,0,999.9,,999.9,0,61.6,6,6.3,6,2,6
67561099999,"NDOLA SIMON MWANSA KAWEPEWE INTERNATIONAL, ZA",-12.9833333,28.65,1270.1,7/11/1988,45.4,6,0,,999.9,,84, ,48.2, ,8,,0,A,9999.9,0,999.9,,999.9,0,63.9,6,6.8,6,3.3,6
67561099999,"NDOLA SIMON MWANSA KAWEPEWE INTERNATIONAL, ZA",-12.9833333,28.65,1270.1,7/12/1988,45,6,0,,999.9,,80.2, ,49.8, ,5.1,,0,A,9999.9,0,999.9,,999.9,0,66.6,6,7.8,6,3,6
67561099999,"NDOLA SIMON MWANSA KAWEPEWE INTERNATIONAL, ZA",-12.9833333,28.65,1270.1,7/13/1988,45.7,6,100000,,999.9,,78.4, ,45, ,8.9,,0,A,9999.9,0,999.9,,999.9,0,63.7,6,10.4,6,3.3,6
67561099999,"NDOLA SIMON MWANSA KAWEPEWE INTERNATIONAL, ZA",-12.9833333,28.65,1270.1,7/14/1988,39.1,6,0,,999.9,,76.6, ,46.6, ,9.9,,0,A,9999.9,0,999.9,,999.9,0,60.4,6,10.4,6,3.8,6
67561099999,"NDOLA SIMON MWANSA KAWEPEWE INTERNATIONAL, ZA",-12.9833333,28.65,1270.1,7/15/1988,39.1,6,0,,999.9,,72.9, ,45, ,13,,0,A,9999.9,0,999.9,,999.9,0,60.3,6,15.5,6,8,6
67561099999,"NDOLA SIMON MWANSA KAWEPEWE INTERNATIONAL, ZA",-12.9833333,28.65,1270.1,7/16/1988,40.3,5,0,,999.9,,74.3, ,42.3, ,8.9,,0,A,9999.9,0,999.9,,999.9,0,56.9,6,14.5,6,3.8,6
67561099999,"NDOLA SIMON MWANSA KAWEPEWE INTERNATIONAL, ZA",-12.9833333,28.65,1270.1,7/17/1988,46.3,5,0,,999.9,,76.6, ,45.7, ,9.9,,0,A,9999.9,0,999.9,,999.9,0,64,5,12.4,5,5.6,5
67561099999,"NDOLA SIMON MWANSA KAWEPEWE INTERNATIONAL, ZA",-12.9833333,28.65,1270.1,7/18/1988,45.6,6,0,,999.9,,82.4, ,45.3, ,5.1,,0,A,9999.9,0,999.9,,999.9,0,60.7,6,9.2,6,1.2,6
67561099999,"NDOLA SIMON MWANSA KAWEPEWE INTERNATIONAL, ZA",-12.9833333,28.65,1270.1,7/19/1988,49.6,6,0,,999.9,,83.1,*,49.6, ,4.1,,0,A,9999.9,0,999.9,,999.9,0,67.8,6,8.5,6,1.2,6
67561099999,"NDOLA SIMON MWANSA KAWEPEWE INTERNATIONAL, ZA",-12.9833333,28.65,1270.1,7/20/1988,49.9,6,0,,999.9,,85.8, ,51.4, ,6,,0,A,9999.9,0,999.9,,999.9,0,71,6,6.8,6,3,6
67561099999,"NDOLA SIMON MWANSA KAWEPEWE INTERNATIONAL, ZA",-12.9833333,28.65,1270.1,7/21/1988,43.5,4,0,,999.9,,81.5,*,52.7,*,9.9,,0,I,9999.9,0,999.9,,999.9,0,73.1,4,6.2,4,6.9,4
67561099999,"NDOLA SIMON MWANSA KAWEPEWE INTERNATIONAL, ZA",-12.9833333,28.65,1270.1,7/22/1988,44.8,4,0,,999.9,,82, ,50.4, ,7,,0,A,9999.9,0,999.9,,999.9,0,71.7,4,4.7,4,3.7,4
67561099999,"NDOLA SIMON MWANSA KAWEPEWE INTERNATIONAL, ZA",-12.9833333,28.65,1270.1,7/23/1988,45.7,7,0,,999.9,,82.4, ,48.6, ,7,,0,A,9999.9,0,999.9,,999.9,0,66.8,7,6.7,7,3.9,7
67561099999,"NDOLA SIMON MWANSA KAWEPEWE INTERNATIONAL, ZA",-12.9833333,28.65,1270.1,7/24/1988,47.2,6,0,,999.9,,81.9, ,48.2, ,11.1,,0,A,9999.9,0,999.9,,999.9,0,62.8,6,6.1,6,2.8,6
67561099999,"NDOLA SIMON MWANSA KAWEPEWE INTERNATIONAL, ZA",-12.9833333,28.65,1270.1,7/25/1988,42.9,4,0,,999.9,,77.9,*,54.1,*,11.1,,0,I,9999.9,0,999.9,,999.9,0,70,4,12.4,4,5.8,4
67561099999,"NDOLA SIMON MWANSA KAWEPEWE INTERNATIONAL, ZA",-12.9833333,28.65,1270.1,7/26/1988,41.3,5,0,,999.9,,80.1, ,46.4, ,14,,0,A,9999.9,0,999.9,,999.9,0,71,5,13.4,5,8,5
67561099999,"NDOLA SIMON MWANSA KAWEPEWE INTERNATIONAL, ZA",-12.9833333,28.65,1270.1,7/27/1988,44.6,5,0,,999.9,,78.1, ,55.2,*,12,,0,A,9999.9,0,999.9,,999.9,0,67.4,6,15,6,7.8,6
67561099999,"NDOLA SIMON MWANSA KAWEPEWE INTERNATIONAL, ZA",-12.9833333,28.65,1270.1,7/28/1988,41.6,5,0,,999.9,,76.3,*,54.3,*,18.1,,0,A,9999.9,0,999.9,,999.9,0,65.3,5,13,5,10.4,5
67561099999,"NDOLA SIMON MWANSA KAWEPEWE INTERNATIONAL, ZA",-12.9833333,28.65,1270.1,7/29/1988,42.5,5,0,,999.9,,73.8,*,50.2, ,16.9,,0,A,9999.9,0,999.9,,999.9,0,65.1,5,16.2,5,9.9,5
67561099999,"NDOLA SIMON MWANSA KAWEPEWE INTERNATIONAL, ZA",-12.9833333,28.65,1270.1,7/31/1988,46.1,6,0,,999.9,,78.8,*,48.2, ,2.9,,0,A,9999.9,0,999.9,,999.9,0,64.7,6,10.1,6,0.5,6
67561099999,"NDOLA SIMON MWANSA KAWEPEWE INTERNATIONAL, ZA",-12.9833333,28.65,1270.1,8/1/1988,46.2,6,0,,999.9,,84.9, ,48.7, ,8,,0,A,9999.9,0,999.9,,999.9,0,70.7,6,7.2,6,2.7,6
67561099999,"NDOLA SIMON MWANSA KAWEPEWE INTERNATIONAL, ZA",-12.9833333,28.65,1270.1,8/2/1988,46.5,8,0,,999.9,,85.1, ,51.6, ,7,,0,A,9999.9,0,999.9,,999.9,0,70,8,9.2,8,3.5,8
67561099999,"NDOLA SIMON MWANSA KAWEPEWE INTERNATIONAL, ZA",-12.9833333,28.65,1270.1,8/3/1988,46.5,5,0,,999.9,,85.6, ,50.4, ,5.1,,0,A,9999.9,0,999.9,,999.9,0,64.3,5,7.1,5,1.8,5
67561099999,"NDOLA SIMON MWANSA KAWEPEWE INTERNATIONAL, ZA",-12.9833333,28.65,1270.1,8/4/1988,45,7,0,,999.9,,85.5, ,50.7, ,7,,0,A,9999.9,0,999.9,,999.9,0,69.2,7,7.7,7,2.3,7
67561099999,"NDOLA SIMON MWANSA KAWEPEWE INTERNATIONAL, ZA",-12.9833333,28.65,1270.1,8/5/1988,39.1,6,0,,999.9,,83.7, ,51.6, ,11.1,,0,A,9999.9,0,999.9,,999.9,0,68.4,6,9.3,6,5.1,6
67561099999,"NDOLA SIMON MWANSA KAWEPEWE INTERNATIONAL, ZA",-12.9833333,28.65,1270.1,8/6/1988,36.9,5,0,,999.9,,81.5,*,46.4, ,8,,0,A,9999.9,0,999.9,,999.9,0,68.3,5,7.8,5,2.8,5
67561099999,"NDOLA SIMON MWANSA KAWEPEWE INTERNATIONAL, ZA",-12.9833333,28.65,1270.1,8/7/1988,36.3,5,0,,999.9,,82.6, ,45, ,7,,0,A,9999.9,0,999.9,,999.9,0,68.3,5,5.2,5,3,5
67561099999,"NDOLA SIMON MWANSA KAWEPEWE INTERNATIONAL, ZA",-12.9833333,28.65,1270.1,8/8/1988,32.4,4,0,,999.9,,82,*,42.1, ,5.1,,0,A,9999.9,0,999.9,,999.9,0,69.8,4,999.9,0,3,4
67561099999,"NDOLA SIMON MWANSA KAWEPEWE INTERNATIONAL, ZA",-12.9833333,28.65,1270.1,8/9/1988,31.1,5,0,,999.9,,84.2, ,42.1, ,9.9,,0,A,9999.9,0,999.9,,999.9,0,65.3,5,4.7,5,4.4,5
67561099999,"NDOLA SIMON MWANSA KAWEPEWE INTERNATIONAL, ZA",-12.9833333,28.65,1270.1,8/10/1988,35.7,7,0,,999.9,,81.9, ,51.3, ,8.9,,0,A,9999.9,0,999.9,,999.9,0,67.9,7,4.8,7,4.9,7
67561099999,"NDOLA SIMON MWANSA KAWEPEWE INTERNATIONAL, ZA",-12.9833333,28.65,1270.1,8/11/1988,45.2,5,0,,999.9,,71.4,*,50.5,*,15,,0,A,9999.9,0,999.9,,999.9,0,60.5,5,7.2,5,7.8,5
67561099999,"NDOLA SIMON MWANSA KAWEPEWE INTERNATIONAL, ZA",-12.9833333,28.65,1270.1,8/12/1988,47.6,6,0,,999.9,,72.3,*,51.3, ,12,,0,A,9999.9,0,999.9,,999.9,0,61.1,6,16.6,6,7.3,6
67561099999,"NDOLA SIMON MWANSA KAWEPEWE INTERNATIONAL, ZA",-12.9833333,28.65,1270.1,8/13/1988,47,5,0,,999.9,,76.6,*,52.9, ,9.9,,0,A,9999.9,0,999.9,,999.9,0,67,5,15.5,5,5.2,5
67561099999,"NDOLA SIMON MWANSA KAWEPEWE INTERNATIONAL, ZA",-12.9833333,28.65,1270.1,8/15/1988,47.1,7,0,,999.9,,82.8, ,49.8, ,9.9,,0,A,9999.9,0,999.9,,999.9,0,67.6,7,16,7,4.9,7
67561099999,"NDOLA SIMON MWANSA KAWEPEWE INTERNATIONAL, ZA",-12.9833333,28.65,1270.1,8/18/1988,44.5,5,0,,999.9,,83.5, ,52.7,*,8.9,,0,I,9999.9,0,999.9,,999.9,0,69.7,5,14.3,5,3.6,5
67561099999,"NDOLA SIMON MWANSA KAWEPEWE INTERNATIONAL, ZA",-12.9833333,28.65,1270.1,8/19/1988,43.5,4,0,,999.9,,80.2, ,66.2,*,8,,0,I,9999.9,0,999.9,,999.9,0,72.8,4,10.1,4,5,4
67561099999,"NDOLA SIMON MWANSA KAWEPEWE INTERNATIONAL, ZA",-12.9833333,28.65,1270.1,8/20/1988,44.3,7,0,,999.9,,79,*,48, ,9.9,,0,A,9999.9,0,999.9,,999.9,0,65.2,7,8.3,7,3.5,7
67561099999,"NDOLA SIMON MWANSA KAWEPEWE INTERNATIONAL, ZA",-12.9833333,28.65,1270.1,8/21/1988,44.7,5,0,,999.9,,81, ,69.8,*,6,,0,I,9999.9,0,999.9,,999.9,0,75.5,5,12.6,5,4.8,5
67561099999,"NDOLA SIMON MWANSA KAWEPEWE INTERNATIONAL, ZA",-12.9833333,28.65,1270.1,8/22/1988,41.2,5,0,,999.9,,84.4, ,48.9, ,9.9,,0,A,9999.9,0,999.9,,999.9,0,74,5,12.9,5,4.2,5
67561099999,"NDOLA SIMON MWANSA KAWEPEWE INTERNATIONAL, ZA",-12.9833333,28.65,1270.1,8/23/1988,40.5,5,0,,999.9,,84.6,*,52.5, ,9.9,,0,A,9999.9,0,999.9,,999.9,0,78,5,8.7,5,6.2,5
67561099999,"NDOLA SIMON MWANSA KAWEPEWE INTERNATIONAL, ZA",-12.9833333,28.65,1270.1,8/24/1988,46.1,5,0,,999.9,,83.8, ,54.5, ,12,,0,A,9999.9,0,999.9,,999.9,0,74.1,5,6.3,5,6.4,5
67561099999,"NDOLA SIMON MWANSA KAWEPEWE INTERNATIONAL, ZA",-12.9833333,28.65,1270.1,8/25/1988,47.7,4,0,,999.9,,84.6, ,50.5, ,11.1,,0,A,9999.9,0,999.9,,999.9,0,71.7,4,10.7,4,5.3,4
67561099999,"NDOLA SIMON MWANSA KAWEPEWE INTERNATIONAL, ZA",-12.9833333,28.65,1270.1,8/26/1988,46.2,4,0,,999.9,,85.1, ,56.3, ,5.1,,0,A,9999.9,0,999.9,,999.9,0,75.7,4,10.1,4,3.7,4
67561099999,"NDOLA SIMON MWANSA KAWEPEWE INTERNATIONAL, ZA",-12.9833333,28.65,1270.1,8/27/1988,42.4,5,0,,999.9,,88.2, ,50, ,7,,0,A,9999.9,0,999.9,,999.9,0,75.6,5,8.3,5,3.6,5
67561099999,"NDOLA SIMON MWANSA KAWEPEWE INTERNATIONAL, ZA",-12.9833333,28.65,1270.1,8/28/1988,41.6,7,0,,999.9,,86.7, ,54.7, ,12,,0,A,9999.9,0,999.9,,999.9,0,72,7,7.8,6,4.1,7
67561099999,"NDOLA SIMON MWANSA KAWEPEWE INTERNATIONAL, ZA",-12.9833333,28.65,1270.1,9/2/1988,46.9,4,0,,999.9,,94.3, ,58.1, ,6,,0,A,9999.9,0,999.9,,999.9,0,81.5,4,7.9,4,3.7,4
67561099999,"NDOLA SIMON MWANSA KAWEPEWE INTERNATIONAL, ZA",-12.9833333,28.65,1270.1,9/3/1988,47.8,5,0,,999.9,,87.3,*,60.8, ,15,,0,A,9999.9,0,999.9,,999.9,0,76.2,5,9.2,5,9.8,5
67561099999,"NDOLA SIMON MWANSA KAWEPEWE INTERNATIONAL, ZA",-12.9833333,28.65,1270.1,9/4/1988,43.9,5,0,,999.9,,86.4,*,57, ,9.9,,0,A,9999.9,0,999.9,,999.9,0,75.6,5,6.1,5,7.2,5
67561099999,"NDOLA SIMON MWANSA KAWEPEWE INTERNATIONAL, ZA",-12.9833333,28.65,1270.1,9/5/1988,49,4,0,,999.9,,88.2, ,75.6,*,12,,0,A,9999.9,0,999.9,,999.9,0,81.1,4,6.2,4,7.2,4
67561099999,"NDOLA SIMON MWANSA KAWEPEWE INTERNATIONAL, ZA",-12.9833333,28.65,1270.1,9/6/1988,50.8,4,0,,999.9,,77.9,*,56.5, ,9.9,,0,A,9999.9,0,999.9,,999.9,0,66.5,4,9.3,4,5.2,4
67561099999,"NDOLA SIMON MWANSA KAWEPEWE INTERNATIONAL, ZA",-12.9833333,28.65,1270.1,9/8/1988,46.3,4,0,,999.9,,88.5, ,59.7,*,11.1,,0,I,9999.9,0,999.9,,999.9,0,68.7,4,7,4,3.5,4
67561099999,"NDOLA SIMON MWANSA KAWEPEWE INTERNATIONAL, ZA",-12.9833333,28.65,1270.1,9/9/1988,44.1,4,0,,999.9,,87.8, ,57.6, ,9.9,,0,A,9999.9,0,999.9,,999.9,0,73.8,4,5.3,4,6.7,4
67561099999,"NDOLA SIMON MWANSA KAWEPEWE INTERNATIONAL, ZA",-12.9833333,28.65,1270.1,9/10/1988,40.5,4,0,,999.9,,85.1,*,57.2, ,7,,0,A,9999.9,0,999.9,,999.9,0,79.2,4,6.5,4,2.8,4
67561099999,"NDOLA SIMON MWANSA KAWEPEWE INTERNATIONAL, ZA",-12.9833333,28.65,1270.1,9/11/1988,43.1,4,0,,999.9,,86.7,*,55, ,8,,0,A,9999.9,0,999.9,,999.9,0,77.5,4,5.3,4,5,4
67561099999,"NDOLA SIMON MWANSA KAWEPEWE INTERNATIONAL, ZA",-12.9833333,28.65,1270.1,9/12/1988,41.4,4,0,,999.9,,88.7,*,64.2,*,5.1,,0,A,9999.9,0,999.9,,999.9,0,79.6,4,7,4,2.5,4
67561099999,"NDOLA SIMON MWANSA KAWEPEWE INTERNATIONAL, ZA",-12.9833333,28.65,1270.1,9/13/1988,45.1,5,0,,999.9,,89.2, ,59, ,8.9,,0,A,9999.9,0,999.9,,999.9,0,79.1,5,5.7,5,5.2,5
67561099999,"NDOLA SIMON MWANSA KAWEPEWE INTERNATIONAL, ZA",-12.9833333,28.65,1270.1,9/14/1988,53.8,5,0,,999.9,,87.1, ,61.5, ,8.9,,0,A,9999.9,0,999.9,,999.9,0,72.1,5,7.1,5,4.8,5
67561099999,"NDOLA SIMON MWANSA KAWEPEWE INTERNATIONAL, ZA",-12.9833333,28.65,1270.1,9/15/1988,51.1,4,0,,999.9,,91, ,60.8, ,8,,0,A,9999.9,0,999.9,,999.9,0,80.3,4,6.7,4,5.5,4
67561099999,"NDOLA SIMON MWANSA KAWEPEWE INTERNATIONAL, ZA",-12.9833333,28.65,1270.1,9/16/1988,50.7,4,0,,999.9,,88.3,*,58.3, ,8,,0,A,9999.9,0,999.9,,999.9,0,81.1,4,5.4,4,4.5,4
67561099999,"NDOLA SIMON MWANSA KAWEPEWE INTERNATIONAL, ZA",-12.9833333,28.65,1270.1,9/18/1988,38.9,5,0,,999.9,,90.3, ,60.8, ,9.9,,0,A,9999.9,0,999.9,,999.9,0,81.2,5,7.2,5,7.8,5
67561099999,"NDOLA SIMON MWANSA KAWEPEWE INTERNATIONAL, ZA",-12.9833333,28.65,1270.1,9/19/1988,44.6,5,0,,999.9,,84.2,*,57.4, ,12,,0,A,9999.9,0,999.9,,999.9,0,76.9,5,5.7,5,10.2,5
67561099999,"NDOLA SIMON MWANSA KAWEPEWE INTERNATIONAL, ZA",-12.9833333,28.65,1270.1,9/21/1988,30.2,5,0,,999.9,,86.7, ,52.3, ,13,,0,A,9999.9,0,999.9,,999.9,0,78.7,5,6.8,5,7,5
67561099999,"NDOLA SIMON MWANSA KAWEPEWE INTERNATIONAL, ZA",-12.9833333,28.65,1270.1,9/22/1988,40.6,4,0,,999.9,,86,*,54, ,8,,0,A,9999.9,0,999.9,,999.9,0,79.5,4,7.6,4,6,4
67561099999,"NDOLA SIMON MWANSA KAWEPEWE INTERNATIONAL, ZA",-12.9833333,28.65,1270.1,9/23/1988,41.1,4,0,,999.9,,86.9,*,76.5,*,9.9,,0,I,9999.9,0,999.9,,999.9,0,82.6,4,6.2,4,7,4
67561099999,"NDOLA SIMON MWANSA KAWEPEWE INTERNATIONAL, ZA",-12.9833333,28.65,1270.1,9/25/1988,40.7,4,0,,999.9,,82.2,*,57.9, ,9.9,,0,A,9999.9,0,999.9,,999.9,0,69.6,4,6.1,4,6.9,4
67561099999,"NDOLA SIMON MWANSA KAWEPEWE INTERNATIONAL, ZA",-12.9833333,28.65,1270.1,9/26/1988,43.9,4,0,,999.9,,87.4,*,61.3, ,9.9,,0,A,9999.9,0,999.9,,999.9,0,81.8,4,8.5,4,5.5,4
67561099999,"NDOLA SIMON MWANSA KAWEPEWE INTERNATIONAL, ZA",-12.9833333,28.65,1270.1,9/28/1988,37.2,4,0,,999.9,,89.4, ,76.5,*,15,,0,I,9999.9,0,999.9,,999.9,0,83.4,4,5,4,10.2,4
67561099999,"NDOLA SIMON MWANSA KAWEPEWE INTERNATIONAL, ZA",-12.9833333,28.65,1270.1,9/29/1988,41,5,0,,999.9,,87.8, ,66.7,*,8.9,,0,I,9999.9,0,999.9,,999.9,0,78.8,5,6.2,5,6.4,5
67561099999,"NDOLA SIMON MWANSA KAWEPEWE INTERNATIONAL, ZA",-12.9833333,28.65,1270.1,9/30/1988,42,7,0,,999.9,,95.9,*,56.3, ,12,,0,A,9999.9,0,999.9,,999.9,0,78.1,7,8,7,5.6,7
67561099999,"NDOLA SIMON MWANSA KAWEPEWE INTERNATIONAL, ZA",-12.9833333,28.65,1270.1,10/1/1988,40.1,4,0,,999.9,,88.5,*,61.2,*,5.1,,0,I,9999.9,0,999.9,,999.9,0,80.7,4,7,4,3,4
67561099999,"NDOLA SIMON MWANSA KAWEPEWE INTERNATIONAL, ZA",-12.9833333,28.65,1270.1,10/3/1988,35.4,6,0,,999.9,,90.5,*,58.5, ,9.9,,0,A,9999.9,0,999.9,,999.9,0,76.9,6,5.8,6,3.7,6
67561099999,"NDOLA SIMON MWANSA KAWEPEWE INTERNATIONAL, ZA",-12.9833333,28.65,1270.1,10/4/1988,39.7,4,0,,999.9,,93, ,61.9, ,9.9,,0,A,9999.9,0,999.9,,999.9,0,80.2,4,4.7,4,6.9,4
67561099999,"NDOLA SIMON MWANSA KAWEPEWE INTERNATIONAL, ZA",-12.9833333,28.65,1270.1,10/5/1988,40.2,4,0,,999.9,,90.3, ,59.9, ,11.1,,0,A,9999.9,0,999.9,,999.9,0,79.7,5,7.2,5,9,5
67561099999,"NDOLA SIMON MWANSA KAWEPEWE INTERNATIONAL, ZA",-12.9833333,28.65,1270.1,10/6/1988,44.9,6,0,,999.9,,86.7,*,60.4, ,15.9,,0,A,9999.9,0,999.9,,999.9,0,75.6,6,11.4,6,8,6
67561099999,"NDOLA SIMON MWANSA KAWEPEWE INTERNATIONAL, ZA",-12.9833333,28.65,1270.1,10/8/1988,43.4,5,0,,999.9,,91.4, ,61.3,*,11.1,,0,I,9999.9,0,999.9,,999.9,0,77.9,5,15.5,5,3.4,5
67561099999,"NDOLA SIMON MWANSA KAWEPEWE INTERNATIONAL, ZA",-12.9833333,28.65,1270.1,10/9/1988,44.4,4,0,,999.9,,90,*,60.1, ,6,,0,A,9999.9,0,999.9,,999.9,0,77.2,4,14.8,4,4.5,4
67561099999,"NDOLA SIMON MWANSA KAWEPEWE INTERNATIONAL, ZA",-12.9833333,28.65,1270.1,10/10/1988,45.6,6,0,,999.9,,93.9, ,64.8,*,11.1,,0,I,9999.9,0,999.9,,999.9,0,79.9,6,12.9,6,4,6
67561099999,"NDOLA SIMON MWANSA KAWEPEWE INTERNATIONAL, ZA",-12.9833333,28.65,1270.1,10/11/1988,51.9,4,10,,999.9,,93.9, ,63.3, ,8,,0,A,9999.9,0,999.9,,999.9,0,83.1,4,9.3,4,4.8,4
67561099999,"NDOLA SIMON MWANSA KAWEPEWE INTERNATIONAL, ZA",-12.9833333,28.65,1270.1,10/12/1988,61.2,6,10010,,999.9,,83.8,*,61.5, ,7,,1.93,G,9999.9,0,999.9,,999.9,0,74.2,6,7.7,6,4.5,6
67561099999,"NDOLA SIMON MWANSA KAWEPEWE INTERNATIONAL, ZA",-12.9833333,28.65,1270.1,10/13/1988,60.3,4,0,,999.9,,80.6,*,64.9, ,8.9,,0,G,9999.9,0,999.9,,999.9,0,75.8,4,14.8,4,4.7,4
67561099999,"NDOLA SIMON MWANSA KAWEPEWE INTERNATIONAL, ZA",-12.9833333,28.65,1270.1,10/17/1988,51.8,4,0,,999.9,,89.6,*,61.7, ,11.1,,0,A,9999.9,0,999.9,,999.9,0,83.9,4,17.1,4,6,4
67561099999,"NDOLA SIMON MWANSA KAWEPEWE INTERNATIONAL, ZA",-12.9833333,28.65,1270.1,10/18/1988,53.1,6,0,,999.9,,90.5,*,63.7, ,9.9,,0,A,9999.9,0,999.9,,999.9,0,78.7,6,14.5,6,5,6
67561099999,"NDOLA SIMON MWANSA KAWEPEWE INTERNATIONAL, ZA",-12.9833333,28.65,1270.1,10/19/1988,53.6,4,0,,999.9,,91.4,*,64.2, ,11.1,,0,A,9999.9,0,999.9,,999.9,0,85.7,4,11.5,4,5,4
67561099999,"NDOLA SIMON MWANSA KAWEPEWE INTERNATIONAL, ZA",-12.9833333,28.65,1270.1,10/20/1988,50.2,4,0,,999.9,,90.9,*,67.1, ,12,,0,A,9999.9,0,999.9,,999.9,0,86,4,18.6,4,7.5,4
67561099999,"NDOLA SIMON MWANSA KAWEPEWE INTERNATIONAL, ZA",-12.9833333,28.65,1270.1,10/22/1988,58.8,4,0,,999.9,,85.1,*,62.8, ,4.1,,0,A,9999.9,0,999.9,,999.9,0,78.4,4,11.7,4,3,4
67561099999,"NDOLA SIMON MWANSA KAWEPEWE INTERNATIONAL, ZA",-12.9833333,28.65,1270.1,10/24/1988,60.6,4,0,,999.9,,84.2, ,62.1, ,9.9,,0,I,9999.9,0,999.9,,999.9,0,74.7,4,14,4,4,4
67561099999,"NDOLA SIMON MWANSA KAWEPEWE INTERNATIONAL, ZA",-12.9833333,28.65,1270.1,10/28/1988,56.1,5,0,,999.9,,89.4, ,60.1, ,15,,0,A,9999.9,0,999.9,,999.9,0,80.5,5,18.6,5,10.1,5
67561099999,"NDOLA SIMON MWANSA KAWEPEWE INTERNATIONAL, ZA",-12.9833333,28.65,1270.1,10/29/1988,52.8,4,0,,999.9,,92.5, ,64.6, ,8.9,,0,A,9999.9,0,999.9,,999.9,0,83.4,4,17.1,4,5,4
67561099999,"NDOLA SIMON MWANSA KAWEPEWE INTERNATIONAL, ZA",-12.9833333,28.65,1270.1,10/31/1988,59.5,5,0,,999.9,,78.8, ,61.7, ,8,,0.16,G,9999.9,0,999.9,,999.9,0,73.2,5,18.6,5,5.2,4
67561099999,"NDOLA SIMON MWANSA KAWEPEWE INTERNATIONAL, ZA",-12.9833333,28.65,1270.1,11/1/1988,59.7,5,0,,999.9,,85.3,*,62.2, ,7,,0,G,9999.9,0,999.9,,999.9,0,72.6,5,18,5,4.8,5
67561099999,"NDOLA SIMON MWANSA KAWEPEWE INTERNATIONAL, ZA",-12.9833333,28.65,1270.1,11/2/1988,51.8,5,0,,999.9,,89.2, ,61.5,*,12,,0,I,9999.9,0,999.9,,999.9,0,79.3,5,18,5,7.2,5
67561099999,"NDOLA SIMON MWANSA KAWEPEWE INTERNATIONAL, ZA",-12.9833333,28.65,1270.1,11/3/1988,49.7,4,0,,999.9,,92.1,*,63, ,8,,0,A,9999.9,0,999.9,,999.9,0,85.6,4,17.9,4,3.3,4
67561099999,"NDOLA SIMON MWANSA KAWEPEWE INTERNATIONAL, ZA",-12.9833333,28.65,1270.1,11/6/1988,56.9,4,10000,,999.9,,84.6,*,64.6, ,15,,0,H,9999.9,0,999.9,,999.9,0,80.2,4,15.5,4,8.8,4
67561099999,"NDOLA SIMON MWANSA KAWEPEWE INTERNATIONAL, ZA",-12.9833333,28.65,1270.1,11/7/1988,60,5,10,,999.9,,83.5,*,66, ,9.9,,0,G,9999.9,0,999.9,,999.9,0,74.9,5,16.5,5,5.6,5
67561099999,"NDOLA SIMON MWANSA KAWEPEWE INTERNATIONAL, ZA",-12.9833333,28.65,1270.1,11/8/1988,61.4,5,10000,,999.9,,78.4, ,64.8, ,8,,0,H,9999.9,0,999.9,,999.9,0,68.7,5,18,5,4.4,5
67561099999,"NDOLA SIMON MWANSA KAWEPEWE INTERNATIONAL, ZA",-12.9833333,28.65,1270.1,11/10/1988,61.3,4,10000,,999.9,,75.9,*,63.5, ,6,,0.75,G,9999.9,0,999.9,,999.9,0,70.9,4,14,4,2.5,4
67561099999,"NDOLA SIMON MWANSA KAWEPEWE INTERNATIONAL, ZA",-12.9833333,28.65,1270.1,11/11/1988,60.8,5,10000,,999.9,,73,*,62.8, ,15,,0.12,G,9999.9,0,999.9,,999.9,0,68.4,5,15.5,5,9.8,4
67561099999,"NDOLA SIMON MWANSA KAWEPEWE INTERNATIONAL, ZA",-12.9833333,28.65,1270.1,11/15/1988,54.6,4,0,,999.9,,86.9,*,61.2, ,7,,0,A,9999.9,0,999.9,,999.9,0,80.9,4,18.6,4,4,4
67561099999,"NDOLA SIMON MWANSA KAWEPEWE INTERNATIONAL, ZA",-12.9833333,28.65,1270.1,11/17/1988,52.1,4,0,,999.9,,84.9,*,62.6,*,9.9,,0,A,9999.9,0,999.9,,999.9,0,73.8,4,18.6,4,5,4
67561099999,"NDOLA SIMON MWANSA KAWEPEWE INTERNATIONAL, ZA",-12.9833333,28.65,1270.1,11/18/1988,53.7,4,0,,999.9,,81.7,*,59.4, ,8.9,,0,A,9999.9,0,999.9,,999.9,0,77.3,4,18.6,4,6,4
67561099999,"NDOLA SIMON MWANSA KAWEPEWE INTERNATIONAL, ZA",-12.9833333,28.65,1270.1,11/23/1988,59.3,5,10010,,999.9,,82.8, ,63.3, ,7,,0,H,9999.9,0,999.9,,999.9,0,72.6,5,18,5,5.4,5
67561099999,"NDOLA SIMON MWANSA KAWEPEWE INTERNATIONAL, ZA",-12.9833333,28.65,1270.1,11/24/1988,55.4,4,0,,999.9,,87.4,*,58.1, ,6,,0,I,9999.9,0,999.9,,999.9,0,80.3,4,17.9,4,4,4
67561099999,"NDOLA SIMON MWANSA KAWEPEWE INTERNATIONAL, ZA",-12.9833333,28.65,1270.1,11/25/1988,52.1,5,0,,999.9,,87.1,*,56.5, ,8.9,,0,A,9999.9,0,999.9,,999.9,0,75.8,5,18.6,5,4.9,5
67561099999,"NDOLA SIMON MWANSA KAWEPEWE INTERNATIONAL, ZA",-12.9833333,28.65,1270.1,11/26/1988,57.7,5,10,,999.9,,87.6,*,72.7,*,6,,0,A,9999.9,0,999.9,,999.9,0,80,5,16.8,5,4.2,5
67561099999,"NDOLA SIMON MWANSA KAWEPEWE INTERNATIONAL, ZA",-12.9833333,28.65,1270.1,11/28/1988,60.4,4,10010,,999.9,,81.9,*,62.8, ,4.1,,0.28,G,9999.9,0,999.9,,999.9,0,77.2,4,17.9,4,2.8,4
67561099999,"NDOLA SIMON MWANSA KAWEPEWE INTERNATIONAL, ZA",-12.9833333,28.65,1270.1,11/29/1988,59.8,6,10010,,999.9,,87.8, ,64.8, ,9.9,,0,G,9999.9,0,999.9,,999.9,0,76.2,6,18.1,6,3.2,6
67561099999,"NDOLA SIMON MWANSA KAWEPEWE INTERNATIONAL, ZA",-12.9833333,28.65,1270.1,11/30/1988,62.2,6,10000,,999.9,,83.3, ,61.9, ,4.1,,99.99, ,9999.9,0,999.9,,999.9,0,69.6,6,17.6,6,1.5,6
67561099999,"NDOLA SIMON MWANSA KAWEPEWE INTERNATIONAL, ZA",-12.9833333,28.65,1270.1,12/8/1988,61.9,5,10010,,999.9,,80.2, ,62.1, ,11.1,,2.72,G,9999.9,0,999.9,,999.9,0,66.4,5,11,4,5,5
67561099999,"NDOLA SIMON MWANSA KAWEPEWE INTERNATIONAL, ZA",-12.9833333,28.65,1270.1,12/9/1988,61.3,4,0,,999.9,,80.6, ,59.2, ,9.9,,0,G,9999.9,0,999.9,,999.9,0,72.2,4,17.9,4,7.5,4
67561099999,"NDOLA SIMON MWANSA KAWEPEWE INTERNATIONAL, ZA",-12.9833333,28.65,1270.1,12/11/1988,59.1,4,0,,999.9,,78.4,*,60.8,*,7,,0,I,9999.9,0,999.9,,999.9,0,69.5,4,18.6,4,4.3,4
67561099999,"NDOLA SIMON MWANSA KAWEPEWE INTERNATIONAL, ZA",-12.9833333,28.65,1270.1,12/12/1988,59,4,10,,999.9,,82.9,*,63, ,12,,0,A,9999.9,0,999.9,,999.9,0,77.4,5,21.7,5,5,5
67561099999,"NDOLA SIMON MWANSA KAWEPEWE INTERNATIONAL, ZA",-12.9833333,28.65,1270.1,12/21/1988,63.2,6,10010,,999.9,,82.6, ,63.3, ,5.1,,0.31,G,9999.9,0,999.9,,999.9,0,71.1,6,15.5,6,1.8,6
67561099999,"NDOLA SIMON MWANSA KAWEPEWE INTERNATIONAL, ZA",-12.9833333,28.65,1270.1,12/26/1988,66.8,4,10,,999.9,,76.1,*,62.2, ,7,,0.08,G,9999.9,0,999.9,,999.9,0,73.8,4,14.8,4,3.3,4
67561099999,"NDOLA SIMON MWANSA KAWEPEWE INTERNATIONAL, ZA",-12.9833333,28.65,1270.1,1/12/1989,61.8,4,10,,999.9,,79, ,63.3, ,9.9,,0,G,9999.9,0,999.9,,999.9,0,72.8,4,16.3,4,7.2,4
67561099999,"NDOLA SIMON MWANSA KAWEPEWE INTERNATIONAL, ZA",-12.9833333,28.65,1270.1,1/14/1989,61.4,5,10001,,999.9,,77.9, ,62.4, ,8,,3.9,G,9999.9,0,999.9,,999.9,0,69.9,6,12,6,6.3,6
67561099999,"NDOLA SIMON MWANSA KAWEPEWE INTERNATIONAL, ZA",-12.9833333,28.65,1270.1,1/15/1989,61.6,4,10000,,999.9,,77, ,61, ,8.9,,0.39,G,9999.9,0,999.9,,999.9,0,69.4,5,14.3,5,4.8,5
67561099999,"NDOLA SIMON MWANSA KAWEPEWE INTERNATIONAL, ZA",-12.9833333,28.65,1270.1,1/19/1989,62.7,4,10,,999.9,,77.9,*,61.5, ,6,,0.63,G,9999.9,0,999.9,,999.9,0,73.1,4,17.1,4,2,4
67561099999,"NDOLA SIMON MWANSA KAWEPEWE INTERNATIONAL, ZA",-12.9833333,28.65,1270.1,1/20/1989,63.5,5,0,,999.9,,84.2, ,61.3, ,4.1,,0.67,G,9999.9,0,999.9,,999.9,0,74.1,5,14.9,5,3,5
67561099999,"NDOLA SIMON MWANSA KAWEPEWE INTERNATIONAL, ZA",-12.9833333,28.65,1270.1,1/21/1989,61.4,5,10010,,999.9,,79.3,*,62.6,*,5.1,,0,G,9999.9,0,999.9,,999.9,0,71.6,5,16.2,5,2.8,5
67561099999,"NDOLA SIMON MWANSA KAWEPEWE INTERNATIONAL, ZA",-12.9833333,28.65,1270.1,1/25/1989,64.8,4,10010,,999.9,,76.5, ,63.3, ,1.9,,0.16,G,9999.9,0,999.9,,999.9,0,68.9,4,11.8,4,0.5,4
67561099999,"NDOLA SIMON MWANSA KAWEPEWE INTERNATIONAL, ZA",-12.9833333,28.65,1270.1,1/26/1989,62.6,6,10000,,999.9,,75.4,*,62.6, ,6,,1.3,G,9999.9,0,999.9,,999.9,0,68.4,6,4.5,6,2.8,6
67561099999,"NDOLA SIMON MWANSA KAWEPEWE INTERNATIONAL, ZA",-12.9833333,28.65,1270.1,1/27/1989,60.7,4,10010,,999.9,,80.4, ,60.3, ,8,,0.98,G,9999.9,0,999.9,,999.9,0,68.5,7,10.5,7,4.3,7
67561099999,"NDOLA SIMON MWANSA KAWEPEWE INTERNATIONAL, ZA",-12.9833333,28.65,1270.1,1/30/1989,65.4,5,10000,,999.9,,78.8, ,65.1,*,2.9,,99.99, ,9999.9,0,999.9,,999.9,0,71.4,5,16.2,5,0.8,5
67561099999,"NDOLA SIMON MWANSA KAWEPEWE INTERNATIONAL, ZA",-12.9833333,28.65,1270.1,1/31/1989,64.2,5,10000,,999.9,,74.3, ,63.7, ,8,,0.87,G,9999.9,0,999.9,,999.9,0,67.8,5,11.2,5,5,5
67561099999,"NDOLA SIMON MWANSA KAWEPEWE INTERNATIONAL, ZA",-12.9833333,28.65,1270.1,2/4/1989,62.6,4,10,,999.9,,79, ,65.3,*,8.9,,0,I,9999.9,0,999.9,,999.9,0,72.1,4,17.9,4,5.7,4
67561099999,"NDOLA SIMON MWANSA KAWEPEWE INTERNATIONAL, ZA",-12.9833333,28.65,1270.1,3/3/1989,61.7,4,0,,999.9,,84.4,*,61.5,*,8,,0,I,9999.9,0,999.9,,999.9,0,72.8,4,18.6,4,3.3,4
67561099999,"NDOLA SIMON MWANSA KAWEPEWE INTERNATIONAL, ZA",-12.9833333,28.65,1270.1,3/10/1989,62.5,4,0,,999.9,,75.7,*,61.5, ,7,,0.94,G,9999.9,0,999.9,,999.9,0,72.1,4,13.2,4,3,4
67561099999,"NDOLA SIMON MWANSA KAWEPEWE INTERNATIONAL, ZA",-12.9833333,28.65,1270.1,3/16/1989,63.5,4,10,,999.9,,81.7,*,60.4, ,6,,0.04,G,9999.9,0,999.9,,999.9,0,77.4,4,15.4,4,4.3,4
67561099999,"NDOLA SIMON MWANSA KAWEPEWE INTERNATIONAL, ZA",-12.9833333,28.65,1270.1,3/20/1989,64,5,10010,,999.9,,79.7, ,59.9, ,6,,0.31,G,9999.9,0,999.9,,999.9,0,72.4,5,17.4,5,4.6,5
67561099999,"NDOLA SIMON MWANSA KAWEPEWE INTERNATIONAL, ZA",-12.9833333,28.65,1270.1,3/21/1989,63.1,4,10000,,999.9,,73.8,*,64.6,*,9.9,,0,G,9999.9,0,999.9,,999.9,0,69.2,4,15.5,4,3,4
67561099999,"NDOLA SIMON MWANSA KAWEPEWE INTERNATIONAL, ZA",-12.9833333,28.65,1270.1,3/22/1989,64.4,4,10010,,999.9,,74.3,*,64.8,*,6,,0.01,G,9999.9,0,999.9,,999.9,0,69.7,4,17.1,4,3,4
67561099999,"NDOLA SIMON MWANSA KAWEPEWE INTERNATIONAL, ZA",-12.9833333,28.65,1270.1,3/25/1989,63.4,5,10110,,999.9,,79.3, ,61.5, ,4.1,,0.51,G,9999.9,0,999.9,,999.9,0,68,5,9.2,5,1.2,5
67561099999,"NDOLA SIMON MWANSA KAWEPEWE INTERNATIONAL, ZA",-12.9833333,28.65,1270.1,3/26/1989,9999.9,0,0,,999.9,,80.8, ,61, ,5.1,,0,G,9999.9,0,999.9,,999.9,0,70.3,4,16.3,4,2,4
67561099999,"NDOLA SIMON MWANSA KAWEPEWE INTERNATIONAL, ZA",-12.9833333,28.65,1270.1,3/31/1989,64.2,5,100010,,999.9,,83.3, ,62.4, ,4.1,,0.67,G,9999.9,0,999.9,,999.9,0,74.6,5,13.1,5,2.2,5
67561099999,"NDOLA SIMON MWANSA KAWEPEWE INTERNATIONAL, ZA",-12.9833333,28.65,1270.1,4/2/1989,60.8,5,0,,999.9,,78.6, ,59.7, ,9.9,,0,A,9999.9,0,999.9,,999.9,0,71,5,18,5,6.8,5
67561099999,"NDOLA SIMON MWANSA KAWEPEWE INTERNATIONAL, ZA",-12.9833333,28.65,1270.1,4/6/1989,62.5,4,10000,,999.9,,78.6,*,58.8, ,8.9,,0,G,9999.9,0,999.9,,999.9,0,73,4,17.9,4,4.2,4
67561099999,"NDOLA SIMON MWANSA KAWEPEWE INTERNATIONAL, ZA",-12.9833333,28.65,1270.1,4/9/1989,57.9,4,0,,999.9,,81.3, ,55.8, ,5.1,,0.12,G,9999.9,0,999.9,,999.9,0,73.3,4,16.3,4,3.3,4
67561099999,"NDOLA SIMON MWANSA KAWEPEWE INTERNATIONAL, ZA",-12.9833333,28.65,1270.1,4/13/1989,54.5,4,0,,999.9,,79.5,*,53.2, ,5.1,,0,A,9999.9,0,999.9,,999.9,0,74.3,4,18.6,4,2.8,4
67561099999,"NDOLA SIMON MWANSA KAWEPEWE INTERNATIONAL, ZA",-12.9833333,28.65,1270.1,4/15/1989,60.6,5,0,,999.9,,84.2, ,57, ,7,,0,A,9999.9,0,999.9,,999.9,0,76.6,5,18.6,5,4.9,5
67561099999,"NDOLA SIMON MWANSA KAWEPEWE INTERNATIONAL, ZA",-12.9833333,28.65,1270.1,4/19/1989,59.8,5,0,,999.9,,79.7, ,55.2, ,6,,0,A,9999.9,0,999.9,,999.9,0,71.9,5,18,5,4.2,5
67561099999,"NDOLA SIMON MWANSA KAWEPEWE INTERNATIONAL, ZA",-12.9833333,28.65,1270.1,4/24/1989,58.7,4,0,,999.9,,85.5, ,57.9, ,4.1,,0,A,9999.9,0,999.9,,999.9,0,63.3,4,15.4,4,1,4
67561099999,"NDOLA SIMON MWANSA KAWEPEWE INTERNATIONAL, ZA",-12.9833333,28.65,1270.1,4/27/1989,58,4,0,,999.9,,82.8, ,67.8,*,4.1,,0,I,9999.9,0,999.9,,999.9,0,75.2,4,18.6,4,2.8,4
67561099999,"NDOLA SIMON MWANSA KAWEPEWE INTERNATIONAL, ZA",-12.9833333,28.65,1270.1,4/29/1989,62,4,10000,,999.9,,80.8,*,57.7, ,8,,0,H,9999.9,0,999.9,,999.9,0,75.4,4,17.1,4,4.5,4
67561099999,"NDOLA SIMON MWANSA KAWEPEWE INTERNATIONAL, ZA",-12.9833333,28.65,1270.1,5/9/1989,54.2,4,0,,999.9,,77,*,50.7, ,8,,0,A,9999.9,0,999.9,,999.9,0,70.7,4,16.3,4,3.7,4
67561099999,"NDOLA SIMON MWANSA KAWEPEWE INTERNATIONAL, ZA",-12.9833333,28.65,1270.1,5/10/1989,46.1,4,0,,999.9,,77.7,*,47.1, ,9.9,,0,I,9999.9,0,999.9,,999.9,0,71.5,4,14.1,4,6.5,4
67561099999,"NDOLA SIMON MWANSA KAWEPEWE INTERNATIONAL, ZA",-12.9833333,28.65,1270.1,5/11/1989,48.4,5,0,,999.9,,75.2,*,47.8, ,6,,0,A,9999.9,0,999.9,,999.9,0,61.8,5,14.7,5,2.4,5
67561099999,"NDOLA SIMON MWANSA KAWEPEWE INTERNATIONAL, ZA",-12.9833333,28.65,1270.1,5/14/1989,50.1,5,0,,999.9,,83.1, ,48.7, ,4.1,,0,A,9999.9,0,999.9,,999.9,0,61,5,15.7,5,1.2,5
67561099999,"NDOLA SIMON MWANSA KAWEPEWE INTERNATIONAL, ZA",-12.9833333,28.65,1270.1,5/15/1989,53.2,4,0,,999.9,,81,*,53.4, ,12,,0,A,9999.9,0,999.9,,999.9,0,74.5,4,18.6,4,5.2,4
67561099999,"NDOLA SIMON MWANSA KAWEPEWE INTERNATIONAL, ZA",-12.9833333,28.65,1270.1,5/17/1989,50.5,4,0,,999.9,,79.9, ,50.4, ,7,,0,A,9999.9,0,999.9,,999.9,0,68.8,4,17.1,4,4.7,4
67561099999,"NDOLA SIMON MWANSA KAWEPEWE INTERNATIONAL, ZA",-12.9833333,28.65,1270.1,5/18/1989,47.2,5,0,,999.9,,79.9, ,48, ,6,,0,A,9999.9,0,999.9,,999.9,0,71.7,5,18.6,5,4,5
67561099999,"NDOLA SIMON MWANSA KAWEPEWE INTERNATIONAL, ZA",-12.9833333,28.65,1270.1,5/19/1989,53.5,4,10000,,999.9,,82.4, ,51.6, ,2.9,,0,H,9999.9,0,999.9,,999.9,0,59.3,4,18.6,4,0.7,4
67561099999,"NDOLA SIMON MWANSA KAWEPEWE INTERNATIONAL, ZA",-12.9833333,28.65,1270.1,5/23/1989,52,6,0,,999.9,,79.9,*,50.9, ,8.9,,0,A,9999.9,0,999.9,,999.9,0,67.5,6,17.1,6,4.5,6
67561099999,"NDOLA SIMON MWANSA KAWEPEWE INTERNATIONAL, ZA",-12.9833333,28.65,1270.1,5/24/1989,50.4,6,0,,999.9,,81.3, ,50.5,*,8,,0,I,9999.9,0,999.9,,999.9,0,66.9,6,18.6,6,4,5
67561099999,"NDOLA SIMON MWANSA KAWEPEWE INTERNATIONAL, ZA",-12.9833333,28.65,1270.1,5/25/1989,51.7,4,0,,999.9,,79.3, ,54.5, ,8,,0,A,9999.9,0,999.9,,999.9,0,68.9,4,17.9,4,5.2,4
67561099999,"NDOLA SIMON MWANSA KAWEPEWE INTERNATIONAL, ZA",-12.9833333,28.65,1270.1,5/29/1989,54.1,5,0,,999.9,,75.2,*,54.1, ,8,,0,A,9999.9,0,999.9,,999.9,0,64.7,5,18.6,5,3.6,5
67561099999,"NDOLA SIMON MWANSA KAWEPEWE INTERNATIONAL, ZA",-12.9833333,28.65,1270.1,5/31/1989,52.2,4,0,,999.9,,79.5,*,54, ,7,,0,A,9999.9,0,999.9,,999.9,0,63.4,4,15.5,4,2.8,4
67561099999,"NDOLA SIMON MWANSA KAWEPEWE INTERNATIONAL, ZA",-12.9833333,28.65,1270.1,6/12/1989,42.9,5,0,,999.9,,76.1, ,45.5, ,9.9,,0,A,9999.9,0,999.9,,999.9,0,66.5,5,17.4,5,8.5,5
67561099999,"NDOLA SIMON MWANSA KAWEPEWE INTERNATIONAL, ZA",-12.9833333,28.65,1270.1,6/14/1989,45.5,7,0,,999.9,,78.8,*,46.4, ,8.9,,0,A,9999.9,0,999.9,,999.9,0,62,7,16.9,7,4.3,7
67561099999,"NDOLA SIMON MWANSA KAWEPEWE INTERNATIONAL, ZA",-12.9833333,28.65,1270.1,6/15/1989,44.6,4,0,,999.9,,70.7,*,46.8, ,12,,0,A,9999.9,0,999.9,,999.9,0,65.5,4,21.7,4,8.7,4
67561099999,"NDOLA SIMON MWANSA KAWEPEWE INTERNATIONAL, ZA",-12.9833333,28.65,1270.1,6/16/1989,39.4,4,0,,999.9,,71.4, ,43.7, ,16.9,,0,A,9999.9,0,999.9,,999.9,0,59.7,4,17.9,4,10.2,4
67561099999,"NDOLA SIMON MWANSA KAWEPEWE INTERNATIONAL, ZA",-12.9833333,28.65,1270.1,6/17/1989,40.6,5,0,,999.9,,70.5,*,42.6,*,6,,0,A,9999.9,0,999.9,,999.9,0,59.6,5,15.5,5,3.6,5
67561099999,"NDOLA SIMON MWANSA KAWEPEWE INTERNATIONAL, ZA",-12.9833333,28.65,1270.1,6/19/1989,43,4,0,,999.9,,75.6,*,41.4, ,6,,0,A,9999.9,0,999.9,,999.9,0,67.9,4,14.8,4,2.5,4
67561099999,"NDOLA SIMON MWANSA KAWEPEWE INTERNATIONAL, ZA",-12.9833333,28.65,1270.1,6/23/1989,46,4,0,,999.9,,77.2,*,49.3, ,6,,0,A,9999.9,0,999.9,,999.9,0,70.8,4,17.1,4,4.8,4
67561099999,"NDOLA SIMON MWANSA KAWEPEWE INTERNATIONAL, ZA",-12.9833333,28.65,1270.1,6/26/1989,43.4,5,0,,999.9,,80.8,*,46.6, ,6,,0,A,9999.9,0,999.9,,999.9,0,68.4,5,14.9,5,4.2,5
67561099999,"NDOLA SIMON MWANSA KAWEPEWE INTERNATIONAL, ZA",-12.9833333,28.65,1270.1,6/29/1989,45.8,4,0,,999.9,,75.7,*,48.2, ,8,,0,A,9999.9,0,999.9,,999.9,0,63.8,4,15.5,4,3.2,4
67561099999,"NDOLA SIMON MWANSA KAWEPEWE INTERNATIONAL, ZA",-12.9833333,28.65,1270.1,7/1/1989,9999.9,0,0,,999.9,,83.7, ,63.7,*,5.1,,0,I,9999.9,0,999.9,,999.9,0,74.7,4,14.8,4,3,4
67561099999,"NDOLA SIMON MWANSA KAWEPEWE INTERNATIONAL, ZA",-12.9833333,28.65,1270.1,7/2/1989,39.9,5,0,,999.9,,82, ,43.7, ,8,,0,A,9999.9,0,999.9,,999.9,0,71.1,5,15.5,5,3.6,5
67561099999,"NDOLA SIMON MWANSA KAWEPEWE INTERNATIONAL, ZA",-12.9833333,28.65,1270.1,7/3/1989,41.4,5,0,,999.9,,80.6, ,40.5, ,6,,0,A,9999.9,0,999.9,,999.9,0,65,5,13,5,2,5
67561099999,"NDOLA SIMON MWANSA KAWEPEWE INTERNATIONAL, ZA",-12.9833333,28.65,1270.1,7/6/1989,41.9,4,0,,999.9,,78.1,*,45.7, ,11.1,,0,A,9999.9,0,999.9,,999.9,0,66.1,5,13.4,5,4.6,5
67561099999,"NDOLA SIMON MWANSA KAWEPEWE INTERNATIONAL, ZA",-12.9833333,28.65,1270.1,7/10/1989,44.5,6,0,,999.9,,76.6,*,43.3, ,1.9,,0,A,9999.9,0,999.9,,999.9,0,62.7,6,12.2,6,0.5,6
67561099999,"NDOLA SIMON MWANSA KAWEPEWE INTERNATIONAL, ZA",-12.9833333,28.65,1270.1,7/19/1989,44.3,6,0,,999.9,,83.7, ,47.5, ,7,,0,A,9999.9,0,999.9,,999.9,0,68.6,6,8.1,6,4.4,5
67561099999,"NDOLA SIMON MWANSA KAWEPEWE INTERNATIONAL, ZA",-12.9833333,28.65,1270.1,7/20/1989,42,5,0,,999.9,,77, ,55.9, ,15,,0,A,9999.9,0,999.9,,999.9,0,67.5,5,10.6,5,9.8,5
67561099999,"NDOLA SIMON MWANSA KAWEPEWE INTERNATIONAL, ZA",-12.9833333,28.65,1270.1,7/21/1989,43.4,4,0,,999.9,,70.2, ,45.5, ,12,,0,I,9999.9,0,999.9,,999.9,0,60,4,12.4,4,9.2,4
67561099999,"NDOLA SIMON MWANSA KAWEPEWE INTERNATIONAL, ZA",-12.9833333,28.65,1270.1,7/22/1989,44.4,7,0,,999.9,,67.5, ,46.9, ,8.9,,0,A,9999.9,0,999.9,,999.9,0,55.6,7,14.6,7,5.4,7
67561099999,"NDOLA SIMON MWANSA KAWEPEWE INTERNATIONAL, ZA",-12.9833333,28.65,1270.1,7/23/1989,40.6,4,0,,999.9,,72.5,*,40.1, ,9.9,,0,A,9999.9,0,999.9,,999.9,0,65.3,4,12.3,4,5.7,4
67561099999,"NDOLA SIMON MWANSA KAWEPEWE INTERNATIONAL, ZA",-12.9833333,28.65,1270.1,7/25/1989,41.5,4,0,,999.9,,77.9, ,44.4, ,12,,0,A,9999.9,0,999.9,,999.9,0,67.3,4,15.5,4,6,4
67561099999,"NDOLA SIMON MWANSA KAWEPEWE INTERNATIONAL, ZA",-12.9833333,28.65,1270.1,8/2/1989,38.6,5,0,,999.9,,82.2, ,49.8, ,14,,0,A,9999.9,0,999.9,,999.9,0,72.4,5,13,5,5.8,5
67561099999,"NDOLA SIMON MWANSA KAWEPEWE INTERNATIONAL, ZA",-12.9833333,28.65,1270.1,8/4/1989,37.2,5,0,,999.9,,79.2,*,50, ,9.9,,0,A,9999.9,0,999.9,,999.9,0,72.5,5,11.1,5,8,5
67561099999,"NDOLA SIMON MWANSA KAWEPEWE INTERNATIONAL, ZA",-12.9833333,28.65,1270.1,8/5/1989,42.1,7,0,,999.9,,75.9, ,49.8, ,14,,0,A,9999.9,0,999.9,,999.9,0,64.6,7,13.3,7,8,7
67561099999,"NDOLA SIMON MWANSA KAWEPEWE INTERNATIONAL, ZA",-12.9833333,28.65,1270.1,8/11/1989,47.5,4,0,,999.9,,79,*,54.7, ,12,,0,A,9999.9,0,999.9,,999.9,0,73.1,4,13.8,4,6.3,4
67561099999,"NDOLA SIMON MWANSA KAWEPEWE INTERNATIONAL, ZA",-12.9833333,28.65,1270.1,8/12/1989,49.1,4,0,,999.9,,80.1,*,57.4, ,11.1,,0,A,9999.9,0,999.9,,999.9,0,68.2,4,15.5,4,6,4
67561099999,"NDOLA SIMON MWANSA KAWEPEWE INTERNATIONAL, ZA",-12.9833333,28.65,1270.1,8/16/1989,39.2,4,0,,999.9,,78.8,*,53.6, ,30.9,,0,A,9999.9,0,999.9,,999.9,0,74.5,4,12.4,4,12.2,4
67561099999,"NDOLA SIMON MWANSA KAWEPEWE INTERNATIONAL, ZA",-12.9833333,28.65,1270.1,8/19/1989,42,4,0,,999.9,,79.5,*,50, ,12,,0,A,9999.9,0,999.9,,999.9,0,73.8,4,14.8,4,8.5,4
67561099999,"NDOLA SIMON MWANSA KAWEPEWE INTERNATIONAL, ZA",-12.9833333,28.65,1270.1,8/22/1989,44.8,4,0,,999.9,,82.4,*,50.5, ,8.9,,0,A,9999.9,0,999.9,,999.9,0,74.7,4,12.4,4,6.3,4
67561099999,"NDOLA SIMON MWANSA KAWEPEWE INTERNATIONAL, ZA",-12.9833333,28.65,1270.1,8/25/1989,42.5,5,0,,999.9,,84.6, ,51.8, ,7,,0,A,9999.9,0,999.9,,999.9,0,74.8,5,11.8,5,6.2,5
67561099999,"NDOLA SIMON MWANSA KAWEPEWE INTERNATIONAL, ZA",-12.9833333,28.65,1270.1,8/26/1989,44.2,5,0,,999.9,,85.5,*,49.1, ,6,,0,A,9999.9,0,999.9,,999.9,0,66.8,5,9.9,5,2.2,5
67561099999,"NDOLA SIMON MWANSA KAWEPEWE INTERNATIONAL, ZA",-12.9833333,28.65,1270.1,8/28/1989,34.7,4,0,,999.9,,84.6,*,49.3, ,13,,0,A,9999.9,0,999.9,,999.9,0,77.9,4,8.2,4,7.2,4
67561099999,"NDOLA SIMON MWANSA KAWEPEWE INTERNATIONAL, ZA",-12.9833333,28.65,1270.1,8/29/1989,39.7,4,0,,999.9,,84.4,*,50.9, ,9.9,,0,A,9999.9,0,999.9,,999.9,0,78.2,4,11.7,4,5,4
67561099999,"NDOLA SIMON MWANSA KAWEPEWE INTERNATIONAL, ZA",-12.9833333,28.65,1270.1,8/30/1989,40.5,5,0,,999.9,,85.1,*,49.1, ,7,,0,A,9999.9,0,999.9,,999.9,0,66.1,5,9.3,5,2.2,5
67561099999,"NDOLA SIMON MWANSA KAWEPEWE INTERNATIONAL, ZA",-12.9833333,28.65,1270.1,9/4/1989,37.6,4,0,,999.9,,86,*,64.4,*,9.9,,0,A,9999.9,0,999.9,,999.9,0,79.2,4,8.4,4,7.2,4
67561099999,"NDOLA SIMON MWANSA KAWEPEWE INTERNATIONAL, ZA",-12.9833333,28.65,1270.1,9/5/1989,39.4,4,0,,999.9,,88,*,53.6, ,6,,0,A,9999.9,0,999.9,,999.9,0,80.7,4,7.8,4,4.3,4
67561099999,"NDOLA SIMON MWANSA KAWEPEWE INTERNATIONAL, ZA",-12.9833333,28.65,1270.1,9/8/1989,50.9,5,0,,999.9,,78.4, ,56.7, ,13,,0,A,9999.9,0,999.9,,999.9,0,69.4,5,8.2,5,10,5
67561099999,"NDOLA SIMON MWANSA KAWEPEWE INTERNATIONAL, ZA",-12.9833333,28.65,1270.1,9/9/1989,46.7,4,0,,999.9,,76.1, ,58.8, ,999.9,,0,A,9999.9,0,999.9,,999.9,0,67.5,4,13.2,4,999.9,0
67561099999,"NDOLA SIMON MWANSA KAWEPEWE INTERNATIONAL, ZA",-12.9833333,28.65,1270.1,9/27/1989,49.5,4,0,,999.9,,85.8,*,57.6, ,9.9,,0,A,9999.9,0,999.9,,999.9,0,78.8,4,7.8,4,7.2,4
67561099999,"NDOLA SIMON MWANSA KAWEPEWE INTERNATIONAL, ZA",-12.9833333,28.65,1270.1,9/29/1989,34.6,4,0,,999.9,,86.7,*,51.8, ,5.1,,0,A,9999.9,0,999.9,,999.9,0,80,4,8.5,4,2.2,4
67561099999,"NDOLA SIMON MWANSA KAWEPEWE INTERNATIONAL, ZA",-12.9833333,28.65,1270.1,10/1/1989,41.4,6,0,,999.9,,90.5,*,55, ,8.9,,0,A,9999.9,0,999.9,,999.9,0,70.5,6,8.8,6,3,6
67561099999,"NDOLA SIMON MWANSA KAWEPEWE INTERNATIONAL, ZA",-12.9833333,28.65,1270.1,10/6/1989,47.5,4,0,,999.9,,92.7, ,63.3,*,9.9,,0,I,9999.9,0,999.9,,999.9,0,80.5,4,14.8,4,7.2,4
67561099999,"NDOLA SIMON MWANSA KAWEPEWE INTERNATIONAL, ZA",-12.9833333,28.65,1270.1,10/7/1989,50.2,5,0,,999.9,,91.4, ,63, ,12,,0,A,9999.9,0,999.9,,999.9,0,82.5,5,12.4,5,8.2,5
67561099999,"NDOLA SIMON MWANSA KAWEPEWE INTERNATIONAL, ZA",-12.9833333,28.65,1270.1,10/8/1989,50.7,4,0,,999.9,,88.3,*,59.9, ,9.9,,0,A,9999.9,0,999.9,,999.9,0,83.3,4,10.9,4,5.2,4
67561099999,"NDOLA SIMON MWANSA KAWEPEWE INTERNATIONAL, ZA",-12.9833333,28.65,1270.1,10/9/1989,49.5,5,0,,999.9,,92.3, ,60.8, ,9.9,,0,A,9999.9,0,999.9,,999.9,0,81.6,5,10.6,5,4.8,5
67561099999,"NDOLA SIMON MWANSA KAWEPEWE INTERNATIONAL, ZA",-12.9833333,28.65,1270.1,10/10/1989,50.4,5,0,,999.9,,95, ,60.1, ,7,,0,A,9999.9,0,999.9,,999.9,0,80.2,5,6.3,5,3.4,5
67561099999,"NDOLA SIMON MWANSA KAWEPEWE INTERNATIONAL, ZA",-12.9833333,28.65,1270.1,10/12/1989,55.1,4,0,,999.9,,80.2,*,61.3, ,14,,0,A,9999.9,0,999.9,,999.9,0,72.6,4,9,4,9.2,4
67561099999,"NDOLA SIMON MWANSA KAWEPEWE INTERNATIONAL, ZA",-12.9833333,28.65,1270.1,10/15/1989,45.5,4,0,,999.9,,88.9,*,58.3, ,9.9,,0,G,9999.9,0,999.9,,999.9,0,81.6,4,16.3,4,5.5,4
67561099999,"NDOLA SIMON MWANSA KAWEPEWE INTERNATIONAL, ZA",-12.9833333,28.65,1270.1,10/16/1989,47.1,6,0,,999.9,,88.3, ,62.6, ,8.9,,0,A,9999.9,0,999.9,,999.9,0,78.9,6,12.9,6,5.1,6
67561099999,"NDOLA SIMON MWANSA KAWEPEWE INTERNATIONAL, ZA",-12.9833333,28.65,1270.1,10/18/1989,41.6,4,0,,999.9,,88.5,*,60.4, ,9.9,,0,A,9999.9,0,999.9,,999.9,0,82.6,4,13.2,4,8.4,4
67561099999,"NDOLA SIMON MWANSA KAWEPEWE INTERNATIONAL, ZA",-12.9833333,28.65,1270.1,10/20/1989,49,5,0,,999.9,,92.3, ,56.8, ,11.1,,0,A,9999.9,0,999.9,,999.9,0,82.7,5,11.9,5,7.2,5
67561099999,"NDOLA SIMON MWANSA KAWEPEWE INTERNATIONAL, ZA",-12.9833333,28.65,1270.1,10/24/1989,56.1,5,0,,999.9,,91.9, ,65.5,*,11.1,,0,G,9999.9,0,999.9,,999.9,0,76.9,5,10.1,5,2.6,5
67561099999,"NDOLA SIMON MWANSA KAWEPEWE INTERNATIONAL, ZA",-12.9833333,28.65,1270.1,11/2/1989,48.7,6,0,,999.9,,94.5, ,60.3, ,5.1,,0,A,9999.9,0,999.9,,999.9,0,76.9,6,17.1,6,2.5,6
67561099999,"NDOLA SIMON MWANSA KAWEPEWE INTERNATIONAL, ZA",-12.9833333,28.65,1270.1,12/5/1989,61.9,4,10,,999.9,,86, ,64, ,6,,0,A,9999.9,0,999.9,,999.9,0,73,4,17.1,4,2.5,4
67561099999,"NDOLA SIMON MWANSA KAWEPEWE INTERNATIONAL, ZA",-12.9833333,28.65,1270.1,12/21/1989,61.6,4,10000,,999.9,,88.2, ,54.3,*,999.9,,99.99, ,9999.9,0,999.9,,999.9,0,66.2,4,12.7,4,999.9,0
67561099999,"NDOLA SIMON MWANSA KAWEPEWE INTERNATIONAL, ZA",-12.9833333,28.65,1270.1,12/28/1989,9999.9,0,10,,999.9,,86, ,65.3,*,6,,0,I,9999.9,0,999.9,,999.9,0,77,4,14.8,4,4.3,4
67561099999,"NDOLA SIMON MWANSA KAWEPEWE INTERNATIONAL, ZA",-12.9833333,28.65,1270.1,12/29/1989,63.2,5,10000,,999.9,,81.1,*,59.7, ,1.9,,0.87,G,9999.9,0,999.9,,999.9,0,69.2,5,15.5,5,0.8,5
67561099999,"NDOLA SIMON MWANSA KAWEPEWE INTERNATIONAL, ZA",-12.9833333,28.65,1270.1,1/2/1990,63.5,4,0,,999.9,,78.6, ,67.6,*,9.9,,0,I,9999.9,0,999.9,,999.9,0,72.5,4,16.3,4,6.5,4
67561099999,"NDOLA SIMON MWANSA KAWEPEWE INTERNATIONAL, ZA",-12.9833333,28.65,1270.1,1/5/1990,63.2,4,10010,,999.9,,73.4,*,61.5, ,999.9,,2.6,G,9999.9,0,999.9,,999.9,0,67.6,4,10.3,4,0,4
67561099999,"NDOLA SIMON MWANSA KAWEPEWE INTERNATIONAL, ZA",-12.9833333,28.65,1270.1,1/8/1990,63.5,5,10010,,999.9,,79.2,*,63.7, ,4.1,,0.12,G,9999.9,0,999.9,,999.9,0,72.9,5,12.4,5,1.6,5
67561099999,"NDOLA SIMON MWANSA KAWEPEWE INTERNATIONAL, ZA",-12.9833333,28.65,1270.1,1/9/1990,62.4,4,10010,,999.9,,84.7, ,63.5,*,9.9,,0,G,9999.9,0,999.9,,999.9,0,71.9,4,7.9,4,4.5,4
67561099999,"NDOLA SIMON MWANSA KAWEPEWE INTERNATIONAL, ZA",-12.9833333,28.65,1270.1,1/16/1990,63.2,6,10010,,999.9,,82.8, ,63.5, ,13,,0.08,G,9999.9,0,999.9,,999.9,0,71,6,11.4,6,3.9,6
67561099999,"NDOLA SIMON MWANSA KAWEPEWE INTERNATIONAL, ZA",-12.9833333,28.65,1270.1,1/17/1990,64.3,4,10000,,999.9,,76.3,*,63.7, ,8,,0.08,G,9999.9,0,999.9,,999.9,0,68.1,4,8.4,4,3.2,4
67561099999,"NDOLA SIMON MWANSA KAWEPEWE INTERNATIONAL, ZA",-12.9833333,28.65,1270.1,1/19/1990,9999.9,0,10010,,999.9,,72,*,63.7,*,4.1,,0.43,G,9999.9,0,999.9,,999.9,0,68.1,4,14,4,1.7,4
67561099999,"NDOLA SIMON MWANSA KAWEPEWE INTERNATIONAL, ZA",-12.9833333,28.65,1270.1,1/20/1990,61.8,4,110000,,999.9,,84.9, ,61.5, ,1,,0.71,G,9999.9,0,999.9,,999.9,0,73.8,4,14.1,4,0.5,4
67561099999,"NDOLA SIMON MWANSA KAWEPEWE INTERNATIONAL, ZA",-12.9833333,28.65,1270.1,1/21/1990,63.5,4,10,,999.9,,81.5, ,62.6, ,8.9,,0,G,9999.9,0,999.9,,999.9,0,70.5,4,25.6,4,3.7,4
67561099999,"NDOLA SIMON MWANSA KAWEPEWE INTERNATIONAL, ZA",-12.9833333,28.65,1270.1,1/24/1990,62.2,4,10,,999.9,,82.8,*,62.1, ,5.1,,0.08,G,9999.9,0,999.9,,999.9,0,76.3,4,18.6,4,2.3,4
67561099999,"NDOLA SIMON MWANSA KAWEPEWE INTERNATIONAL, ZA",-12.9833333,28.65,1270.1,1/26/1990,63.1,7,0,,999.9,,85.5, ,62.2, ,12,,0,A,9999.9,0,999.9,,999.9,0,74.2,7,18.6,7,3.4,7
67561099999,"NDOLA SIMON MWANSA KAWEPEWE INTERNATIONAL, ZA",-12.9833333,28.65,1270.1,2/1/1990,63.2,5,10010,,999.9,,83.7, ,61.9, ,12,,0.31,A,9999.9,0,999.9,,999.9,0,68.1,5,15.5,5,4,5
67561099999,"NDOLA SIMON MWANSA KAWEPEWE INTERNATIONAL, ZA",-12.9833333,28.65,1270.1,2/2/1990,63.5,4,0,,999.9,,80.8, ,63, ,8,,0,A,9999.9,0,999.9,,999.9,0,74.4,4,15.5,4,5,4
67561099999,"NDOLA SIMON MWANSA KAWEPEWE INTERNATIONAL, ZA",-12.9833333,28.65,1270.1,2/3/1990,63.2,4,10010,,999.9,,79.5,*,63, ,6,,0.67,G,9999.9,0,999.9,,999.9,0,70.2,4,16.3,4,4,4
67561099999,"NDOLA SIMON MWANSA KAWEPEWE INTERNATIONAL, ZA",-12.9833333,28.65,1270.1,2/4/1990,64,6,0,,999.9,,80.1,*,61.3, ,6,,0.79,G,9999.9,0,999.9,,999.9,0,70.9,6,18.6,6,3.2,6
67561099999,"NDOLA SIMON MWANSA KAWEPEWE INTERNATIONAL, ZA",-12.9833333,28.65,1270.1,2/5/1990,63.4,5,10000,,999.9,,78.8,*,62.6, ,2.9,,0.83,G,9999.9,0,999.9,,999.9,0,70.1,5,17.4,5,1.4,5
67561099999,"NDOLA SIMON MWANSA KAWEPEWE INTERNATIONAL, ZA",-12.9833333,28.65,1270.1,2/6/1990,64,5,0,,999.9,,82.2, ,63.1, ,4.1,,0.01,G,9999.9,0,999.9,,999.9,0,74.7,5,16.8,5,2,5
67561099999,"NDOLA SIMON MWANSA KAWEPEWE INTERNATIONAL, ZA",-12.9833333,28.65,1270.1,2/7/1990,64.9,6,10,,999.9,,82,*,64.6, ,8,,0,G,9999.9,0,999.9,,999.9,0,72.3,6,16.6,6,3.5,6
67561099999,"NDOLA SIMON MWANSA KAWEPEWE INTERNATIONAL, ZA",-12.9833333,28.65,1270.1,2/13/1990,64.4,5,0,,999.9,,83.3,*,63.7, ,4.1,,0.28,G,9999.9,0,999.9,,999.9,0,72.6,5,16.8,5,0.8,5
67561099999,"NDOLA SIMON MWANSA KAWEPEWE INTERNATIONAL, ZA",-12.9833333,28.65,1270.1,2/14/1990,65.2,4,10010,,999.9,,81, ,64.8,*,8.9,,11.1,G,9999.9,0,999.9,,999.9,0,73.8,4,17.1,4,6.2,4
67561099999,"NDOLA SIMON MWANSA KAWEPEWE INTERNATIONAL, ZA",-12.9833333,28.65,1270.1,2/15/1990,64,4,0,,999.9,,81.9,*,64.2, ,6,,0,G,9999.9,0,999.9,,999.9,0,72.4,4,13.2,4,2.7,4
67561099999,"NDOLA SIMON MWANSA KAWEPEWE INTERNATIONAL, ZA",-12.9833333,28.65,1270.1,2/16/1990,62.9,5,10010,,999.9,,85.6, ,62.2, ,1.9,,0,H,9999.9,0,999.9,,999.9,0,75.6,5,17.4,5,1,5
67561099999,"NDOLA SIMON MWANSA KAWEPEWE INTERNATIONAL, ZA",-12.9833333,28.65,1270.1,2/17/1990,68.3,4,10,,999.9,,81.1,*,63.5, ,4.1,,0.02,G,9999.9,0,999.9,,999.9,0,70.3,4,17.9,4,1,4
67561099999,"NDOLA SIMON MWANSA KAWEPEWE INTERNATIONAL, ZA",-12.9833333,28.65,1270.1,2/20/1990,62,4,0,,999.9,,85.6, ,62.6, ,7,,0,A,9999.9,0,999.9,,999.9,0,77.8,4,16.3,4,2.8,4
67561099999,"NDOLA SIMON MWANSA KAWEPEWE INTERNATIONAL, ZA",-12.9833333,28.65,1270.1,2/26/1990,64.3,4,110010,,999.9,,77.2, ,63.5, ,999.9,,0.39,G,9999.9,0,999.9,,999.9,0,68.1,4,8.1,4,999.9,0
67561099999,"NDOLA SIMON MWANSA KAWEPEWE INTERNATIONAL, ZA",-12.9833333,28.65,1270.1,3/14/1990,59,4,0,,999.9,,85.6, ,59.7, ,4.1,,0,A,9999.9,0,999.9,,999.9,0,70.4,4,16.3,4,2,4
67561099999,"NDOLA SIMON MWANSA KAWEPEWE INTERNATIONAL, ZA",-12.9833333,28.65,1270.1,3/15/1990,58.2,6,0,,999.9,,83.5,*,58.3, ,6,,0,A,9999.9,0,999.9,,999.9,0,72.5,6,18.1,6,2.8,6
67561099999,"NDOLA SIMON MWANSA KAWEPEWE INTERNATIONAL, ZA",-12.9833333,28.65,1270.1,4/12/1990,60.2,5,0,,999.9,,82.9, ,59.9, ,1.9,,0,A,9999.9,0,999.9,,999.9,0,67.3,5,18,5,0.6,5
67561099999,"NDOLA SIMON MWANSA KAWEPEWE INTERNATIONAL, ZA",-12.9833333,28.65,1270.1,4/20/1990,59.4,4,0,,999.9,,81.3,*,57.9, ,6,,0,A,9999.9,0,999.9,,999.9,0,67.3,4,18.6,4,2.5,4
67561099999,"NDOLA SIMON MWANSA KAWEPEWE INTERNATIONAL, ZA",-12.9833333,28.65,1270.1,4/25/1990,60,4,0,,999.9,,85.5,*,60.1, ,5.1,,0,G,9999.9,0,999.9,,999.9,0,68.3,4,18.6,4,1.7,4
67561099999,"NDOLA SIMON MWANSA KAWEPEWE INTERNATIONAL, ZA",-12.9833333,28.65,1270.1,4/27/1990,61,4,0,,999.9,,81.7,*,61, ,8,,0,A,9999.9,0,999.9,,999.9,0,68.8,4,17.9,4,2,4
67561099999,"NDOLA SIMON MWANSA KAWEPEWE INTERNATIONAL, ZA",-12.9833333,28.65,1270.1,5/3/1990,63.2,4,0,,999.9,,75,*,62.4, ,4.1,,0,A,9999.9,0,999.9,,999.9,0,67.4,4,17.1,4,1,4
67561099999,"NDOLA SIMON MWANSA KAWEPEWE INTERNATIONAL, ZA",-12.9833333,28.65,1270.1,5/8/1990,59.2,4,10000,,999.9,,78.4,*,58.6, ,5.1,,0,H,9999.9,0,999.9,,999.9,0,71.7,4,18.6,4,2.2,4
67561099999,"NDOLA SIMON MWANSA KAWEPEWE INTERNATIONAL, ZA",-12.9833333,28.65,1270.1,5/14/1990,52.3,5,0,,999.9,,76.8, ,53.2,*,11.1,,0,A,9999.9,0,999.9,,999.9,0,62.6,5,18,5,4.6,5
67561099999,"NDOLA SIMON MWANSA KAWEPEWE INTERNATIONAL, ZA",-12.9833333,28.65,1270.1,5/23/1990,52.5,4,0,,999.9,,82.4, ,59.5,*,8,,0,A,9999.9,0,999.9,,999.9,0,64.1,4,17.9,4,2.7,4
67561099999,"NDOLA SIMON MWANSA KAWEPEWE INTERNATIONAL, ZA",-12.9833333,28.65,1270.1,6/2/1990,48.3,4,0,,999.9,,80.1, ,46.2, ,2.9,,0,A,9999.9,0,999.9,,999.9,0,67.6,4,16.3,4,1.2,4
67561099999,"NDOLA SIMON MWANSA KAWEPEWE INTERNATIONAL, ZA",-12.9833333,28.65,1270.1,6/9/1990,49.5,4,0,,999.9,,75,*,52.7, ,8.9,,0,A,9999.9,0,999.9,,999.9,0,71.8,4,17.9,4,4.8,4
67561099999,"NDOLA SIMON MWANSA KAWEPEWE INTERNATIONAL, ZA",-12.9833333,28.65,1270.1,6/10/1990,48.6,4,0,,999.9,,79.3, ,67.1,*,5.1,,0,I,9999.9,0,999.9,,999.9,0,70.5,4,18.6,4,3.7,4
67561099999,"NDOLA SIMON MWANSA KAWEPEWE INTERNATIONAL, ZA",-12.9833333,28.65,1270.1,6/11/1990,50.5,4,0,,999.9,,77.7,*,54.5, ,6,,0,I,9999.9,0,999.9,,999.9,0,64.7,5,17.4,5,1.6,5
67561099999,"NDOLA SIMON MWANSA KAWEPEWE INTERNATIONAL, ZA",-12.9833333,28.65,1270.1,6/12/1990,49.2,5,0,,999.9,,86,*,50.2, ,11.1,,0,A,9999.9,0,999.9,,999.9,0,76.1,5,15.8,5,9.8,5
67561099999,"NDOLA SIMON MWANSA KAWEPEWE INTERNATIONAL, ZA",-12.9833333,28.65,1270.1,6/13/1990,50.5,5,0,,999.9,,71.1,*,57.2,*,16.9,,0,A,9999.9,0,999.9,,999.9,0,63.7,5,18.6,5,11.2,5
67561099999,"NDOLA SIMON MWANSA KAWEPEWE INTERNATIONAL, ZA",-12.9833333,28.65,1270.1,6/15/1990,49.8,4,0,,999.9,,74.1,*,50.9, ,8.9,,0,A,9999.9,0,999.9,,999.9,0,61.4,4,18.6,4,5.2,4
67561099999,"NDOLA SIMON MWANSA KAWEPEWE INTERNATIONAL, ZA",-12.9833333,28.65,1270.1,6/18/1990,48.4,4,0,,999.9,,77,*,49.8, ,999.9,,0,A,9999.9,0,999.9,,999.9,0,71.6,4,14,4,999.9,0
67561099999,"NDOLA SIMON MWANSA KAWEPEWE INTERNATIONAL, ZA",-12.9833333,28.65,1270.1,6/23/1990,45.7,4,0,,999.9,,80.8, ,44.6, ,5.1,,0,A,9999.9,0,999.9,,999.9,0,68.4,4,11.3,4,1.7,4
67561099999,"NDOLA SIMON MWANSA KAWEPEWE INTERNATIONAL, ZA",-12.9833333,28.65,1270.1,6/25/1990,48.5,4,0,,999.9,,78.3,*,52, ,11.1,,0,A,9999.9,0,999.9,,999.9,0,67.6,4,16.3,4,7.3,4
67561099999,"NDOLA SIMON MWANSA KAWEPEWE INTERNATIONAL, ZA",-12.9833333,28.65,1270.1,6/26/1990,48,4,0,,999.9,,75.4,*,46.4, ,6,,0,A,9999.9,0,999.9,,999.9,0,64.4,4,14.8,4,3.8,4
67561099999,"NDOLA SIMON MWANSA KAWEPEWE INTERNATIONAL, ZA",-12.9833333,28.65,1270.1,6/27/1990,45.9,4,0,,999.9,,79.9,*,44.6, ,5.1,,0,A,9999.9,0,999.9,,999.9,0,72.3,4,13.2,4,1.3,4
67561099999,"NDOLA SIMON MWANSA KAWEPEWE INTERNATIONAL, ZA",-12.9833333,28.65,1270.1,7/1/1990,40.3,4,0,,999.9,,80.8,*,51.1, ,9.9,,0,A,9999.9,0,999.9,,999.9,0,73.7,4,12.4,4,6.7,4
67561099999,"NDOLA SIMON MWANSA KAWEPEWE INTERNATIONAL, ZA",-12.9833333,28.65,1270.1,7/3/1990,44.2,4,0,,999.9,,72.7,*,44.1, ,8,,0,A,9999.9,0,999.9,,999.9,0,57.7,4,12.4,4,3.7,4
67561099999,"NDOLA SIMON MWANSA KAWEPEWE INTERNATIONAL, ZA",-12.9833333,28.65,1270.1,7/6/1990,42.9,4,0,,999.9,,82, ,42.4, ,7,,0,A,9999.9,0,999.9,,999.9,0,69.2,4,10.3,4,2.2,4
67561099999,"NDOLA SIMON MWANSA KAWEPEWE INTERNATIONAL, ZA",-12.9833333,28.65,1270.1,7/11/1990,39.5,5,0,,999.9,,81,*,43.7, ,5.1,,0,A,9999.9,0,999.9,,999.9,0,61.7,5,9.9,5,1.3,4
67561099999,"NDOLA SIMON MWANSA KAWEPEWE INTERNATIONAL, ZA",-12.9833333,28.65,1270.1,7/12/1990,39,4,0,,999.9,,80.8, ,42.3, ,999.9,,0,A,9999.9,0,999.9,,999.9,0,67.7,4,9.9,4,999.9,0
67561099999,"NDOLA SIMON MWANSA KAWEPEWE INTERNATIONAL, ZA",-12.9833333,28.65,1270.1,7/13/1990,40.8,4,0,,999.9,,78.3,*,40.3, ,13,,0,A,9999.9,0,999.9,,999.9,0,62.4,4,9.9,4,4.8,4
67561099999,"NDOLA SIMON MWANSA KAWEPEWE INTERNATIONAL, ZA",-12.9833333,28.65,1270.1,7/15/1990,39.9,4,0,,999.9,,76.6,*,56.3,*,12,,0,A,9999.9,0,999.9,,999.9,0,69.7,4,8.2,4,8.3,4
67561099999,"NDOLA SIMON MWANSA KAWEPEWE INTERNATIONAL, ZA",-12.9833333,28.65,1270.1,7/17/1990,45.7,6,0,,999.9,,78.1,*,46.4, ,7,,0,A,9999.9,0,999.9,,999.9,0,66.7,6,12.7,6,3.2,6
67561099999,"NDOLA SIMON MWANSA KAWEPEWE INTERNATIONAL, ZA",-12.9833333,28.65,1270.1,7/18/1990,45.7,4,0,,999.9,,81.3, ,47.3,*,1,,0,I,9999.9,0,999.9,,999.9,0,60.1,4,12.4,4,0.2,4
67561099999,"NDOLA SIMON MWANSA KAWEPEWE INTERNATIONAL, ZA",-12.9833333,28.65,1270.1,7/19/1990,41.1,5,0,,999.9,,79.7,*,45.3, ,4.1,,0,A,9999.9,0,999.9,,999.9,0,66.7,5,11.9,5,2.2,5
67561099999,"NDOLA SIMON MWANSA KAWEPEWE INTERNATIONAL, ZA",-12.9833333,28.65,1270.1,7/20/1990,41.5,6,0,,999.9,,78.3,*,45.5, ,8,,0,A,9999.9,0,999.9,,999.9,0,64.3,6,9.8,6,2.8,6
67561099999,"NDOLA SIMON MWANSA KAWEPEWE INTERNATIONAL, ZA",-12.9833333,28.65,1270.1,7/21/1990,44.1,4,0,,999.9,,78.6,*,50.4, ,12,,0,A,9999.9,0,999.9,,999.9,0,72.3,4,12.4,4,8.3,4
67561099999,"NDOLA SIMON MWANSA KAWEPEWE INTERNATIONAL, ZA",-12.9833333,28.65,1270.1,7/23/1990,46.7,5,0,,999.9,,72.9, ,52.7, ,15.9,,0,A,9999.9,0,999.9,,999.9,0,64.5,5,13.7,5,9.6,5
67561099999,"NDOLA SIMON MWANSA KAWEPEWE INTERNATIONAL, ZA",-12.9833333,28.65,1270.1,7/25/1990,44.8,4,0,,999.9,,69.3,*,49.6, ,8,,0,I,9999.9,0,999.9,,999.9,0,57.5,4,18.6,4,4.8,4
67561099999,"NDOLA SIMON MWANSA KAWEPEWE INTERNATIONAL, ZA",-12.9833333,28.65,1270.1,7/27/1990,47.1,5,0,,999.9,,77.7,*,48.6, ,999.9,,0,A,9999.9,0,999.9,,999.9,0,62.2,5,12.4,5,4.4,5
67561099999,"NDOLA SIMON MWANSA KAWEPEWE INTERNATIONAL, ZA",-12.9833333,28.65,1270.1,7/29/1990,42.5,7,0,,999.9,,80.4, ,50.2, ,8,,0,I,9999.9,0,999.9,,999.9,0,66.1,7,13.3,7,5.3,7
67561099999,"NDOLA SIMON MWANSA KAWEPEWE INTERNATIONAL, ZA",-12.9833333,28.65,1270.1,7/30/1990,39.5,4,0,,999.9,,81.9, ,46.4, ,12,,0,A,9999.9,0,999.9,,999.9,0,71,4,10.1,4,7,4
67561099999,"NDOLA SIMON MWANSA KAWEPEWE INTERNATIONAL, ZA",-12.9833333,28.65,1270.1,7/31/1990,42.6,4,0,,999.9,,79.9, ,53.6, ,9.9,,0,A,9999.9,0,999.9,,999.9,0,70.3,4,14,4,7.2,4
67561099999,"NDOLA SIMON MWANSA KAWEPEWE INTERNATIONAL, ZA",-12.9833333,28.65,1270.1,8/1/1990,43.9,6,0,,999.9,,76.5,*,47.8, ,11.1,,0,A,9999.9,0,999.9,,999.9,0,63.5,6,11.4,6,5.5,6
67561099999,"NDOLA SIMON MWANSA KAWEPEWE INTERNATIONAL, ZA",-12.9833333,28.65,1270.1,8/2/1990,43.2,4,0,,999.9,,79.7, ,47.1, ,9.9,,0,A,9999.9,0,999.9,,999.9,0,68.5,4,11.7,4,5,4
67561099999,"NDOLA SIMON MWANSA KAWEPEWE INTERNATIONAL, ZA",-12.9833333,28.65,1270.1,8/3/1990,42.9,7,0,,999.9,,77.7,*,46.6, ,8,,0,A,9999.9,0,999.9,,999.9,0,64.9,7,5.8,7,3.8,7
67561099999,"NDOLA SIMON MWANSA KAWEPEWE INTERNATIONAL, ZA",-12.9833333,28.65,1270.1,8/6/1990,46.4,6,0,,999.9,,77.4, ,53.2, ,9.9,,0,A,9999.9,0,999.9,,999.9,0,67,6,11.4,6,5.2,6
67561099999,"NDOLA SIMON MWANSA KAWEPEWE INTERNATIONAL, ZA",-12.9833333,28.65,1270.1,8/7/1990,45.3,5,10100,,999.9,,74.7,*,52.3, ,8.9,,0,H,9999.9,0,999.9,,999.9,0,64.1,5,10.6,5,3.6,5
67561099999,"NDOLA SIMON MWANSA KAWEPEWE INTERNATIONAL, ZA",-12.9833333,28.65,1270.1,8/9/1990,37.7,6,0,,999.9,,78.3, ,50.9, ,12,,0,A,9999.9,0,999.9,,999.9,0,67.6,6,14.5,6,6.3,6
67561099999,"NDOLA SIMON MWANSA KAWEPEWE INTERNATIONAL, ZA",-12.9833333,28.65,1270.1,8/10/1990,40,6,0,,999.9,,80.6, ,47.5, ,9.9,,0,A,9999.9,0,999.9,,999.9,0,64.7,6,12.4,6,4.6,6
67561099999,"NDOLA SIMON MWANSA KAWEPEWE INTERNATIONAL, ZA",-12.9833333,28.65,1270.1,8/11/1990,42.8,7,0,,999.9,,81.5, ,46.9, ,11.1,,0,A,9999.9,0,999.9,,999.9,0,65.8,7,11.5,7,4.3,7
67561099999,"NDOLA SIMON MWANSA KAWEPEWE INTERNATIONAL, ZA",-12.9833333,28.65,1270.1,8/12/1990,46.5,5,0,,999.9,,78.1,*,63.3,*,15.9,,0,A,9999.9,0,999.9,,999.9,0,70.7,5,11.8,5,7.6,5
67561099999,"NDOLA SIMON MWANSA KAWEPEWE INTERNATIONAL, ZA",-12.9833333,28.65,1270.1,8/13/1990,47.9,4,0,,999.9,,68.7,*,55.4, ,15.9,,0,A,9999.9,0,999.9,,999.9,0,66.2,4,13.2,4,13.3,4
67561099999,"NDOLA SIMON MWANSA KAWEPEWE INTERNATIONAL, ZA",-12.9833333,28.65,1270.1,8/14/1990,43.7,4,0,,999.9,,65.1,*,51.1, ,14,,0,A,9999.9,0,999.9,,999.9,0,62.2,4,17.1,4,10.7,4
67561099999,"NDOLA SIMON MWANSA KAWEPEWE INTERNATIONAL, ZA",-12.9833333,28.65,1270.1,8/15/1990,40.7,4,0,,999.9,,75.6, ,43.2, ,9.9,,0,A,9999.9,0,999.9,,999.9,0,66.8,5,18.6,5,5.8,5
67561099999,"NDOLA SIMON MWANSA KAWEPEWE INTERNATIONAL, ZA",-12.9833333,28.65,1270.1,8/16/1990,39.6,7,0,,999.9,,78.1, ,44.2, ,8,,0,A,9999.9,0,999.9,,999.9,0,63.1,7,17.3,7,4.2,6
67561099999,"NDOLA SIMON MWANSA KAWEPEWE INTERNATIONAL, ZA",-12.9833333,28.65,1270.1,8/17/1990,39.4,6,0,,999.9,,79.5, ,46,*,2.9,,0,A,9999.9,0,999.9,,999.9,0,61.3,6,11.8,6,0.8,6
67561099999,"NDOLA SIMON MWANSA KAWEPEWE INTERNATIONAL, ZA",-12.9833333,28.65,1270.1,8/18/1990,35.6,4,0,,999.9,,82.6, ,57.6,*,999.9,,0,I,9999.9,0,999.9,,999.9,0,66.1,4,11.7,4,999.9,0
67561099999,"NDOLA SIMON MWANSA KAWEPEWE INTERNATIONAL, ZA",-12.9833333,28.65,1270.1,8/19/1990,35.8,7,0,,999.9,,84.6, ,46.4, ,8,,0,A,9999.9,0,999.9,,999.9,0,66.3,7,10.3,5,3.3,7
67561099999,"NDOLA SIMON MWANSA KAWEPEWE INTERNATIONAL, ZA",-12.9833333,28.65,1270.1,8/20/1990,34.8,5,0,,999.9,,86,*,44.1, ,15,,0,A,9999.9,0,999.9,,999.9,0,64.4,5,9.4,5,3.6,5
67561099999,"NDOLA SIMON MWANSA KAWEPEWE INTERNATIONAL, ZA",-12.9833333,28.65,1270.1,8/23/1990,38.3,4,0,,999.9,,82.4, ,51.8, ,9.9,,0,A,9999.9,0,999.9,,999.9,0,76.1,4,8.5,4,8.9,4
67561099999,"NDOLA SIMON MWANSA KAWEPEWE INTERNATIONAL, ZA",-12.9833333,28.65,1270.1,8/24/1990,44.5,4,0,,999.9,,81.3,*,50.2, ,11.1,,0,A,9999.9,0,999.9,,999.9,0,75.1,4,9.3,4,6.8,4
67561099999,"NDOLA SIMON MWANSA KAWEPEWE INTERNATIONAL, ZA",-12.9833333,28.65,1270.1,8/29/1990,40.3,5,0,,999.9,,86, ,52.7,*,6,,0,I,9999.9,0,999.9,,999.9,0,69.2,5,12.4,5,2.6,5
67561099999,"NDOLA SIMON MWANSA KAWEPEWE INTERNATIONAL, ZA",-12.9833333,28.65,1270.1,8/30/1990,41.5,5,0,,999.9,,86.4, ,52.7,*,5.1,,0,I,9999.9,0,999.9,,999.9,0,66.2,5,9.3,5,3.3,4
67561099999,"NDOLA SIMON MWANSA KAWEPEWE INTERNATIONAL, ZA",-12.9833333,28.65,1270.1,8/31/1990,36.9,4,0,,999.9,,88.2, ,51.6, ,8,,0,A,9999.9,0,999.9,,999.9,0,78.3,4,7,4,4.5,4
67561099999,"NDOLA SIMON MWANSA KAWEPEWE INTERNATIONAL, ZA",-12.9833333,28.65,1270.1,9/4/1990,29,4,0,,999.9,,87.3,*,66.6,*,12,,0,A,9999.9,0,999.9,,999.9,0,79.9,4,14.8,4,7.2,4
67561099999,"NDOLA SIMON MWANSA KAWEPEWE INTERNATIONAL, ZA",-12.9833333,28.65,1270.1,9/8/1990,31.7,5,0,,999.9,,86,*,46.6, ,8,,0,A,9999.9,0,999.9,,999.9,0,66.3,5,10.3,5,2.8,5
67561099999,"NDOLA SIMON MWANSA KAWEPEWE INTERNATIONAL, ZA",-12.9833333,28.65,1270.1,9/9/1990,34,6,0,,999.9,,88.3,*,49.6,*,15,,0,A,9999.9,0,999.9,,999.9,0,69.5,6,9.1,6,6.3,6
67561099999,"NDOLA SIMON MWANSA KAWEPEWE INTERNATIONAL, ZA",-12.9833333,28.65,1270.1,9/17/1990,48.1,5,0,,999.9,,88.2,*,60.8, ,6,,0,A,9999.9,0,999.9,,999.9,0,74.3,5,12.4,5,2.8,5
67561099999,"NDOLA SIMON MWANSA KAWEPEWE INTERNATIONAL, ZA",-12.9833333,28.65,1270.1,9/18/1990,50,6,0,,999.9,,89.8,*,59.9, ,7,,0,A,9999.9,0,999.9,,999.9,0,79.1,6,10.7,6,3.3,6
67561099999,"NDOLA SIMON MWANSA KAWEPEWE INTERNATIONAL, ZA",-12.9833333,28.65,1270.1,9/20/1990,56.7,7,0,,999.9,,77.4, ,63.3,*,15.9,,0.08,G,9999.9,0,999.9,,999.9,0,69.6,7,7.7,7,9.7,7
67561099999,"NDOLA SIMON MWANSA KAWEPEWE INTERNATIONAL, ZA",-12.9833333,28.65,1270.1,9/24/1990,38.6,6,0,,999.9,,87.3, ,54.5, ,9.9,,0,A,9999.9,0,999.9,,999.9,0,72.1,6,16.6,6,7.2,6
67561099999,"NDOLA SIMON MWANSA KAWEPEWE INTERNATIONAL, ZA",-12.9833333,28.65,1270.1,9/26/1990,36.7,6,0,,999.9,,82.2,*,53.6, ,9.9,,0,A,9999.9,0,999.9,,999.9,0,70.3,6,10.5,6,5.5,6
67561099999,"NDOLA SIMON MWANSA KAWEPEWE INTERNATIONAL, ZA",-12.9833333,28.65,1270.1,9/27/1990,38.7,5,0,,999.9,,87.6, ,55.2,*,5.1,,0,I,9999.9,0,999.9,,999.9,0,72.5,5,8,5,2.4,5
67561099999,"NDOLA SIMON MWANSA KAWEPEWE INTERNATIONAL, ZA",-12.9833333,28.65,1270.1,9/28/1990,44.9,5,0,,999.9,,84.4,*,58.1, ,8.9,,0,A,9999.9,0,999.9,,999.9,0,79,5,9.3,5,4.8,5
67561099999,"NDOLA SIMON MWANSA KAWEPEWE INTERNATIONAL, ZA",-12.9833333,28.65,1270.1,10/1/1990,55.8,5,0,,999.9,,86.5, ,62.6, ,7,,0,A,9999.9,0,999.9,,999.9,0,71.1,5,9.7,5,2.8,5
67561099999,"NDOLA SIMON MWANSA KAWEPEWE INTERNATIONAL, ZA",-12.9833333,28.65,1270.1,10/4/1990,46.3,4,0,,999.9,,88.3,*,58.1, ,12,,0,A,9999.9,0,999.9,,999.9,0,76.7,4,10.9,4,4.2,4
67561099999,"NDOLA SIMON MWANSA KAWEPEWE INTERNATIONAL, ZA",-12.9833333,28.65,1270.1,10/5/1990,47.1,7,0,,999.9,,93.7, ,61.3, ,14,,0,A,9999.9,0,999.9,,999.9,0,77.4,7,9.3,7,5,7
67561099999,"NDOLA SIMON MWANSA KAWEPEWE INTERNATIONAL, ZA",-12.9833333,28.65,1270.1,10/7/1990,48.9,4,0,,999.9,,93, ,64,*,5.1,,0,I,9999.9,0,999.9,,999.9,0,75.1,4,7.8,4,2.5,4
67561099999,"NDOLA SIMON MWANSA KAWEPEWE INTERNATIONAL, ZA",-12.9833333,28.65,1270.1,10/8/1990,49.6,8,0,,999.9,,95.2, ,64.4, ,8.9,,0,A,9999.9,0,999.9,,999.9,0,78.6,8,6.8,8,6.8,8
67561099999,"NDOLA SIMON MWANSA KAWEPEWE INTERNATIONAL, ZA",-12.9833333,28.65,1270.1,10/10/1990,44.4,4,0,,999.9,,90.5, ,63.3, ,15,,0,A,9999.9,0,999.9,,999.9,0,76.7,4,8.5,4,9.7,4
67561099999,"NDOLA SIMON MWANSA KAWEPEWE INTERNATIONAL, ZA",-12.9833333,28.65,1270.1,10/11/1990,42.3,4,0,,999.9,,91.4,*,59.7, ,8.9,,0,A,9999.9,0,999.9,,999.9,0,77,4,13.2,4,6.7,4
67561099999,"NDOLA SIMON MWANSA KAWEPEWE INTERNATIONAL, ZA",-12.9833333,28.65,1270.1,10/12/1990,41.5,4,0,,999.9,,91.4,*,60.8, ,13,,0,A,9999.9,0,999.9,,999.9,0,84.7,4,11.7,4,8.5,4
67561099999,"NDOLA SIMON MWANSA KAWEPEWE INTERNATIONAL, ZA",-12.9833333,28.65,1270.1,10/15/1990,45.4,5,0,,999.9,,94.6, ,60.1, ,5.1,,0,A,9999.9,0,999.9,,999.9,0,74.7,5,7.2,5,1.8,5
67561099999,"NDOLA SIMON MWANSA KAWEPEWE INTERNATIONAL, ZA",-12.9833333,28.65,1270.1,10/18/1990,53.9,5,0,,999.9,,95.2, ,64.6, ,15,,0,A,9999.9,0,999.9,,999.9,0,75.4,5,7.5,5,6.4,5
67561099999,"NDOLA SIMON MWANSA KAWEPEWE INTERNATIONAL, ZA",-12.9833333,28.65,1270.1,10/19/1990,52.1,6,10,,999.9,,95.7, ,61.3,*,5.1,,0,A,9999.9,0,999.9,,999.9,0,74.8,6,8,6,3.2,6
67561099999,"NDOLA SIMON MWANSA KAWEPEWE INTERNATIONAL, ZA",-12.9833333,28.65,1270.1,10/22/1990,52.9,4,0,,999.9,,90.9, ,57.6, ,11.1,,0,A,9999.9,0,999.9,,999.9,0,80,4,10.9,4,7.8,4
67561099999,"NDOLA SIMON MWANSA KAWEPEWE INTERNATIONAL, ZA",-12.9833333,28.65,1270.1,10/23/1990,45.1,4,0,,999.9,,90.3,*,66.7, ,9.9,,0,A,9999.9,0,999.9,,999.9,0,83.9,4,11,4,6.5,4
67561099999,"NDOLA SIMON MWANSA KAWEPEWE INTERNATIONAL, ZA",-12.9833333,28.65,1270.1,10/26/1990,54.2,5,0,,999.9,,91,*,54.1, ,15,,0,A,9999.9,0,999.9,,999.9,0,80.9,5,14.3,5,10.2,5
67561099999,"NDOLA SIMON MWANSA KAWEPEWE INTERNATIONAL, ZA",-12.9833333,28.65,1270.1,10/29/1990,48.8,7,0,,999.9,,88.7, ,57.7,*,9.9,,0,I,9999.9,0,999.9,,999.9,0,70.1,7,18.6,7,3.7,7
67561099999,"NDOLA SIMON MWANSA KAWEPEWE INTERNATIONAL, ZA",-12.9833333,28.65,1270.1,10/30/1990,42.9,5,0,,999.9,,90,*,58.1, ,6,,0,I,9999.9,0,999.9,,999.9,0,82.1,5,16.8,5,3,5
67561099999,"NDOLA SIMON MWANSA KAWEPEWE INTERNATIONAL, ZA",-12.9833333,28.65,1270.1,11/3/1990,47.9,4,0,,999.9,,90.1,*,65.8, ,8.9,,0,I,9999.9,0,999.9,,999.9,0,86.1,4,16.3,4,5,4
67561099999,"NDOLA SIMON MWANSA KAWEPEWE INTERNATIONAL, ZA",-12.9833333,28.65,1270.1,11/4/1990,45.2,7,0,,999.9,,92.7, ,63.3,*,11.1,,0,I,9999.9,0,999.9,,999.9,0,74.4,7,14.2,7,3.4,7
67561099999,"NDOLA SIMON MWANSA KAWEPEWE INTERNATIONAL, ZA",-12.9833333,28.65,1270.1,11/6/1990,48.7,5,0,,999.9,,94.6,*,60.1, ,5.1,,0,A,9999.9,0,999.9,,999.9,0,76,5,12.4,5,2.6,5
67561099999,"NDOLA SIMON MWANSA KAWEPEWE INTERNATIONAL, ZA",-12.9833333,28.65,1270.1,11/7/1990,49.3,4,0,,999.9,,91.9,*,64.4, ,19,,0,A,9999.9,0,999.9,,999.9,0,82.3,4,14,4,14.5,4
67561099999,"NDOLA SIMON MWANSA KAWEPEWE INTERNATIONAL, ZA",-12.9833333,28.65,1270.1,11/10/1990,44.7,4,0,,999.9,,92.7, ,61.9,*,6,,0,I,9999.9,0,999.9,,999.9,0,73.8,4,18.6,4,2.2,4
67561099999,"NDOLA SIMON MWANSA KAWEPEWE INTERNATIONAL, ZA",-12.9833333,28.65,1270.1,11/13/1990,55.3,5,10,,999.9,,94.3, ,73.4,*,8.9,,0,A,9999.9,0,999.9,,999.9,0,81.1,5,12.2,5,3.8,5
67561099999,"NDOLA SIMON MWANSA KAWEPEWE INTERNATIONAL, ZA",-12.9833333,28.65,1270.1,11/14/1990,54.9,4,0,,999.9,,92.3, ,62.6,*,2.9,,0,I,9999.9,0,999.9,,999.9,0,69.8,4,16.3,4,0.7,4
67561099999,"NDOLA SIMON MWANSA KAWEPEWE INTERNATIONAL, ZA",-12.9833333,28.65,1270.1,11/15/1990,57.1,5,10010,,999.9,,88.9,*,61.9, ,5.1,,0,H,9999.9,0,999.9,,999.9,0,77.9,5,13,5,1,5
67561099999,"NDOLA SIMON MWANSA KAWEPEWE INTERNATIONAL, ZA",-12.9833333,28.65,1270.1,11/16/1990,59.5,4,0,,999.9,,85.8,*,61.7, ,6,,0.63,G,9999.9,0,999.9,,999.9,0,80.2,4,9.8,4,2.5,4
67561099999,"NDOLA SIMON MWANSA KAWEPEWE INTERNATIONAL, ZA",-12.9833333,28.65,1270.1,11/17/1990,59.9,4,0,,999.9,,88,*,65.5, ,7,,0.08,G,9999.9,0,999.9,,999.9,0,77.3,4,17.9,4,3.5,4
67561099999,"NDOLA SIMON MWANSA KAWEPEWE INTERNATIONAL, ZA",-12.9833333,28.65,1270.1,11/19/1990,56.9,5,10010,,999.9,,86.7,*,62.6, ,15,,0,G,9999.9,0,999.9,,999.9,0,79,5,16.8,5,8.8,5
67561099999,"NDOLA SIMON MWANSA KAWEPEWE INTERNATIONAL, ZA",-12.9833333,28.65,1270.1,11/20/1990,57.6,5,10,,999.9,,90.5, ,64.8,*,8,,0,I,9999.9,0,999.9,,999.9,0,75.4,5,18.6,5,1.6,5
67561099999,"NDOLA SIMON MWANSA KAWEPEWE INTERNATIONAL, ZA",-12.9833333,28.65,1270.1,11/22/1990,63.5,7,10,,999.9,,84.2, ,66.2, ,15,,0.08,G,9999.9,0,999.9,,999.9,0,74.5,7,14.2,7,4.2,7
67561099999,"NDOLA SIMON MWANSA KAWEPEWE INTERNATIONAL, ZA",-12.9833333,28.65,1270.1,11/23/1990,62.6,6,10010,,999.9,,84.4, ,62.4, ,8,,1.61,G,9999.9,0,999.9,,999.9,0,71.4,6,16.6,6,3,6
67561099999,"NDOLA SIMON MWANSA KAWEPEWE INTERNATIONAL, ZA",-12.9833333,28.65,1270.1,11/24/1990,63.3,5,0,,999.9,,82.2,*,65.3, ,7,,0,G,9999.9,0,999.9,,999.9,0,76.2,5,14.3,5,3.2,5
67561099999,"NDOLA SIMON MWANSA KAWEPEWE INTERNATIONAL, ZA",-12.9833333,28.65,1270.1,11/25/1990,63.1,5,10,,999.9,,82.6, ,63.1, ,8.9,,0,I,9999.9,0,999.9,,999.9,0,74.2,5,14.8,4,3,5
67561099999,"NDOLA SIMON MWANSA KAWEPEWE INTERNATIONAL, ZA",-12.9833333,28.65,1270.1,11/26/1990,63.4,7,10,,999.9,,85.8, ,63.1,*,16.9,,0.55,G,9999.9,0,999.9,,999.9,0,71.7,7,19.1,7,5,7
67561099999,"NDOLA SIMON MWANSA KAWEPEWE INTERNATIONAL, ZA",-12.9833333,28.65,1270.1,11/27/1990,61.4,4,10000,,999.9,,81.9, ,62.2,*,9.9,,0.2,G,9999.9,0,999.9,,999.9,0,68.5,5,17.4,5,8.5,5
67561099999,"NDOLA SIMON MWANSA KAWEPEWE INTERNATIONAL, ZA",-12.9833333,28.65,1270.1,11/28/1990,59.2,7,10010,,999.9,,85.3, ,58.5, ,12,,0,G,9999.9,0,999.9,,999.9,0,70.1,7,16.7,7,3.4,7
67561099999,"NDOLA SIMON MWANSA KAWEPEWE INTERNATIONAL, ZA",-12.9833333,28.65,1270.1,11/29/1990,62.2,4,10,,999.9,,84.9,*,61.7, ,9.9,,0.08,G,9999.9,0,999.9,,999.9,0,80.5,4,17.1,4,3.7,4
67561099999,"NDOLA SIMON MWANSA KAWEPEWE INTERNATIONAL, ZA",-12.9833333,28.65,1270.1,12/2/1990,64.7,6,10000,,999.9,,77.7, ,64.9, ,5.1,,0,H,9999.9,0,999.9,,999.9,0,68.2,6,14.3,6,2.8,6
67561099999,"NDOLA SIMON MWANSA KAWEPEWE INTERNATIONAL, ZA",-12.9833333,28.65,1270.1,12/4/1990,9999.9,0,0,,999.9,,85.3,*,63.1, ,11.1,,0,A,9999.9,0,999.9,,999.9,0,76.8,4,17.1,4,6,4
67561099999,"NDOLA SIMON MWANSA KAWEPEWE INTERNATIONAL, ZA",-12.9833333,28.65,1270.1,12/7/1990,62,5,10,,999.9,,97.9,*,66.9,*,4.1,,0,I,9999.9,0,999.9,,999.9,0,79.1,5,18.6,5,2.4,5
67561099999,"NDOLA SIMON MWANSA KAWEPEWE INTERNATIONAL, ZA",-12.9833333,28.65,1270.1,12/9/1990,65.2,4,10,,999.9,,79.5,*,66, ,4.1,,0,I,9999.9,0,999.9,,999.9,0,73.7,4,14.8,4,1.7,4
67561099999,"NDOLA SIMON MWANSA KAWEPEWE INTERNATIONAL, ZA",-12.9833333,28.65,1270.1,12/10/1990,64.2,4,10000,,999.9,,81.9,*,62.6, ,9.9,,0.39,G,9999.9,0,999.9,,999.9,0,76.7,4,18.6,4,5.7,4
67561099999,"NDOLA SIMON MWANSA KAWEPEWE INTERNATIONAL, ZA",-12.9833333,28.65,1270.1,12/21/1990,63.7,5,10000,,999.9,,80.2,*,63.5, ,6,,1.06,G,9999.9,0,999.9,,999.9,0,71.2,5,15.5,5,2.2,5
67561099999,"NDOLA SIMON MWANSA KAWEPEWE INTERNATIONAL, ZA",-12.9833333,28.65,1270.1,12/23/1990,62.2,5,10,,999.9,,87.3, ,63,*,6,,0,I,9999.9,0,999.9,,999.9,0,69.9,5,19.9,5,2.6,5
67561099999,"NDOLA SIMON MWANSA KAWEPEWE INTERNATIONAL, ZA",-12.9833333,28.65,1270.1,12/24/1990,64.2,4,10,,999.9,,81.5,*,69.6,*,999.9,,0.2,G,9999.9,0,999.9,,999.9,0,76.2,4,16.3,4,999.9,0
67561099999,"NDOLA SIMON MWANSA KAWEPEWE INTERNATIONAL, ZA",-12.9833333,28.65,1270.1,12/26/1990,65.2,4,10,,999.9,,81.5,*,62.8, ,6,,0.08,G,9999.9,0,999.9,,999.9,0,73.2,4,18.6,4,3.8,4
67561099999,"NDOLA SIMON MWANSA KAWEPEWE INTERNATIONAL, ZA",-12.9833333,28.65,1270.1,12/27/1990,63.7,6,10010,,999.9,,74.8,*,62.2, ,6,,1.77,G,9999.9,0,999.9,,999.9,0,67.9,6,10.7,6,3.9,6
67561099999,"NDOLA SIMON MWANSA KAWEPEWE INTERNATIONAL, ZA",-12.9833333,28.65,1270.1,12/29/1990,63.8,4,10000,,999.9,,66.4,*,65.7,*,5.1,,99.99, ,9999.9,0,999.9,,999.9,0,66,4,17.1,4,1.3,4
67561099999,"NDOLA SIMON MWANSA KAWEPEWE INTERNATIONAL, ZA",-12.9833333,28.65,1270.1,12/31/1990,63.8,4,10010,,999.9,,73.8,*,62.2,*,4.1,,99.99, ,9999.9,0,999.9,,999.9,0,67.9,4,15.5,4,2.8,4
67561099999,"NDOLA SIMON MWANSA KAWEPEWE INTERNATIONAL, ZA",-12.9833333,28.65,1270.1,1/2/1991,64.3,5,10010,,999.9,,71.2,*,63.5, ,6,,0.04,G,9999.9,0,999.9,,999.9,0,67.1,5,14.8,5,1.2,5
67561099999,"NDOLA SIMON MWANSA KAWEPEWE INTERNATIONAL, ZA",-12.9833333,28.65,1270.1,1/7/1991,63.8,5,10000,,999.9,,71.4,*,64, ,11.1,,0.98,G,9999.9,0,999.9,,999.9,0,66.9,5,10.4,5,3,4
67561099999,"NDOLA SIMON MWANSA KAWEPEWE INTERNATIONAL, ZA",-12.9833333,28.65,1270.1,1/10/1991,63.9,4,10,,999.9,,79.9,*,65.3,*,7,,0,I,9999.9,0,999.9,,999.9,0,72.5,4,17.9,4,1.7,4
67561099999,"NDOLA SIMON MWANSA KAWEPEWE INTERNATIONAL, ZA",-12.9833333,28.65,1270.1,1/11/1991,65.4,7,10,,999.9,,82.9,*,64.2, ,9.9,,0.43,G,9999.9,0,999.9,,999.9,0,71.9,7,14.2,7,3.1,7
67561099999,"NDOLA SIMON MWANSA KAWEPEWE INTERNATIONAL, ZA",-12.9833333,28.65,1270.1,1/12/1991,66.1,5,10,,999.9,,82.8, ,70,*,4.1,,0,G,9999.9,0,999.9,,999.9,0,77.1,6,16.6,6,1.2,6
67561099999,"NDOLA SIMON MWANSA KAWEPEWE INTERNATIONAL, ZA",-12.9833333,28.65,1270.1,1/14/1991,65.8,5,0,,999.9,,80.4, ,63, ,6,,0.59,G,9999.9,0,999.9,,999.9,0,73,5,17.4,5,4.2,5
67561099999,"NDOLA SIMON MWANSA KAWEPEWE INTERNATIONAL, ZA",-12.9833333,28.65,1270.1,1/25/1991,63.9,4,10000,,999.9,,80.2, ,66.7,*,6,,99.99, ,9999.9,0,999.9,,999.9,0,72.4,4,12.4,4,3.5,4
67561099999,"NDOLA SIMON MWANSA KAWEPEWE INTERNATIONAL, ZA",-12.9833333,28.65,1270.1,1/26/1991,64.1,4,10000,,999.9,,79.5, ,61.5, ,4.1,,1.22,G,9999.9,0,999.9,,999.9,0,69.4,4,12.4,4,2.5,4
67561099999,"NDOLA SIMON MWANSA KAWEPEWE INTERNATIONAL, ZA",-12.9833333,28.65,1270.1,1/28/1991,64.4,7,10010,,999.9,,79.3,*,62.4, ,6,,99.99, ,9999.9,0,999.9,,999.9,0,70,7,12.3,7,2.9,7
67561099999,"NDOLA SIMON MWANSA KAWEPEWE INTERNATIONAL, ZA",-12.9833333,28.65,1270.1,1/30/1991,63.4,5,10000,,999.9,,78.4,*,63.3, ,2.9,,1.22,G,9999.9,0,999.9,,999.9,0,70.7,5,15.5,5,0.6,5
67561099999,"NDOLA SIMON MWANSA KAWEPEWE INTERNATIONAL, ZA",-12.9833333,28.65,1270.1,2/8/1991,9999.9,0,10000,,999.9,,67.8,*,61.9, ,4.1,,0.12,G,9999.9,0,999.9,,999.9,0,65.3,4,17.1,4,1,4
67561099999,"NDOLA SIMON MWANSA KAWEPEWE INTERNATIONAL, ZA",-12.9833333,28.65,1270.1,2/14/1991,64.5,4,10000,,999.9,,75,*,64.4,*,7,,0.24,G,9999.9,0,999.9,,999.9,0,69.8,4,17.1,4,4.8,4
67561099999,"NDOLA SIMON MWANSA KAWEPEWE INTERNATIONAL, ZA",-12.9833333,28.65,1270.1,2/28/1991,60.5,4,10000,,999.9,,76.1,*,64.9,*,4.1,,99.99, ,9999.9,0,999.9,,999.9,0,68.6,4,16.3,4,2.5,4
67561099999,"NDOLA SIMON MWANSA KAWEPEWE INTERNATIONAL, ZA",-12.9833333,28.65,1270.1,3/7/1991,63.4,4,0,,999.9,,78.1,*,63.5, ,8,,0.08,G,9999.9,0,999.9,,999.9,0,69.1,4,18.6,4,3.3,4
67561099999,"NDOLA SIMON MWANSA KAWEPEWE INTERNATIONAL, ZA",-12.9833333,28.65,1270.1,4/18/1991,55.9,5,0,,999.9,,81.3,*,54.1, ,6,,0,A,9999.9,0,999.9,,999.9,0,72.3,5,18.6,5,3.7,4
67561099999,"NDOLA SIMON MWANSA KAWEPEWE INTERNATIONAL, ZA",-12.9833333,28.65,1270.1,4/25/1991,56.9,5,0,,999.9,,82.2, ,55.8, ,8,,0,A,9999.9,0,999.9,,999.9,0,65.9,5,18.6,5,3.6,5
67561099999,"NDOLA SIMON MWANSA KAWEPEWE INTERNATIONAL, ZA",-12.9833333,28.65,1270.1,5/1/1991,52.8,4,0,,999.9,,78.8,*,50.7, ,6,,0,I,9999.9,0,999.9,,999.9,0,72.5,4,18.6,4,4.5,4
67561099999,"NDOLA SIMON MWANSA KAWEPEWE INTERNATIONAL, ZA",-12.9833333,28.65,1270.1,5/6/1991,57.4,4,10000,,999.9,,73.4,*,61.7, ,9.9,,0.04,G,9999.9,0,999.9,,999.9,0,67.2,4,17.9,4,4.2,4
67561099999,"NDOLA SIMON MWANSA KAWEPEWE INTERNATIONAL, ZA",-12.9833333,28.65,1270.1,5/10/1991,54.1,4,0,,999.9,,83.1, ,58.1,*,5.1,,0,I,9999.9,0,999.9,,999.9,0,70.6,4,18.6,4,3.2,4
67561099999,"NDOLA SIMON MWANSA KAWEPEWE INTERNATIONAL, ZA",-12.9833333,28.65,1270.1,6/12/1991,44,4,0,,999.9,,73.9, ,60.3,*,8,,0,I,9999.9,0,999.9,,999.9,0,67.6,4,18.6,4,6,4
67561099999,"NDOLA SIMON MWANSA KAWEPEWE INTERNATIONAL, ZA",-12.9833333,28.65,1270.1,6/18/1991,46.4,4,0,,999.9,,81.5,*,54.7,*,7,,0,A,9999.9,0,999.9,,999.9,0,72.7,4,14.6,4,3.8,4
67561099999,"NDOLA SIMON MWANSA KAWEPEWE INTERNATIONAL, ZA",-12.9833333,28.65,1270.1,6/19/1991,46.5,6,0,,999.9,,79,*,46, ,8,,0,A,9999.9,0,999.9,,999.9,0,59.6,6,12.7,6,4.7,6
67561099999,"NDOLA SIMON MWANSA KAWEPEWE INTERNATIONAL, ZA",-12.9833333,28.65,1270.1,6/24/1991,46,6,0,,999.9,,82.9,*,48.4, ,5.1,,0,A,9999.9,0,999.9,,999.9,0,66.4,6,10.1,6,2.5,6
67561099999,"NDOLA SIMON MWANSA KAWEPEWE INTERNATIONAL, ZA",-12.9833333,28.65,1270.1,6/26/1991,45.6,4,0,,999.9,,82.2,*,46.9, ,15,,0,A,9999.9,0,999.9,,999.9,0,66.6,4,10.1,4,5.2,4
67561099999,"NDOLA SIMON MWANSA KAWEPEWE INTERNATIONAL, ZA",-12.9833333,28.65,1270.1,7/1/1991,40.9,5,0,,999.9,,76.1,*,47.5, ,13,,0,A,9999.9,0,999.9,,999.9,0,65.3,5,13,5,5.4,5
67561099999,"NDOLA SIMON MWANSA KAWEPEWE INTERNATIONAL, ZA",-12.9833333,28.65,1270.1,7/7/1991,48.3,5,0,,999.9,,83.8, ,49.6, ,8,,0,A,9999.9,0,999.9,,999.9,0,73.5,5,13.4,5,3.6,5
67561099999,"NDOLA SIMON MWANSA KAWEPEWE INTERNATIONAL, ZA",-12.9833333,28.65,1270.1,7/11/1991,45.4,4,0,,999.9,,77.5, ,44.1, ,6,,0,A,9999.9,0,999.9,,999.9,0,58.1,4,14,4,1.5,4
67561099999,"NDOLA SIMON MWANSA KAWEPEWE INTERNATIONAL, ZA",-12.9833333,28.65,1270.1,7/14/1991,48.1,4,0,,999.9,,72.9,*,57.9,*,12,,0,I,9999.9,0,999.9,,999.9,0,65.1,4,14.8,4,8.3,4
67561099999,"NDOLA SIMON MWANSA KAWEPEWE INTERNATIONAL, ZA",-12.9833333,28.65,1270.1,7/15/1991,47.8,5,0,,999.9,,71.8, ,48.4, ,18.1,,0,A,9999.9,0,999.9,,999.9,0,60.4,5,14,5,4.6,5
67561099999,"NDOLA SIMON MWANSA KAWEPEWE INTERNATIONAL, ZA",-12.9833333,28.65,1270.1,7/16/1991,37.2,4,0,,999.9,,74.8, ,55.4, ,12,,0,A,9999.9,0,999.9,,999.9,0,65.5,4,15.5,4,9,4
67561099999,"NDOLA SIMON MWANSA KAWEPEWE INTERNATIONAL, ZA",-12.9833333,28.65,1270.1,7/18/1991,40.2,4,0,,999.9,,64.9,*,45.7, ,18.1,,0,A,9999.9,0,999.9,,999.9,0,60,4,15.5,4,12.5,4
67561099999,"NDOLA SIMON MWANSA KAWEPEWE INTERNATIONAL, ZA",-12.9833333,28.65,1270.1,7/19/1991,38.8,5,0,,999.9,,74.7,*,35.6, ,9.9,,0,A,9999.9,0,999.9,,999.9,0,63.4,5,13.7,5,8,5
67561099999,"NDOLA SIMON MWANSA KAWEPEWE INTERNATIONAL, ZA",-12.9833333,28.65,1270.1,7/20/1991,43.2,5,0,,999.9,,75.2, ,40.6, ,7,,0,A,9999.9,0,999.9,,999.9,0,64.2,5,21.1,5,4.8,5
67561099999,"NDOLA SIMON MWANSA KAWEPEWE INTERNATIONAL, ZA",-12.9833333,28.65,1270.1,7/21/1991,40.2,5,0,,999.9,,71.2,*,43.3,*,12,,0,I,9999.9,0,999.9,,999.9,0,60.2,5,16.2,5,5.2,5
67561099999,"NDOLA SIMON MWANSA KAWEPEWE INTERNATIONAL, ZA",-12.9833333,28.65,1270.1,7/24/1991,40.8,4,0,,999.9,,78.1,*,40.8, ,7,,0,A,9999.9,0,999.9,,999.9,0,61.9,4,10.9,4,2.2,4
67561099999,"NDOLA SIMON MWANSA KAWEPEWE INTERNATIONAL, ZA",-12.9833333,28.65,1270.1,7/29/1991,43.3,4,0,,999.9,,73.6,*,52.5, ,15,,0,A,9999.9,0,999.9,,999.9,0,67.7,4,14,4,11,4
67561099999,"NDOLA SIMON MWANSA KAWEPEWE INTERNATIONAL, ZA",-12.9833333,28.65,1270.1,8/4/1991,38.8,6,0,,999.9,,83.5,*,43.7,*,8,,0,A,9999.9,0,999.9,,999.9,0,65.2,6,6.8,6,3.5,6
67561099999,"NDOLA SIMON MWANSA KAWEPEWE INTERNATIONAL, ZA",-12.9833333,28.65,1270.1,8/9/1991,44.6,4,0,,999.9,,80.8, ,51.4, ,999.9,,0,A,9999.9,0,999.9,,999.9,0,68.9,4,9.9,4,999.9,0
67561099999,"NDOLA SIMON MWANSA KAWEPEWE INTERNATIONAL, ZA",-12.9833333,28.65,1270.1,8/10/1991,46.9,7,0,,999.9,,83.7, ,49.1,*,8,,0,A,9999.9,0,999.9,,999.9,0,66.6,7,11.3,7,3.1,7
67561099999,"NDOLA SIMON MWANSA KAWEPEWE INTERNATIONAL, ZA",-12.9833333,28.65,1270.1,8/11/1991,45.8,5,0,,999.9,,83.1, ,49.1, ,9.9,,0,A,9999.9,0,999.9,,999.9,0,72.8,5,12.2,5,6.8,5
67561099999,"NDOLA SIMON MWANSA KAWEPEWE INTERNATIONAL, ZA",-12.9833333,28.65,1270.1,8/12/1991,42.4,4,0,,999.9,,80.2, ,67.3,*,15,,0,I,9999.9,0,999.9,,999.9,0,73.9,4,15.5,4,11.2,4
67561099999,"NDOLA SIMON MWANSA KAWEPEWE INTERNATIONAL, ZA",-12.9833333,28.65,1270.1,8/14/1991,43.3,4,0,,999.9,,73.4,*,44.2, ,7,,0,A,9999.9,0,999.9,,999.9,0,66.6,4,18.6,4,4.8,4
67561099999,"NDOLA SIMON MWANSA KAWEPEWE INTERNATIONAL, ZA",-12.9833333,28.65,1270.1,8/15/1991,44.6,5,0,,999.9,,77.7,*,44.6, ,6,,0,A,9999.9,0,999.9,,999.9,0,65.6,5,13.7,5,4,5
67561099999,"NDOLA SIMON MWANSA KAWEPEWE INTERNATIONAL, ZA",-12.9833333,28.65,1270.1,8/16/1991,44.9,6,0,,999.9,,83.1, ,46, ,7,,0,A,9999.9,0,999.9,,999.9,0,68.1,6,10.9,6,3.4,6
67561099999,"NDOLA SIMON MWANSA KAWEPEWE INTERNATIONAL, ZA",-12.9833333,28.65,1270.1,8/17/1991,55.2,6,0,,999.9,,83.3,*,47.7, ,4.1,,0,A,9999.9,0,999.9,,999.9,0,64.8,6,8.7,6,1,6
67561099999,"NDOLA SIMON MWANSA KAWEPEWE INTERNATIONAL, ZA",-12.9833333,28.65,1270.1,8/18/1991,58.5,4,0,,999.9,,83.3,*,50, ,6,,0,A,9999.9,0,999.9,,999.9,0,75.8,4,13.2,4,3.7,4
67561099999,"NDOLA SIMON MWANSA KAWEPEWE INTERNATIONAL, ZA",-12.9833333,28.65,1270.1,8/21/1991,59.9,4,0,,999.9,,88.5, ,50.7, ,11.1,,0,A,9999.9,0,999.9,,999.9,0,76.2,4,8.4,4,6,4
67561099999,"NDOLA SIMON MWANSA KAWEPEWE INTERNATIONAL, ZA",-12.9833333,28.65,1270.1,8/22/1991,61.5,4,0,,999.9,,85.1,*,50.2, ,12,,0,A,9999.9,0,999.9,,999.9,0,77.3,4,8.2,4,7.2,4
67561099999,"NDOLA SIMON MWANSA KAWEPEWE INTERNATIONAL, ZA",-12.9833333,28.65,1270.1,8/23/1991,59.1,4,0,,999.9,,83.1,*,52, ,7,,0,A,9999.9,0,999.9,,999.9,0,73.6,4,7.8,4,5.5,4
67561099999,"NDOLA SIMON MWANSA KAWEPEWE INTERNATIONAL, ZA",-12.9833333,28.65,1270.1,8/24/1991,43.5,4,0,,999.9,,84.4,*,51.6, ,8.9,,0,A,9999.9,0,999.9,,999.9,0,75.7,4,6.2,4,3.7,4
67561099999,"NDOLA SIMON MWANSA KAWEPEWE INTERNATIONAL, ZA",-12.9833333,28.65,1270.1,8/25/1991,43.2,4,0,,999.9,,85.1, ,52.2, ,11.1,,0,A,9999.9,0,999.9,,999.9,0,73.1,4,7.8,4,7,4
67561099999,"NDOLA SIMON MWANSA KAWEPEWE INTERNATIONAL, ZA",-12.9833333,28.65,1270.1,8/26/1991,42.6,4,0,,999.9,,80.8,*,51.1, ,999.9,,0,A,9999.9,0,999.9,,999.9,0,61.7,4,5.3,4,999.9,0
67561099999,"NDOLA SIMON MWANSA KAWEPEWE INTERNATIONAL, ZA",-12.9833333,28.65,1270.1,8/28/1991,45.4,5,0,,999.9,,84.4, ,49.6, ,11.1,,0,A,9999.9,0,999.9,,999.9,0,63.2,5,5,5,6.2,5
67561099999,"NDOLA SIMON MWANSA KAWEPEWE INTERNATIONAL, ZA",-12.9833333,28.65,1270.1,8/30/1991,38.1,4,0,,999.9,,88,*,59,*,9.9,,0,A,9999.9,0,999.9,,999.9,0,78.4,4,999.9,0,6.2,4
67561099999,"NDOLA SIMON MWANSA KAWEPEWE INTERNATIONAL, ZA",-12.9833333,28.65,1270.1,9/1/1991,49.2,4,0,,999.9,,84.7,*,55.9, ,14,,0,A,9999.9,0,999.9,,999.9,0,77,4,5.6,4,10.7,4
67561099999,"NDOLA SIMON MWANSA KAWEPEWE INTERNATIONAL, ZA",-12.9833333,28.65,1270.1,9/2/1991,45.4,4,0,,999.9,,82,*,54.7, ,14,,0,A,9999.9,0,999.9,,999.9,0,71.3,4,6.1,4,11,4
67561099999,"NDOLA SIMON MWANSA KAWEPEWE INTERNATIONAL, ZA",-12.9833333,28.65,1270.1,9/3/1991,42.3,4,0,,999.9,,81,*,50.4, ,15,,0,A,9999.9,0,999.9,,999.9,0,74.4,4,9.3,4,8.5,4
67561099999,"NDOLA SIMON MWANSA KAWEPEWE INTERNATIONAL, ZA",-12.9833333,28.65,1270.1,9/4/1991,40.5,4,0,,999.9,,84.6,*,49.1, ,6,,0,A,9999.9,0,999.9,,999.9,0,76.7,4,9.8,4,3.5,4
67561099999,"NDOLA SIMON MWANSA KAWEPEWE INTERNATIONAL, ZA",-12.9833333,28.65,1270.1,9/5/1991,38.4,6,0,,999.9,,88.2,*,50.7, ,9.9,,0,A,9999.9,0,999.9,,999.9,0,71.3,6,9.3,6,4.5,6
67561099999,"NDOLA SIMON MWANSA KAWEPEWE INTERNATIONAL, ZA",-12.9833333,28.65,1270.1,9/6/1991,36.4,4,0,,999.9,,89.6,*,52,*,999.9,,0,I,9999.9,0,999.9,,999.9,0,63.5,4,8.2,4,999.9,0
67561099999,"NDOLA SIMON MWANSA KAWEPEWE INTERNATIONAL, ZA",-12.9833333,28.65,1270.1,9/10/1991,41.5,6,0,,999.9,,90.3, ,54.7, ,7,,0,A,9999.9,0,999.9,,999.9,0,82.3,6,5.7,6,4.3,6
67561099999,"NDOLA SIMON MWANSA KAWEPEWE INTERNATIONAL, ZA",-12.9833333,28.65,1270.1,9/12/1991,44.7,4,0,,999.9,,91.2, ,56.3, ,7,,0,A,9999.9,0,999.9,,999.9,0,77.9,4,6.8,4,5.8,4
67561099999,"NDOLA SIMON MWANSA KAWEPEWE INTERNATIONAL, ZA",-12.9833333,28.65,1270.1,9/13/1991,40.7,4,0,,999.9,,86.5,*,59.7,*,9.9,,0,A,9999.9,0,999.9,,999.9,0,74.3,4,5.9,4,5.5,4
67561099999,"NDOLA SIMON MWANSA KAWEPEWE INTERNATIONAL, ZA",-12.9833333,28.65,1270.1,10/8/1991,38.5,4,0,,999.9,,91.4,*,58.5, ,15,,0,A,9999.9,0,999.9,,999.9,0,85,4,7,4,10.4,4
67561099999,"NDOLA SIMON MWANSA KAWEPEWE INTERNATIONAL, ZA",-12.9833333,28.65,1270.1,10/14/1991,61.3,5,10010,,999.9,,72,*,62.2, ,6,,0.28,G,9999.9,0,999.9,,999.9,0,68.7,5,6,5,3.4,5
67561099999,"NDOLA SIMON MWANSA KAWEPEWE INTERNATIONAL, ZA",-12.9833333,28.65,1270.1,10/16/1991,63.1,4,10010,,999.9,,77.2,*,62.6, ,5.1,,0.87,G,9999.9,0,999.9,,999.9,0,70.9,4,14,4,1.3,4
67561099999,"NDOLA SIMON MWANSA KAWEPEWE INTERNATIONAL, ZA",-12.9833333,28.65,1270.1,10/18/1991,54.7,4,0,,999.9,,86.7, ,61.9, ,11.1,,0,A,9999.9,0,999.9,,999.9,0,73.4,4,14.8,4,4.8,4
67561099999,"NDOLA SIMON MWANSA KAWEPEWE INTERNATIONAL, ZA",-12.9833333,28.65,1270.1,10/19/1991,56.2,6,0,,999.9,,86.7,*,61.7, ,5.1,,0,A,9999.9,0,999.9,,999.9,0,75.5,6,13.5,6,2.5,6
67561099999,"NDOLA SIMON MWANSA KAWEPEWE INTERNATIONAL, ZA",-12.9833333,28.65,1270.1,10/22/1991,52.9,6,0,,999.9,,87.1,*,60.6, ,7,,0,A,9999.9,0,999.9,,999.9,0,75.4,6,16.1,6,3.9,6
67561099999,"NDOLA SIMON MWANSA KAWEPEWE INTERNATIONAL, ZA",-12.9833333,28.65,1270.1,10/25/1991,59,4,10,,999.9,,78.8,*,61.2, ,9.9,,0.12,G,9999.9,0,999.9,,999.9,0,74.3,4,18.6,4,7.2,4
67561099999,"NDOLA SIMON MWANSA KAWEPEWE INTERNATIONAL, ZA",-12.9833333,28.65,1270.1,10/27/1991,57.5,6,10,,999.9,,80.6,*,60.6, ,12,,0,A,9999.9,0,999.9,,999.9,0,72.2,6,17.1,6,4.8,6
67561099999,"NDOLA SIMON MWANSA KAWEPEWE INTERNATIONAL, ZA",-12.9833333,28.65,1270.1,10/28/1991,55,5,0,,999.9,,87.4, ,61.7, ,11.1,,0,A,9999.9,0,999.9,,999.9,0,79,5,17.4,5,7.2,5
67561099999,"NDOLA SIMON MWANSA KAWEPEWE INTERNATIONAL, ZA",-12.9833333,28.65,1270.1,11/4/1991,56.1,6,10,,999.9,,88.9, ,63.1,*,15,,0,A,9999.9,0,999.9,,999.9,0,73.6,6,16.1,6,6.3,6
67561099999,"NDOLA SIMON MWANSA KAWEPEWE INTERNATIONAL, ZA",-12.9833333,28.65,1270.1,11/5/1991,55.8,5,10010,,999.9,,89.6, ,64.2, ,15,,0,G,9999.9,0,999.9,,999.9,0,81.1,5,14.3,5,8.6,5
67561099999,"NDOLA SIMON MWANSA KAWEPEWE INTERNATIONAL, ZA",-12.9833333,28.65,1270.1,11/8/1991,53.7,4,0,,999.9,,88.2,*,61.7, ,8,,0,A,9999.9,0,999.9,,999.9,0,82,4,17.9,4,5,4
67561099999,"NDOLA SIMON MWANSA KAWEPEWE INTERNATIONAL, ZA",-12.9833333,28.65,1270.1,11/24/1991,57.4,4,0,,999.9,,76.1,*,60.4,*,8,,0,A,9999.9,0,999.9,,999.9,0,69.1,4,18.6,4,6,4
67561099999,"NDOLA SIMON MWANSA KAWEPEWE INTERNATIONAL, ZA",-12.9833333,28.65,1270.1,11/26/1991,9999.9,0,10010,,999.9,,79.7,*,65.1, ,6,,0.04,G,9999.9,0,999.9,,999.9,0,71.7,4,15.5,4,2.8,4
67561099999,"NDOLA SIMON MWANSA KAWEPEWE INTERNATIONAL, ZA",-12.9833333,28.65,1270.1,11/29/1991,60.7,5,0,,999.9,,86.7, ,64.9, ,9.9,,0,A,9999.9,0,999.9,,999.9,0,79.9,5,18.6,5,5.8,5
67561099999,"NDOLA SIMON MWANSA KAWEPEWE INTERNATIONAL, ZA",-12.9833333,28.65,1270.1,11/30/1991,58.9,5,0,,999.9,,83.7,*,62.6,*,8.9,,0,I,9999.9,0,999.9,,999.9,0,74.7,5,18.6,5,3.8,5
67561099999,"NDOLA SIMON MWANSA KAWEPEWE INTERNATIONAL, ZA",-12.9833333,28.65,1270.1,12/3/1991,61.8,5,10,,999.9,,86.7, ,64.4, ,8.9,,0,A,9999.9,0,999.9,,999.9,0,76.4,5,18.6,5,4,4
67561099999,"NDOLA SIMON MWANSA KAWEPEWE INTERNATIONAL, ZA",-12.9833333,28.65,1270.1,12/17/1991,64.7,5,10010,,999.9,,81,*,64.6, ,9.9,,0.04,G,9999.9,0,999.9,,999.9,0,73.4,5,16.8,5,4.8,5
67561099999,"NDOLA SIMON MWANSA KAWEPEWE INTERNATIONAL, ZA",-12.9833333,28.65,1270.1,12/18/1991,63.9,5,0,,999.9,,77.2,*,65.3, ,5.1,,0.04,G,9999.9,0,999.9,,999.9,0,71.1,5,18,5,3,4
67561099999,"NDOLA SIMON MWANSA KAWEPEWE INTERNATIONAL, ZA",-12.9833333,28.65,1270.1,12/24/1991,65,4,10010,,999.9,,78.4,*,60.1, ,15.9,,0,G,9999.9,0,999.9,,999.9,0,72.1,4,10.3,4,7.5,4
67561099999,"NDOLA SIMON MWANSA KAWEPEWE INTERNATIONAL, ZA",-12.9833333,28.65,1270.1,12/27/1991,63.1,4,10000,,999.9,,69.3,*,62.8,*,4.1,,0.24,G,9999.9,0,999.9,,999.9,0,64.7,4,9.8,4,1,4
67561099999,"NDOLA SIMON MWANSA KAWEPEWE INTERNATIONAL, ZA",-12.9833333,28.65,1270.1,1/8/1992,63.8,5,10,,999.9,,78.6,*,63, ,8,,0.02,G,9999.9,0,999.9,,999.9,0,71.9,5,18,5,3.4,5
67561099999,"NDOLA SIMON MWANSA KAWEPEWE INTERNATIONAL, ZA",-12.9833333,28.65,1270.1,1/12/1992,60.9,4,0,,999.9,,81,*,63,*,7,,0,I,9999.9,0,999.9,,999.9,0,71.2,4,17.9,4,2.5,4
67561099999,"NDOLA SIMON MWANSA KAWEPEWE INTERNATIONAL, ZA",-12.9833333,28.65,1270.1,1/21/1992,63.3,7,10000,,999.9,,85.5,*,62.2, ,4.1,,0.28,G,9999.9,0,999.9,,999.9,0,74.6,7,15.3,7,1.4,7
67561099999,"NDOLA SIMON MWANSA KAWEPEWE INTERNATIONAL, ZA",-12.9833333,28.65,1270.1,1/23/1992,63.5,4,0,,999.9,,82.6, ,63.3, ,5.1,,0.43,G,9999.9,0,999.9,,999.9,0,75.1,4,17.9,4,2.3,4
67561099999,"NDOLA SIMON MWANSA KAWEPEWE INTERNATIONAL, ZA",-12.9833333,28.65,1270.1,1/24/1992,62.9,5,0,,999.9,,83.3,*,63.7, ,6,,0.16,G,9999.9,0,999.9,,999.9,0,73.3,5,15.5,5,2.4,5
67561099999,"NDOLA SIMON MWANSA KAWEPEWE INTERNATIONAL, ZA",-12.9833333,28.65,1270.1,1/25/1992,64.6,5,10010,,999.9,,78.4, ,63.7, ,6,,0.83,G,9999.9,0,999.9,,999.9,0,69,5,8.7,5,2.6,5
67561099999,"NDOLA SIMON MWANSA KAWEPEWE INTERNATIONAL, ZA",-12.9833333,28.65,1270.1,1/28/1992,63,7,10000,,999.9,,73.8, ,63.3,*,8.9,,0.16,G,9999.9,0,999.9,,999.9,0,66.5,7,17.8,7,3.8,7
67561099999,"NDOLA SIMON MWANSA KAWEPEWE INTERNATIONAL, ZA",-12.9833333,28.65,1270.1,1/30/1992,62.2,4,0,,999.9,,80.6,*,61.9, ,8,,0.04,G,9999.9,0,999.9,,999.9,0,69,4,15.5,4,2.7,4
67561099999,"NDOLA SIMON MWANSA KAWEPEWE INTERNATIONAL, ZA",-12.9833333,28.65,1270.1,2/3/1992,63.4,4,10,,999.9,,84.9, ,68.2,*,8,,0,I,9999.9,0,999.9,,999.9,0,76.1,4,18.6,4,4.7,4
67561099999,"NDOLA SIMON MWANSA KAWEPEWE INTERNATIONAL, ZA",-12.9833333,28.65,1270.1,2/4/1992,63,5,10010,,999.9,,76.8,*,61.9, ,8,,0.04,G,9999.9,0,999.9,,999.9,0,69.9,5,13.8,5,3,4
67561099999,"NDOLA SIMON MWANSA KAWEPEWE INTERNATIONAL, ZA",-12.9833333,28.65,1270.1,2/5/1992,59.6,5,100000,,999.9,,83.8, ,60.6, ,2.9,,0.08,G,9999.9,0,999.9,,999.9,0,74.6,5,13,5,0.7,4
67561099999,"NDOLA SIMON MWANSA KAWEPEWE INTERNATIONAL, ZA",-12.9833333,28.65,1270.1,2/6/1992,61.9,5,10010,,999.9,,78.6,*,63.1, ,7,,0,G,9999.9,0,999.9,,999.9,0,72.4,5,16.2,5,5,5
67561099999,"NDOLA SIMON MWANSA KAWEPEWE INTERNATIONAL, ZA",-12.9833333,28.65,1270.1,2/8/1992,63,4,0,,999.9,,84, ,69.3,*,11.1,,0,I,9999.9,0,999.9,,999.9,0,76.3,4,17.1,4,5.7,4
67561099999,"NDOLA SIMON MWANSA KAWEPEWE INTERNATIONAL, ZA",-12.9833333,28.65,1270.1,2/9/1992,62.6,5,10,,999.9,,79,*,61.9, ,9.9,,0,A,9999.9,0,999.9,,999.9,0,70.2,5,15.5,5,3,5
67561099999,"NDOLA SIMON MWANSA KAWEPEWE INTERNATIONAL, ZA",-12.9833333,28.65,1270.1,2/10/1992,62.8,6,110010,,999.9,,83.7, ,60.1, ,7,,99.99, ,9999.9,0,999.9,,999.9,0,70.3,6,14.6,6,2.3,6
67561099999,"NDOLA SIMON MWANSA KAWEPEWE INTERNATIONAL, ZA",-12.9833333,28.65,1270.1,2/11/1992,62.3,6,100000,,999.9,,82.2, ,60.1, ,7,,0.87,G,9999.9,0,999.9,,999.9,0,69.3,6,13.6,6,2.5,6
67561099999,"NDOLA SIMON MWANSA KAWEPEWE INTERNATIONAL, ZA",-12.9833333,28.65,1270.1,2/12/1992,62,5,100000,,999.9,,83.3, ,59.9, ,8,,0,G,9999.9,0,999.9,,999.9,0,74,5,15,5,3.8,5
67561099999,"NDOLA SIMON MWANSA KAWEPEWE INTERNATIONAL, ZA",-12.9833333,28.65,1270.1,2/13/1992,61,5,0,,999.9,,83.7,*,60.1,*,5.1,,0,A,9999.9,0,999.9,,999.9,0,71,5,16.8,5,1,5
67561099999,"NDOLA SIMON MWANSA KAWEPEWE INTERNATIONAL, ZA",-12.9833333,28.65,1270.1,2/15/1992,63.3,4,10010,,999.9,,87.8, ,61, ,12,,0,H,9999.9,0,999.9,,999.9,0,78.9,4,14,4,3.7,4
67561099999,"NDOLA SIMON MWANSA KAWEPEWE INTERNATIONAL, ZA",-12.9833333,28.65,1270.1,2/19/1992,61.8,5,0,,999.9,,86.7, ,61.3, ,8.9,,0,I,9999.9,0,999.9,,999.9,0,74.4,5,14.9,5,2.4,5
67561099999,"NDOLA SIMON MWANSA KAWEPEWE INTERNATIONAL, ZA",-12.9833333,28.65,1270.1,2/24/1992,61.7,5,10,,999.9,,89.1, ,61.2,*,2.9,,0,I,9999.9,0,999.9,,999.9,0,73.8,5,17.4,5,1.2,5
67561099999,"NDOLA SIMON MWANSA KAWEPEWE INTERNATIONAL, ZA",-12.9833333,28.65,1270.1,2/25/1992,63.9,4,10010,,999.9,,82.9,*,64.4, ,8,,0.2,G,9999.9,0,999.9,,999.9,0,74.3,4,12.4,4,4.3,4
67561099999,"NDOLA SIMON MWANSA KAWEPEWE INTERNATIONAL, ZA",-12.9833333,28.65,1270.1,2/26/1992,63.3,7,100000,,999.9,,84.7, ,61.5, ,5.1,,0,G,9999.9,0,999.9,,999.9,0,72,7,13.6,7,1.6,7
67561099999,"NDOLA SIMON MWANSA KAWEPEWE INTERNATIONAL, ZA",-12.9833333,28.65,1270.1,2/27/1992,64.1,5,0,,999.9,,83.3,*,62.4, ,8,,0,A,9999.9,0,999.9,,999.9,0,75.6,5,13.7,5,3.2,5
67561099999,"NDOLA SIMON MWANSA KAWEPEWE INTERNATIONAL, ZA",-12.9833333,28.65,1270.1,2/29/1992,61.6,6,100010,,999.9,,86.7, ,64.4,*,1.9,,0.35,G,9999.9,0,999.9,,999.9,0,74.8,6,17.1,6,0.5,6
67561099999,"NDOLA SIMON MWANSA KAWEPEWE INTERNATIONAL, ZA",-12.9833333,28.65,1270.1,3/1/1992,63.1,5,10010,,999.9,,79.5,*,61.9, ,12,,0,G,9999.9,0,999.9,,999.9,0,69.6,5,14.9,5,4,5
67561099999,"NDOLA SIMON MWANSA KAWEPEWE INTERNATIONAL, ZA",-12.9833333,28.65,1270.1,3/3/1992,63.1,5,10,,999.9,,86.2, ,62.1, ,5.1,,0,G,9999.9,0,999.9,,999.9,0,73.5,5,16.2,5,2.8,5
67561099999,"NDOLA SIMON MWANSA KAWEPEWE INTERNATIONAL, ZA",-12.9833333,28.65,1270.1,3/4/1992,64.5,4,10010,,999.9,,80.4, ,64.2, ,4.1,,0.43,G,9999.9,0,999.9,,999.9,0,70.7,4,15.5,4,2.3,4
67561099999,"NDOLA SIMON MWANSA KAWEPEWE INTERNATIONAL, ZA",-12.9833333,28.65,1270.1,3/5/1992,65.3,4,10010,,999.9,,78.8,*,65.1,*,6,,0.12,G,9999.9,0,999.9,,999.9,0,69.9,4,14.8,4,2.5,4
67561099999,"NDOLA SIMON MWANSA KAWEPEWE INTERNATIONAL, ZA",-12.9833333,28.65,1270.1,3/6/1992,63.9,4,100000,,999.9,,82.6,*,62.6, ,8.9,,0.02,G,9999.9,0,999.9,,999.9,0,74.2,4,17.1,4,4.5,4
67561099999,"NDOLA SIMON MWANSA KAWEPEWE INTERNATIONAL, ZA",-12.9833333,28.65,1270.1,3/7/1992,62.5,5,10,,999.9,,83.1, ,62.4, ,6,,0,G,9999.9,0,999.9,,999.9,0,70.9,5,16.8,5,2.8,4
67561099999,"NDOLA SIMON MWANSA KAWEPEWE INTERNATIONAL, ZA",-12.9833333,28.65,1270.1,3/8/1992,63.8,4,0,,999.9,,85.8, ,63.7,*,5.1,,0,I,9999.9,0,999.9,,999.9,0,71.3,4,18.6,4,2.3,4
67561099999,"NDOLA SIMON MWANSA KAWEPEWE INTERNATIONAL, ZA",-12.9833333,28.65,1270.1,3/10/1992,58.2,4,0,,999.9,,86.4, ,62.6,*,12,,0,A,9999.9,0,999.9,,999.9,0,75.9,4,16.3,4,5.2,4
67561099999,"NDOLA SIMON MWANSA KAWEPEWE INTERNATIONAL, ZA",-12.9833333,28.65,1270.1,3/25/1992,63.5,4,0,,999.9,,84.6, ,63.5, ,5.1,,0.94,G,9999.9,0,999.9,,999.9,0,74.5,4,17.1,4,2.5,4
67561099999,"NDOLA SIMON MWANSA KAWEPEWE INTERNATIONAL, ZA",-12.9833333,28.65,1270.1,3/27/1992,65.1,5,10,,999.9,,85.1, ,65.7, ,8,,0,A,9999.9,0,999.9,,999.9,0,72.5,5,18.6,5,3,5
67561099999,"NDOLA SIMON MWANSA KAWEPEWE INTERNATIONAL, ZA",-12.9833333,28.65,1270.1,3/28/1992,65.7,4,10000,,999.9,,77.2, ,63.3, ,5.1,,0.02,G,9999.9,0,999.9,,999.9,0,67.8,4,13.8,4,1.3,4
67561099999,"NDOLA SIMON MWANSA KAWEPEWE INTERNATIONAL, ZA",-12.9833333,28.65,1270.1,3/29/1992,65.5,4,10000,,999.9,,81.7,*,63.5, ,2.9,,0,G,9999.9,0,999.9,,999.9,0,71.1,4,18.6,4,0.7,4
67561099999,"NDOLA SIMON MWANSA KAWEPEWE INTERNATIONAL, ZA",-12.9833333,28.65,1270.1,4/4/1992,55.4,6,0,,999.9,,82.4, ,55.8, ,5.1,,0,A,9999.9,0,999.9,,999.9,0,68.4,6,18.6,6,3.4,6
67561099999,"NDOLA SIMON MWANSA KAWEPEWE INTERNATIONAL, ZA",-12.9833333,28.65,1270.1,4/7/1992,57.1,5,0,,999.9,,81.1,*,55.6, ,5.1,,0,A,9999.9,0,999.9,,999.9,0,73,5,17.3,5,1.8,5
67561099999,"NDOLA SIMON MWANSA KAWEPEWE INTERNATIONAL, ZA",-12.9833333,28.65,1270.1,4/9/1992,59.5,4,1,,999.9,,82.4,*,59.9,*,12,,0,I,9999.9,0,999.9,,999.9,0,70.8,4,18.6,4,4.5,4
67561099999,"NDOLA SIMON MWANSA KAWEPEWE INTERNATIONAL, ZA",-12.9833333,28.65,1270.1,4/10/1992,62.4,4,0,,999.9,,81.1, ,64.4,*,4.1,,0,I,9999.9,0,999.9,,999.9,0,70.2,4,18.6,4,1,4
67561099999,"NDOLA SIMON MWANSA KAWEPEWE INTERNATIONAL, ZA",-12.9833333,28.65,1270.1,4/14/1992,53.5,4,0,,999.9,,82.2,*,56.5,*,2.9,,0,I,9999.9,0,999.9,,999.9,0,67,4,18.6,4,1.5,4
67561099999,"NDOLA SIMON MWANSA KAWEPEWE INTERNATIONAL, ZA",-12.9833333,28.65,1270.1,4/22/1992,57.4,4,0,,999.9,,77.2,*,57.9, ,14,,0,A,9999.9,0,999.9,,999.9,0,66.8,4,18.6,4,5.7,4
67561099999,"NDOLA SIMON MWANSA KAWEPEWE INTERNATIONAL, ZA",-12.9833333,28.65,1270.1,4/24/1992,56.9,4,1,,999.9,,86.2, ,68.9,*,6,,0,A,9999.9,0,999.9,,999.9,0,79.5,4,18.6,4,3,4
67561099999,"NDOLA SIMON MWANSA KAWEPEWE INTERNATIONAL, ZA",-12.9833333,28.65,1270.1,4/26/1992,59.4,4,0,,999.9,,82.8,*,59.7, ,5.1,,0,A,9999.9,0,999.9,,999.9,0,71,4,18.6,4,2,4
67561099999,"NDOLA SIMON MWANSA KAWEPEWE INTERNATIONAL, ZA",-12.9833333,28.65,1270.1,4/29/1992,61.3,6,0,,999.9,,84.2, ,65.1,*,9.9,,0,I,9999.9,0,999.9,,999.9,0,72.3,6,18.1,6,3,6
67561099999,"NDOLA SIMON MWANSA KAWEPEWE INTERNATIONAL, ZA",-12.9833333,28.65,1270.1,4/30/1992,62,4,0,,999.9,,75.9,*,64.2,*,999.9,,0,A,9999.9,0,999.9,,999.9,0,68.6,4,18.6,4,999.9,0
67561099999,"NDOLA SIMON MWANSA KAWEPEWE INTERNATIONAL, ZA",-12.9833333,28.65,1270.1,5/5/1992,53.2,5,0,,999.9,,85.1,*,54, ,4.1,,0,A,9999.9,0,999.9,,999.9,0,68.9,5,17.4,5,1.6,5
67561099999,"NDOLA SIMON MWANSA KAWEPEWE INTERNATIONAL, ZA",-12.9833333,28.65,1270.1,5/6/1992,56,4,0,,999.9,,82,*,60.8, ,11.1,,0,A,9999.9,0,999.9,,999.9,0,78.4,4,18.6,4,6.5,4
67561099999,"NDOLA SIMON MWANSA KAWEPEWE INTERNATIONAL, ZA",-12.9833333,28.65,1270.1,5/10/1992,57.1,4,0,,999.9,,82.2, ,64.6,*,15,,0,I,9999.9,0,999.9,,999.9,0,71.8,4,17.9,4,9.2,4
67561099999,"NDOLA SIMON MWANSA KAWEPEWE INTERNATIONAL, ZA",-12.9833333,28.65,1270.1,5/11/1992,58.8,4,10000,,999.9,,71.6,*,61.5, ,12,,0,G,9999.9,0,999.9,,999.9,0,66.4,4,18.6,4,7.8,4
67561099999,"NDOLA SIMON MWANSA KAWEPEWE INTERNATIONAL, ZA",-12.9833333,28.65,1270.1,5/15/1992,54.1,6,0,,999.9,,82.6, ,53.4, ,6,,0,A,9999.9,0,999.9,,999.9,0,66.9,6,17.1,6,2.4,6
67561099999,"NDOLA SIMON MWANSA KAWEPEWE INTERNATIONAL, ZA",-12.9833333,28.65,1270.1,5/17/1992,53,5,0,,999.9,,80.1,*,54.7, ,12,,0,A,9999.9,0,999.9,,999.9,0,68.9,6,18.6,6,5.2,5
67561099999,"NDOLA SIMON MWANSA KAWEPEWE INTERNATIONAL, ZA",-12.9833333,28.65,1270.1,5/18/1992,47.7,4,0,,999.9,,75.4,*,58.6,*,5.1,,0,A,9999.9,0,999.9,,999.9,0,67.4,4,18.6,4,3,4
67561099999,"NDOLA SIMON MWANSA KAWEPEWE INTERNATIONAL, ZA",-12.9833333,28.65,1270.1,5/19/1992,48.5,4,0,,999.9,,80.2,*,56.8, ,9.9,,0,A,9999.9,0,999.9,,999.9,0,70.9,4,18.6,4,6,4
67561099999,"NDOLA SIMON MWANSA KAWEPEWE INTERNATIONAL, ZA",-12.9833333,28.65,1270.1,5/20/1992,52.1,4,0,,999.9,,80.8,*,54.9, ,9.9,,0,A,9999.9,0,999.9,,999.9,0,66.3,4,18.6,4,4.2,4
67561099999,"NDOLA SIMON MWANSA KAWEPEWE INTERNATIONAL, ZA",-12.9833333,28.65,1270.1,5/24/1992,51.8,5,0,,999.9,,84,*,56.1, ,999.9,,0,A,9999.9,0,999.9,,999.9,0,66.7,5,21.7,5,18,5
67561099999,"NDOLA SIMON MWANSA KAWEPEWE INTERNATIONAL, ZA",-12.9833333,28.65,1270.1,5/26/1992,47.9,5,0,,999.9,,86, ,58.1,*,8,,0,A,9999.9,0,999.9,,999.9,0,71.6,5,11.2,5,3,5
67561099999,"NDOLA SIMON MWANSA KAWEPEWE INTERNATIONAL, ZA",-12.9833333,28.65,1270.1,5/29/1992,49.6,5,0,,999.9,,84.2, ,57.7, ,11.1,,0.01,G,9999.9,0,999.9,,999.9,0,72.1,5,14.9,5,4.6,5
67561099999,"NDOLA SIMON MWANSA KAWEPEWE INTERNATIONAL, ZA",-12.9833333,28.65,1270.1,5/30/1992,55.8,4,0,,999.9,,80.2,*,60.4, ,11.1,,0,G,9999.9,0,999.9,,999.9,0,72.6,4,15.5,4,6.3,4
67561099999,"NDOLA SIMON MWANSA KAWEPEWE INTERNATIONAL, ZA",-12.9833333,28.65,1270.1,5/31/1992,54.9,4,0,,999.9,,82.4,*,57, ,8.9,,0,A,9999.9,0,999.9,,999.9,0,70.6,4,17.1,4,5,4
67561099999,"NDOLA SIMON MWANSA KAWEPEWE INTERNATIONAL, ZA",-12.9833333,28.65,1270.1,6/1/1992,53.1,4,0,,999.9,,82.4,*,53.4, ,5.1,,0,I,9999.9,0,999.9,,999.9,0,76.6,4,11.7,4,2,4
67561099999,"NDOLA SIMON MWANSA KAWEPEWE INTERNATIONAL, ZA",-12.9833333,28.65,1270.1,6/3/1992,42.6,5,0,,999.9,,82.4, ,50, ,6,,0,A,9999.9,0,999.9,,999.9,0,67.8,5,16.8,5,1.2,5
67561099999,"NDOLA SIMON MWANSA KAWEPEWE INTERNATIONAL, ZA",-12.9833333,28.65,1270.1,6/4/1992,41.4,4,0,,999.9,,78.6,*,46.6, ,2.9,,0,A,9999.9,0,999.9,,999.9,0,65.5,4,10.1,4,1.5,4
67561099999,"NDOLA SIMON MWANSA KAWEPEWE INTERNATIONAL, ZA",-12.9833333,28.65,1270.1,6/5/1992,44.7,4,0,,999.9,,83.7, ,47.8, ,5.1,,0,A,9999.9,0,999.9,,999.9,0,71.7,4,11.7,4,3.5,4
67561099999,"NDOLA SIMON MWANSA KAWEPEWE INTERNATIONAL, ZA",-12.9833333,28.65,1270.1,6/6/1992,49.8,5,0,,999.9,,81.3, ,52.5, ,9.9,,0,A,9999.9,0,999.9,,999.9,0,69.2,5,8.3,5,4.2,5
67561099999,"NDOLA SIMON MWANSA KAWEPEWE INTERNATIONAL, ZA",-12.9833333,28.65,1270.1,6/8/1992,49.1,4,0,,999.9,,73.6, ,47.5, ,11.1,,0,A,9999.9,0,999.9,,999.9,0,59.5,4,18.6,4,8,4
67561099999,"NDOLA SIMON MWANSA KAWEPEWE INTERNATIONAL, ZA",-12.9833333,28.65,1270.1,6/9/1992,46.3,5,0,,999.9,,74.3, ,49.1, ,9.9,,0,A,9999.9,0,999.9,,999.9,0,62.4,5,18.6,5,6.4,5
67561099999,"NDOLA SIMON MWANSA KAWEPEWE INTERNATIONAL, ZA",-12.9833333,28.65,1270.1,6/10/1992,43,4,0,,999.9,,76.1, ,44.1, ,6,,0,A,9999.9,0,999.9,,999.9,0,61.1,4,15.5,4,3.3,4
67561099999,"NDOLA SIMON MWANSA KAWEPEWE INTERNATIONAL, ZA",-12.9833333,28.65,1270.1,6/11/1992,44.2,4,0,,999.9,,74.1,*,50.4,*,2.9,,0,A,9999.9,0,999.9,,999.9,0,63,4,13.2,4,1.5,4
67561099999,"NDOLA SIMON MWANSA KAWEPEWE INTERNATIONAL, ZA",-12.9833333,28.65,1270.1,6/12/1992,47.5,4,0,,999.9,,77.7, ,47.1, ,9.9,,0,A,9999.9,0,999.9,,999.9,0,66.5,4,13.2,4,2.5,4
67561099999,"NDOLA SIMON MWANSA KAWEPEWE INTERNATIONAL, ZA",-12.9833333,28.65,1270.1,6/13/1992,45.5,5,0,,999.9,,78.6, ,48.4, ,8,,0,A,9999.9,0,999.9,,999.9,0,60,5,13,5,2.4,5
67561099999,"NDOLA SIMON MWANSA KAWEPEWE INTERNATIONAL, ZA",-12.9833333,28.65,1270.1,6/15/1992,41.6,4,0,,999.9,,79.2, ,49.3, ,8,,0,A,9999.9,0,999.9,,999.9,0,68.4,4,13.7,4,5,4
67561099999,"NDOLA SIMON MWANSA KAWEPEWE INTERNATIONAL, ZA",-12.9833333,28.65,1270.1,6/16/1992,42.6,4,0,,999.9,,78.4, ,50, ,12,,0,A,9999.9,0,999.9,,999.9,0,68.4,4,14.8,4,8,4
67561099999,"NDOLA SIMON MWANSA KAWEPEWE INTERNATIONAL, ZA",-12.9833333,28.65,1270.1,6/30/1992,9999.9,0,0,,999.9,,76.1,*,46.4, ,8.9,,0,A,9999.9,0,999.9,,999.9,0,63.5,4,13.2,4,3.5,4
67561099999,"NDOLA SIMON MWANSA KAWEPEWE INTERNATIONAL, ZA",-12.9833333,28.65,1270.1,7/8/1992,39.7,5,0,,999.9,,78.1,*,49.3, ,5.1,,0,A,9999.9,0,999.9,,999.9,0,66.9,5,8.9,5,2.4,5
67561099999,"NDOLA SIMON MWANSA KAWEPEWE INTERNATIONAL, ZA",-12.9833333,28.65,1270.1,7/9/1992,41.9,4,0,,999.9,,79,*,58.5,*,12,,0,I,9999.9,0,999.9,,999.9,0,70.2,4,7,4,9,4
67561099999,"NDOLA SIMON MWANSA KAWEPEWE INTERNATIONAL, ZA",-12.9833333,28.65,1270.1,7/13/1992,47.5,7,0,,999.9,,77, ,51.4, ,13,,0,A,9999.9,0,999.9,,999.9,0,64.8,7,10.3,7,7,7
67561099999,"NDOLA SIMON MWANSA KAWEPEWE INTERNATIONAL, ZA",-12.9833333,28.65,1270.1,7/14/1992,46.4,4,0,,999.9,,73.2,*,47.3, ,13,,0,A,9999.9,0,999.9,,999.9,0,59.2,4,15.5,4,5.5,4
67561099999,"NDOLA SIMON MWANSA KAWEPEWE INTERNATIONAL, ZA",-12.9833333,28.65,1270.1,7/19/1992,40.1,4,0,,999.9,,79.5, ,52.5, ,8.9,,0,A,9999.9,0,999.9,,999.9,0,65.1,4,13.2,4,5.2,4
67561099999,"NDOLA SIMON MWANSA KAWEPEWE INTERNATIONAL, ZA",-12.9833333,28.65,1270.1,7/24/1992,43.9,4,0,,999.9,,82.2, ,50.4, ,8,,0,A,9999.9,0,999.9,,999.9,0,65.8,4,7.5,4,3.3,4
67561099999,"NDOLA SIMON MWANSA KAWEPEWE INTERNATIONAL, ZA",-12.9833333,28.65,1270.1,7/25/1992,44.3,5,0,,999.9,,77.5,*,50.4, ,9.9,,0,A,9999.9,0,999.9,,999.9,0,69.2,5,9.3,5,5.7,5
67561099999,"NDOLA SIMON MWANSA KAWEPEWE INTERNATIONAL, ZA",-12.9833333,28.65,1270.1,7/29/1992,39.5,4,0,,999.9,,78.1,*,46, ,6,,0,A,9999.9,0,999.9,,999.9,0,64.9,4,7.8,4,2.5,4
67561099999,"NDOLA SIMON MWANSA KAWEPEWE INTERNATIONAL, ZA",-12.9833333,28.65,1270.1,7/31/1992,43.2,5,0,,999.9,,70.7, ,49.6, ,12,,0,A,9999.9,0,999.9,,999.9,0,59.5,5,8.6,5,9.4,5
67561099999,"NDOLA SIMON MWANSA KAWEPEWE INTERNATIONAL, ZA",-12.9833333,28.65,1270.1,8/4/1992,41.6,4,0,,999.9,,79,*,45.1, ,4.1,,0,A,9999.9,0,999.9,,999.9,0,58.9,4,8.9,4,1,4
67561099999,"NDOLA SIMON MWANSA KAWEPEWE INTERNATIONAL, ZA",-12.9833333,28.65,1270.1,8/7/1992,40.5,4,0,,999.9,,80.1,*,48.7, ,5.1,,0,A,9999.9,0,999.9,,999.9,0,66.1,4,8.5,4,1.5,4
67561099999,"NDOLA SIMON MWANSA KAWEPEWE INTERNATIONAL, ZA",-12.9833333,28.65,1270.1,8/11/1992,43.5,4,0,,999.9,,75, ,53.1, ,15.9,,0,A,9999.9,0,999.9,,999.9,0,66.2,4,12.4,4,12.7,4
67561099999,"NDOLA SIMON MWANSA KAWEPEWE INTERNATIONAL, ZA",-12.9833333,28.65,1270.1,8/12/1992,9999.9,0,0,,999.9,,71.2, ,50.4,*,14,,0,I,9999.9,0,999.9,,999.9,0,59.8,4,15.5,4,9.5,4
67561099999,"NDOLA SIMON MWANSA KAWEPEWE INTERNATIONAL, ZA",-12.9833333,28.65,1270.1,8/17/1992,38.9,4,0,,999.9,,85.8, ,47.7, ,8,,0,A,9999.9,0,999.9,,999.9,0,72.8,4,5.9,4,7,4
67561099999,"NDOLA SIMON MWANSA KAWEPEWE INTERNATIONAL, ZA",-12.9833333,28.65,1270.1,8/18/1992,37.8,4,0,,999.9,,86.4, ,45.7, ,14,,0,A,9999.9,0,999.9,,999.9,0,68.5,4,7.6,4,5.2,4
67561099999,"NDOLA SIMON MWANSA KAWEPEWE INTERNATIONAL, ZA",-12.9833333,28.65,1270.1,8/19/1992,37.7,6,0,,999.9,,81.3, ,55, ,15,,0,I,9999.9,0,999.9,,999.9,0,71.2,6,9.2,6,10.3,6
67561099999,"NDOLA SIMON MWANSA KAWEPEWE INTERNATIONAL, ZA",-12.9833333,28.65,1270.1,8/21/1992,39.7,6,0,,999.9,,78.8, ,47.1, ,12,,0,A,9999.9,0,999.9,,999.9,0,67.6,6,13.5,6,6.3,6
67561099999,"NDOLA SIMON MWANSA KAWEPEWE INTERNATIONAL, ZA",-12.9833333,28.65,1270.1,8/24/1992,40.1,4,0,,999.9,,87.1,*,54,*,6,,0,A,9999.9,0,999.9,,999.9,0,64.5,4,8.4,4,1.5,4
67561099999,"NDOLA SIMON MWANSA KAWEPEWE INTERNATIONAL, ZA",-12.9833333,28.65,1270.1,9/2/1992,42,4,0,,999.9,,86,*,54.5, ,7,,0,A,9999.9,0,999.9,,999.9,0,78.3,4,5,4,5.3,4
67561099999,"NDOLA SIMON MWANSA KAWEPEWE INTERNATIONAL, ZA",-12.9833333,28.65,1270.1,9/3/1992,41.2,4,0,,999.9,,87.6, ,53.6, ,9.9,,0,A,9999.9,0,999.9,,999.9,0,76.8,4,5.1,4,5.7,4
67561099999,"NDOLA SIMON MWANSA KAWEPEWE INTERNATIONAL, ZA",-12.9833333,28.65,1270.1,9/4/1992,41.8,4,0,,999.9,,86.7,*,51.6, ,11.1,,0,A,9999.9,0,999.9,,999.9,0,79.2,4,8.2,4,6.3,4
67561099999,"NDOLA SIMON MWANSA KAWEPEWE INTERNATIONAL, ZA",-12.9833333,28.65,1270.1,9/6/1992,39.1,4,0,,999.9,,85.8,*,52.5, ,8,,0,A,9999.9,0,999.9,,999.9,0,78.9,4,8.7,4,5.5,4
67561099999,"NDOLA SIMON MWANSA KAWEPEWE INTERNATIONAL, ZA",-12.9833333,28.65,1270.1,9/8/1992,41.2,4,0,,999.9,,84.7,*,58.8, ,14,,0,A,9999.9,0,999.9,,999.9,0,78.1,4,6.2,4,8,4
67561099999,"NDOLA SIMON MWANSA KAWEPEWE INTERNATIONAL, ZA",-12.9833333,28.65,1270.1,9/21/1992,37.2,4,0,,999.9,,90.7, ,56.1, ,999.9,,0,A,9999.9,0,999.9,,999.9,0,77.9,4,5.6,4,999.9,0
67561099999,"NDOLA SIMON MWANSA KAWEPEWE INTERNATIONAL, ZA",-12.9833333,28.65,1270.1,9/23/1992,41.5,4,0,,999.9,,91.9,*,59.2, ,8,,0,A,9999.9,0,999.9,,999.9,0,83.9,4,6.1,4,5.2,4
67561099999,"NDOLA SIMON MWANSA KAWEPEWE INTERNATIONAL, ZA",-12.9833333,28.65,1270.1,10/21/1992,48.5,4,0,,999.9,,94.6, ,62.6, ,11.1,,0,A,9999.9,0,999.9,,999.9,0,85.9,4,7.5,4,7.2,4
67561099999,"NDOLA SIMON MWANSA KAWEPEWE INTERNATIONAL, ZA",-12.9833333,28.65,1270.1,10/30/1992,57.5,5,0,,999.9,,85.1,*,67.5, ,7,,0,A,9999.9,0,999.9,,999.9,0,74.1,5,7.5,5,3,5
67561099999,"NDOLA SIMON MWANSA KAWEPEWE INTERNATIONAL, ZA",-12.9833333,28.65,1270.1,1/22/1993,63.9,6,0,,999.9,,82.2,*,61.5, ,6,,0,G,9999.9,0,999.9,,999.9,0,70.8,6,11.2,6,2.5,6
67561099999,"NDOLA SIMON MWANSA KAWEPEWE INTERNATIONAL, ZA",-12.9833333,28.65,1270.1,1/26/1993,62.9,5,10000,,999.9,,79.5,*,61.7,*,4.1,,99.99, ,9999.9,0,999.9,,999.9,0,70.7,5,11.8,5,2.8,4
67561099999,"NDOLA SIMON MWANSA KAWEPEWE INTERNATIONAL, ZA",-12.9833333,28.65,1270.1,2/3/1993,64.9,5,10000,,999.9,,80.2, ,64.2,*,8,,0.16,G,9999.9,0,999.9,,999.9,0,69.5,5,8.8,5,4,5
67561099999,"NDOLA SIMON MWANSA KAWEPEWE INTERNATIONAL, ZA",-12.9833333,28.65,1270.1,4/2/1993,60.5,4,0,,999.9,,81,*,59, ,5.1,,0,A,9999.9,0,999.9,,999.9,0,73,5,18,5,2.5,4
67561099999,"NDOLA SIMON MWANSA KAWEPEWE INTERNATIONAL, ZA",-12.9833333,28.65,1270.1,5/10/1993,52.4,4,0,,999.9,,82.9,*,46.4, ,8.9,,0,A,9999.9,0,999.9,,999.9,0,75.1,4,14.8,4,4.8,4
67561099999,"NDOLA SIMON MWANSA KAWEPEWE INTERNATIONAL, ZA",-12.9833333,28.65,1270.1,5/12/1993,52.9,5,0,,999.9,,82.8,*,50.5, ,7,,0,A,9999.9,0,999.9,,999.9,0,65.6,5,16,5,4,5
67561099999,"NDOLA SIMON MWANSA KAWEPEWE INTERNATIONAL, ZA",-12.9833333,28.65,1270.1,5/19/1993,47,5,0,,999.9,,78.6, ,45.7, ,6,,0,A,9999.9,0,999.9,,999.9,0,62.7,5,17.4,5,2.2,5
67561099999,"NDOLA SIMON MWANSA KAWEPEWE INTERNATIONAL, ZA",-12.9833333,28.65,1270.1,5/20/1993,48.7,4,0,,999.9,,77.9,*,48.9, ,6,,0,A,9999.9,0,999.9,,999.9,0,71.7,4,17.1,4,4.8,4
67561099999,"NDOLA SIMON MWANSA KAWEPEWE INTERNATIONAL, ZA",-12.9833333,28.65,1270.1,5/27/1993,49.5,4,0,,999.9,,85.1, ,50, ,5.1,,0,A,9999.9,0,999.9,,999.9,0,74.8,4,18.6,4,2.5,4
67561099999,"NDOLA SIMON MWANSA KAWEPEWE INTERNATIONAL, ZA",-12.9833333,28.65,1270.1,5/28/1993,50.8,5,0,,999.9,,84.4,*,50.7, ,8.9,,0,B,9999.9,0,999.9,,999.9,0,68.3,5,12.4,5,2.2,5
67561099999,"NDOLA SIMON MWANSA KAWEPEWE INTERNATIONAL, ZA",-12.9833333,28.65,1270.1,6/8/1993,9999.9,0,0,,999.9,,73.9,*,55.2,*,999.9,,0,B,9999.9,0,999.9,,999.9,0,64.3,4,15.5,4,999.9,0
67561099999,"NDOLA SIMON MWANSA KAWEPEWE INTERNATIONAL, ZA",-12.9833333,28.65,1270.1,6/10/1993,40.2,4,0,,999.9,,75.9,*,43.5, ,5.1,,0,A,9999.9,0,999.9,,999.9,0,68.6,4,15.5,4,3.3,4
67561099999,"NDOLA SIMON MWANSA KAWEPEWE INTERNATIONAL, ZA",-12.9833333,28.65,1270.1,6/12/1993,43.4,4,0,,999.9,,75,*,45.1, ,5.1,,0,A,9999.9,0,999.9,,999.9,0,68.7,4,14.8,4,2.5,4
67561099999,"NDOLA SIMON MWANSA KAWEPEWE INTERNATIONAL, ZA",-12.9833333,28.65,1270.1,6/15/1993,45,4,0,,999.9,,75.7,*,45, ,11.1,,0,A,9999.9,0,999.9,,999.9,0,69.7,4,11.7,4,3.8,4
67561099999,"NDOLA SIMON MWANSA KAWEPEWE INTERNATIONAL, ZA",-12.9833333,28.65,1270.1,6/17/1993,45.9,6,0,,999.9,,75.6,*,47.3, ,6,,0,A,9999.9,0,999.9,,999.9,0,63.5,6,15.5,6,3.5,6
67561099999,"NDOLA SIMON MWANSA KAWEPEWE INTERNATIONAL, ZA",-12.9833333,28.65,1270.1,6/21/1993,39.3,5,0,,999.9,,75.9, ,49.1, ,15,,0,A,9999.9,0,999.9,,999.9,0,67.4,5,14.9,5,10.3,5
67561099999,"NDOLA SIMON MWANSA KAWEPEWE INTERNATIONAL, ZA",-12.9833333,28.65,1270.1,6/22/1993,38,4,0,,999.9,,74.3,*,48.2,*,9.9,,0,A,9999.9,0,999.9,,999.9,0,62.3,4,999.9,0,6.5,4
67561099999,"NDOLA SIMON MWANSA KAWEPEWE INTERNATIONAL, ZA",-12.9833333,28.65,1270.1,6/24/1993,39.7,4,0,,999.9,,74.7,*,48.2,*,8,,0,I,9999.9,0,999.9,,999.9,0,66.9,4,20.2,4,5.5,4
67561099999,"NDOLA SIMON MWANSA KAWEPEWE INTERNATIONAL, ZA",-12.9833333,28.65,1270.1,6/25/1993,40.1,4,0,,999.9,,72.1,*,46.6, ,999.9,,0,A,9999.9,0,999.9,,999.9,0,61.7,4,17.1,4,999.9,0
67561099999,"NDOLA SIMON MWANSA KAWEPEWE INTERNATIONAL, ZA",-12.9833333,28.65,1270.1,6/28/1993,45.7,4,0,,999.9,,72.9,*,45.1, ,4.1,,0,A,9999.9,0,999.9,,999.9,0,61.4,4,16.3,4,1.7,4
67561099999,"NDOLA SIMON MWANSA KAWEPEWE INTERNATIONAL, ZA",-12.9833333,28.65,1270.1,7/8/1993,43.4,4,0,,999.9,,75.2,*,45.1, ,4.1,,0,A,9999.9,0,999.9,,999.9,0,69.3,4,16,4,2.8,4
67561099999,"NDOLA SIMON MWANSA KAWEPEWE INTERNATIONAL, ZA",-12.9833333,28.65,1270.1,7/10/1993,43.9,4,0,,999.9,,78.3,*,46.2, ,8,,0,A,9999.9,0,999.9,,999.9,0,70.3,4,14.8,4,3.7,4
67561099999,"NDOLA SIMON MWANSA KAWEPEWE INTERNATIONAL, ZA",-12.9833333,28.65,1270.1,7/12/1993,44.6,4,0,,999.9,,77.9,*,48.9, ,13,,0,A,9999.9,0,999.9,,999.9,0,70.5,4,15.5,4,10.5,4
67561099999,"NDOLA SIMON MWANSA KAWEPEWE INTERNATIONAL, ZA",-12.9833333,28.65,1270.1,7/13/1993,42.6,6,0,,999.9,,76.6,*,46.6, ,16.9,,0,A,9999.9,0,999.9,,999.9,0,63.1,6,15,6,6.5,6
67561099999,"NDOLA SIMON MWANSA KAWEPEWE INTERNATIONAL, ZA",-12.9833333,28.65,1270.1,7/15/1993,46.3,4,0,,999.9,,72,*,48, ,8.9,,0,A,9999.9,0,999.9,,999.9,0,67.9,4,15.5,4,5.2,4
67561099999,"NDOLA SIMON MWANSA KAWEPEWE INTERNATIONAL, ZA",-12.9833333,28.65,1270.1,7/16/1993,46,5,0,,999.9,,77,*,48.2, ,8,,0,A,9999.9,0,999.9,,999.9,0,61.7,5,16.2,5,5.6,5
67561099999,"NDOLA SIMON MWANSA KAWEPEWE INTERNATIONAL, ZA",-12.9833333,28.65,1270.1,7/17/1993,45.3,4,0,,999.9,,75.9,*,46.2, ,12,,0,A,9999.9,0,999.9,,999.9,0,68.6,4,14.8,4,7.3,4
67561099999,"NDOLA SIMON MWANSA KAWEPEWE INTERNATIONAL, ZA",-12.9833333,28.65,1270.1,7/19/1993,45.4,4,0,,999.9,,75.2,*,47.5, ,12,,0,A,9999.9,0,999.9,,999.9,0,69.8,4,14.8,4,7.5,4
67561099999,"NDOLA SIMON MWANSA KAWEPEWE INTERNATIONAL, ZA",-12.9833333,28.65,1270.1,7/20/1993,39.6,4,0,,999.9,,71.6,*,62.1,*,11.1,,0,A,9999.9,0,999.9,,999.9,0,68.6,4,15.5,4,7.8,4
67561099999,"NDOLA SIMON MWANSA KAWEPEWE INTERNATIONAL, ZA",-12.9833333,28.65,1270.1,7/21/1993,40.1,4,0,,999.9,,70.3,*,52.5, ,19,,0,A,9999.9,0,999.9,,999.9,0,63.5,4,15.5,4,12,4
67561099999,"NDOLA SIMON MWANSA KAWEPEWE INTERNATIONAL, ZA",-12.9833333,28.65,1270.1,7/22/1993,40.4,5,0,,999.9,,74.5, ,54.3,*,9.9,,0,A,9999.9,0,999.9,,999.9,0,62.9,5,15.5,5,8.7,5
67561099999,"NDOLA SIMON MWANSA KAWEPEWE INTERNATIONAL, ZA",-12.9833333,28.65,1270.1,7/28/1993,39.9,5,0,,999.9,,79,*,50.5,*,7,,0,A,9999.9,0,999.9,,999.9,0,67.3,5,8.5,5,2,5
67561099999,"NDOLA SIMON MWANSA KAWEPEWE INTERNATIONAL, ZA",-12.9833333,28.65,1270.1,7/29/1993,40.7,4,0,,999.9,,79.5,*,47.1, ,8,,0,A,9999.9,0,999.9,,999.9,0,71.8,4,8.5,4,3,4
67561099999,"NDOLA SIMON MWANSA KAWEPEWE INTERNATIONAL, ZA",-12.9833333,28.65,1270.1,7/30/1993,43.3,5,0,,999.9,,78.3,*,47.1, ,8,,0,A,9999.9,0,999.9,,999.9,0,62.8,5,8.1,5,4,5
67561099999,"NDOLA SIMON MWANSA KAWEPEWE INTERNATIONAL, ZA",-12.9833333,28.65,1270.1,8/3/1993,44.6,4,0,,999.9,,77,*,48.9, ,5.1,,0,A,9999.9,0,999.9,,999.9,0,66.5,4,14,4,2.5,4
67561099999,"NDOLA SIMON MWANSA KAWEPEWE INTERNATIONAL, ZA",-12.9833333,28.65,1270.1,8/4/1993,44.6,6,0,,999.9,,79.7,*,48.4, ,6,,0,A,9999.9,0,999.9,,999.9,0,63.9,7,10.5,7,2,7
67561099999,"NDOLA SIMON MWANSA KAWEPEWE INTERNATIONAL, ZA",-12.9833333,28.65,1270.1,8/5/1993,43.7,4,0,,999.9,,80.1,*,48.2, ,8,,0,A,9999.9,0,999.9,,999.9,0,74.4,4,6.5,4,5.7,4
67561099999,"NDOLA SIMON MWANSA KAWEPEWE INTERNATIONAL, ZA",-12.9833333,28.65,1270.1,8/6/1993,42.6,6,0,,999.9,,80.1,*,51.4, ,14,,0,A,9999.9,0,999.9,,999.9,0,67.1,6,10.1,6,5,6
67561099999,"NDOLA SIMON MWANSA KAWEPEWE INTERNATIONAL, ZA",-12.9833333,28.65,1270.1,8/11/1993,42.7,5,0,,999.9,,82,*,55.2,*,7,,0,A,9999.9,0,999.9,,999.9,0,71.1,5,12.4,5,4.6,5
67561099999,"NDOLA SIMON MWANSA KAWEPEWE INTERNATIONAL, ZA",-12.9833333,28.65,1270.1,8/12/1993,40.8,4,0,,999.9,,82.4,*,49.3, ,5.1,,0,A,9999.9,0,999.9,,999.9,0,66.5,4,7.3,4,3,4
67561099999,"NDOLA SIMON MWANSA KAWEPEWE INTERNATIONAL, ZA",-12.9833333,28.65,1270.1,8/19/1993,43.3,4,0,,999.9,,81.3,*,49.6, ,8,,0,A,9999.9,0,999.9,,999.9,0,74.7,4,8.5,4,5,4
67561099999,"NDOLA SIMON MWANSA KAWEPEWE INTERNATIONAL, ZA",-12.9833333,28.65,1270.1,8/25/1993,46.1,4,0,,999.9,,77,*,48.7, ,8.9,,0,A,9999.9,0,999.9,,999.9,0,65.4,5,13.7,5,5,5
67561099999,"NDOLA SIMON MWANSA KAWEPEWE INTERNATIONAL, ZA",-12.9833333,28.65,1270.1,9/2/1993,50.4,5,0,,999.9,,81.3,*,55.6, ,9.9,,0,A,9999.9,0,999.9,,999.9,0,67.6,5,12.4,5,4.4,5
67561099999,"NDOLA SIMON MWANSA KAWEPEWE INTERNATIONAL, ZA",-12.9833333,28.65,1270.1,9/3/1993,47.2,4,0,,999.9,,78.3,*,55.6, ,8,,0,A,9999.9,0,999.9,,999.9,0,70.9,5,11.2,5,7,5
67561099999,"NDOLA SIMON MWANSA KAWEPEWE INTERNATIONAL, ZA",-12.9833333,28.65,1270.1,9/6/1993,32.9,4,0,,999.9,,80.2,*,55.2, ,15,,0,A,9999.9,0,999.9,,999.9,0,75.7,4,10.9,4,11,4
67561099999,"NDOLA SIMON MWANSA KAWEPEWE INTERNATIONAL, ZA",-12.9833333,28.65,1270.1,9/7/1993,33.4,4,0,,999.9,,74.8,*,56.3, ,20,,0,A,9999.9,0,999.9,,999.9,0,67.4,4,10.1,4,12,4
67561099999,"NDOLA SIMON MWANSA KAWEPEWE INTERNATIONAL, ZA",-12.9833333,28.65,1270.1,9/8/1993,9999.9,0,0,,999.9,,77.2,*,49.1, ,9.9,,0,A,9999.9,0,999.9,,999.9,0,65.5,4,13.2,4,5.7,4
67561099999,"NDOLA SIMON MWANSA KAWEPEWE INTERNATIONAL, ZA",-12.9833333,28.65,1270.1,9/9/1993,9999.9,0,0,,999.9,,81,*,50.7, ,12,,0,A,9999.9,0,999.9,,999.9,0,68.3,4,7,4,4.5,4
67561099999,"NDOLA SIMON MWANSA KAWEPEWE INTERNATIONAL, ZA",-12.9833333,28.65,1270.1,9/10/1993,47.3,4,0,,999.9,,84,*,53.8, ,5.1,,0,A,9999.9,0,999.9,,999.9,0,77.5,4,9.2,4,3,4
67561099999,"NDOLA SIMON MWANSA KAWEPEWE INTERNATIONAL, ZA",-12.9833333,28.65,1270.1,9/13/1993,46.9,6,0,,999.9,,86,*,59.9, ,12,,0,A,9999.9,0,999.9,,999.9,0,77.9,6,7.9,6,5.7,6
67561099999,"NDOLA SIMON MWANSA KAWEPEWE INTERNATIONAL, ZA",-12.9833333,28.65,1270.1,9/14/1993,44.2,5,0,,999.9,,87.4, ,69.3,*,12,,2.01,G,9999.9,0,999.9,,999.9,0,78.6,5,9.3,5,9.6,5
67561099999,"NDOLA SIMON MWANSA KAWEPEWE INTERNATIONAL, ZA",-12.9833333,28.65,1270.1,9/17/1993,42.4,6,0,,999.9,,84.2,*,55, ,8,,0,A,9999.9,0,999.9,,999.9,0,64.8,6,6.1,6,4.6,6
67561099999,"NDOLA SIMON MWANSA KAWEPEWE INTERNATIONAL, ZA",-12.9833333,28.65,1270.1,9/20/1993,40.7,5,0,,999.9,,84.9,*,57.4, ,8,,0,A,9999.9,0,999.9,,999.9,0,71,5,5.2,5,4.7,5
67561099999,"NDOLA SIMON MWANSA KAWEPEWE INTERNATIONAL, ZA",-12.9833333,28.65,1270.1,9/21/1993,44,5,0,,999.9,,85.3,*,57, ,8,,0,A,9999.9,0,999.9,,999.9,0,71.5,5,5.1,5,5.2,5
67561099999,"NDOLA SIMON MWANSA KAWEPEWE INTERNATIONAL, ZA",-12.9833333,28.65,1270.1,9/22/1993,44.1,4,0,,999.9,,88.7, ,55.8, ,6,,0,A,9999.9,0,999.9,,999.9,0,78.5,4,6.8,4,3.5,4
67561099999,"NDOLA SIMON MWANSA KAWEPEWE INTERNATIONAL, ZA",-12.9833333,28.65,1270.1,9/27/1993,48.4,6,0,,999.9,,90,*,61.9, ,14,,0,A,9999.9,0,999.9,,999.9,0,78,6,4.9,6,4,5
67561099999,"NDOLA SIMON MWANSA KAWEPEWE INTERNATIONAL, ZA",-12.9833333,28.65,1270.1,9/29/1993,50.8,7,0,,999.9,,86,*,66, ,9.9,,0,A,9999.9,0,999.9,,999.9,0,76,7,4.7,7,3.7,7
67561099999,"NDOLA SIMON MWANSA KAWEPEWE INTERNATIONAL, ZA",-12.9833333,28.65,1270.1,10/4/1993,47.8,6,0,,999.9,,86.4,*,62.1, ,9.9,,0,A,9999.9,0,999.9,,999.9,0,76.1,6,8.8,6,4.5,6
67561099999,"NDOLA SIMON MWANSA KAWEPEWE INTERNATIONAL, ZA",-12.9833333,28.65,1270.1,10/7/1993,46.6,4,0,,999.9,,89.1,*,61.7, ,12,,0,A,9999.9,0,999.9,,999.9,0,77.4,4,5.6,4,7.8,4
67561099999,"NDOLA SIMON MWANSA KAWEPEWE INTERNATIONAL, ZA",-12.9833333,28.65,1270.1,10/8/1993,51.4,5,10,,999.9,,88.2,*,64.9, ,18.1,,0,A,9999.9,0,999.9,,999.9,0,77.9,5,5.8,5,8.2,5
67561099999,"NDOLA SIMON MWANSA KAWEPEWE INTERNATIONAL, ZA",-12.9833333,28.65,1270.1,10/11/1993,47.8,5,0,,999.9,,87.4,*,62.4, ,13,,0,A,9999.9,0,999.9,,999.9,0,78.9,5,11.2,5,8.3,4
67561099999,"NDOLA SIMON MWANSA KAWEPEWE INTERNATIONAL, ZA",-12.9833333,28.65,1270.1,10/12/1993,47.9,5,0,,999.9,,87.6,*,61, ,8,,0,A,9999.9,0,999.9,,999.9,0,79.7,5,12.4,5,6.4,5
67561099999,"NDOLA SIMON MWANSA KAWEPEWE INTERNATIONAL, ZA",-12.9833333,28.65,1270.1,10/14/1993,44.5,4,0,,999.9,,90.1, ,62.1, ,11.1,,0,A,9999.9,0,999.9,,999.9,0,85.5,4,13.2,4,6.8,4
67561099999,"NDOLA SIMON MWANSA KAWEPEWE INTERNATIONAL, ZA",-12.9833333,28.65,1270.1,10/15/1993,43.4,4,0,,999.9,,88.5,*,60.3, ,12,,0,A,9999.9,0,999.9,,999.9,0,83.4,4,8.5,4,8.7,4
67561099999,"NDOLA SIMON MWANSA KAWEPEWE INTERNATIONAL, ZA",-12.9833333,28.65,1270.1,10/16/1993,9999.9,0,0,,999.9,,83.5,*,62.4, ,9.9,,0,C,9999.9,0,999.9,,999.9,0,76.1,4,9.3,4,8.7,4
67561099999,"NDOLA SIMON MWANSA KAWEPEWE INTERNATIONAL, ZA",-12.9833333,28.65,1270.1,10/19/1993,45.7,4,0,,999.9,,88.7,*,61.3, ,15.9,,0,B,9999.9,0,999.9,,999.9,0,83.9,4,15.5,4,11.9,4
67561099999,"NDOLA SIMON MWANSA KAWEPEWE INTERNATIONAL, ZA",-12.9833333,28.65,1270.1,10/20/1993,44.2,5,0,,999.9,,89.8, ,61.9, ,14,,0,B,9999.9,0,999.9,,999.9,0,76,5,9.3,5,8.2,5
67561099999,"NDOLA SIMON MWANSA KAWEPEWE INTERNATIONAL, ZA",-12.9833333,28.65,1270.1,10/21/1993,46.5,5,0,,999.9,,90.5, ,60.4, ,11.1,,0,A,9999.9,0,999.9,,999.9,0,83,5,9.9,5,9.2,5
67561099999,"NDOLA SIMON MWANSA KAWEPEWE INTERNATIONAL, ZA",-12.9833333,28.65,1270.1,10/26/1993,52.1,4,10,,999.9,,86.7,*,67.1, ,12,,0,B,9999.9,0,999.9,,999.9,0,81.6,4,10.9,4,10.2,4
67561099999,"NDOLA SIMON MWANSA KAWEPEWE INTERNATIONAL, ZA",-12.9833333,28.65,1270.1,11/3/1993,50.6,4,0,,999.9,,89.8,*,60.8,*,5.1,,0,I,9999.9,0,999.9,,999.9,0,75,4,14.8,4,1.3,4
67561099999,"NDOLA SIMON MWANSA KAWEPEWE INTERNATIONAL, ZA",-12.9833333,28.65,1270.1,11/12/1993,64.6,4,10,,999.9,,82.4, ,71.1,*,12,,0,I,9999.9,0,999.9,,999.9,0,74.7,4,16.3,4,4.8,4
67561099999,"NDOLA SIMON MWANSA KAWEPEWE INTERNATIONAL, ZA",-12.9833333,28.65,1270.1,11/13/1993,65.7,4,10,,999.9,,77.7,*,64.9, ,6,,0.28,G,9999.9,0,999.9,,999.9,0,73.3,4,12.4,4,3,4
67561099999,"NDOLA SIMON MWANSA KAWEPEWE INTERNATIONAL, ZA",-12.9833333,28.65,1270.1,11/17/1993,60,4,0,,999.9,,86.7, ,73.6,*,999.9,,0,I,9999.9,0,999.9,,999.9,0,79.4,4,16.3,4,999.9,0
67561099999,"NDOLA SIMON MWANSA KAWEPEWE INTERNATIONAL, ZA",-12.9833333,28.65,1270.1,11/18/1993,58,4,0,,999.9,,86.9,*,65.5, ,8.9,,0,A,9999.9,0,999.9,,999.9,0,82.8,4,18.6,4,6,4
67561099999,"NDOLA SIMON MWANSA KAWEPEWE INTERNATIONAL, ZA",-12.9833333,28.65,1270.1,11/21/1993,60.5,6,10010,,999.9,,85.5, ,61.5, ,8,,99.99, ,9999.9,0,999.9,,999.9,0,72.5,6,16.1,6,5.2,6
67561099999,"NDOLA SIMON MWANSA KAWEPEWE INTERNATIONAL, ZA",-12.9833333,28.65,1270.1,11/23/1993,58.1,4,10,,999.9,,82.9, ,63.7, ,11.1,,0,A,9999.9,0,999.9,,999.9,0,75.2,4,17.9,4,7.8,4
67561099999,"NDOLA SIMON MWANSA KAWEPEWE INTERNATIONAL, ZA",-12.9833333,28.65,1270.1,11/25/1993,62.9,6,10000,,999.9,,76.8, ,63.3, ,8.9,,1.38,G,9999.9,0,999.9,,999.9,0,69,6,15.5,6,3.8,6
67561099999,"NDOLA SIMON MWANSA KAWEPEWE INTERNATIONAL, ZA",-12.9833333,28.65,1270.1,11/26/1993,60.1,5,0,,999.9,,83.5, ,64.2, ,6,,0.04,G,9999.9,0,999.9,,999.9,0,74.7,5,18,5,4.8,5
67561099999,"NDOLA SIMON MWANSA KAWEPEWE INTERNATIONAL, ZA",-12.9833333,28.65,1270.1,11/29/1993,61.5,4,0,,999.9,,80.4,*,61.3, ,4.1,,1.34,G,9999.9,0,999.9,,999.9,0,75.6,4,17.1,4,2,4
67561099999,"NDOLA SIMON MWANSA KAWEPEWE INTERNATIONAL, ZA",-12.9833333,28.65,1270.1,11/30/1993,62.3,4,10,,999.9,,78.6,*,61.5, ,12,,0,G,9999.9,0,999.9,,999.9,0,73.9,4,14,4,5.7,4
67561099999,"NDOLA SIMON MWANSA KAWEPEWE INTERNATIONAL, ZA",-12.9833333,28.65,1270.1,12/2/1993,64.7,5,10,,999.9,,85.1,*,62.6, ,6,,0.47,G,9999.9,0,999.9,,999.9,0,72.8,5,14.9,5,3.6,5
67561099999,"NDOLA SIMON MWANSA KAWEPEWE INTERNATIONAL, ZA",-12.9833333,28.65,1270.1,12/3/1993,60,5,0,,999.9,,86.7,*,66,*,8,,0.08,G,9999.9,0,999.9,,999.9,0,81.4,5,18.6,5,7.4,5
67561099999,"NDOLA SIMON MWANSA KAWEPEWE INTERNATIONAL, ZA",-12.9833333,28.65,1270.1,12/7/1993,61.3,4,10000,,999.9,,82.2,*,68,*,5.1,,0,G,9999.9,0,999.9,,999.9,0,74.3,4,15.5,4,2.3,4
67561099999,"NDOLA SIMON MWANSA KAWEPEWE INTERNATIONAL, ZA",-12.9833333,28.65,1270.1,12/14/1993,60.2,4,0,,999.9,,79.9,*,60.4, ,8,,0,A,9999.9,0,999.9,,999.9,0,76.8,4,18.6,4,6.5,4
67561099999,"NDOLA SIMON MWANSA KAWEPEWE INTERNATIONAL, ZA",-12.9833333,28.65,1270.1,12/15/1993,61,6,0,,999.9,,81,*,62.2,*,12,,0,A,9999.9,0,999.9,,999.9,0,72.3,6,18.1,6,5.2,6
67561099999,"NDOLA SIMON MWANSA KAWEPEWE INTERNATIONAL, ZA",-12.9833333,28.65,1270.1,12/17/1993,61.6,5,10010,,999.9,,82.4,*,63.5, ,11.1,,0.04,G,9999.9,0,999.9,,999.9,0,75.3,5,16.8,5,4.8,5
67561099999,"NDOLA SIMON MWANSA KAWEPEWE INTERNATIONAL, ZA",-12.9833333,28.65,1270.1,12/21/1993,65,4,10010,,999.9,,79,*,63.3, ,5.1,,0.51,G,9999.9,0,999.9,,999.9,0,73.8,4,17.9,4,3,4
67561099999,"NDOLA SIMON MWANSA KAWEPEWE INTERNATIONAL, ZA",-12.9833333,28.65,1270.1,2/5/1994,63,4,10010,,999.9,,72.5,*,61.3, ,1.9,,0.24,G,9999.9,0,999.9,,999.9,0,66,4,9.6,4,0.5,4
67561099999,"NDOLA SIMON MWANSA KAWEPEWE INTERNATIONAL, ZA",-12.9833333,28.65,1270.1,2/17/1994,64.9,4,10,,999.9,,75.6,*,62.1, ,5.1,,0.63,G,9999.9,0,999.9,,999.9,0,70.5,4,17.9,4,3.8,4
67561099999,"NDOLA SIMON MWANSA KAWEPEWE INTERNATIONAL, ZA",-12.9833333,28.65,1270.1,2/18/1994,64.5,4,10010,,999.9,,80.2,*,63, ,12,,1.1,G,9999.9,0,999.9,,999.9,0,70.8,4,11.5,4,3.7,4
67561099999,"NDOLA SIMON MWANSA KAWEPEWE INTERNATIONAL, ZA",-12.9833333,28.65,1270.1,2/19/1994,64.6,4,10,,999.9,,80.4,*,63.3,*,5.1,,0,G,9999.9,0,999.9,,999.9,0,74.4,4,12.4,4,2.2,4
67561099999,"NDOLA SIMON MWANSA KAWEPEWE INTERNATIONAL, ZA",-12.9833333,28.65,1270.1,2/22/1994,63.9,5,10000,,999.9,,79.3,*,63, ,12,,0,G,9999.9,0,999.9,,999.9,0,75.7,5,17.4,5,6.6,4
67561099999,"NDOLA SIMON MWANSA KAWEPEWE INTERNATIONAL, ZA",-12.9833333,28.65,1270.1,2/23/1994,63.6,5,10010,,999.9,,77.5,*,62.8, ,8.9,,0.35,G,9999.9,0,999.9,,999.9,0,70.1,5,14.3,5,5.4,5
67561099999,"NDOLA SIMON MWANSA KAWEPEWE INTERNATIONAL, ZA",-12.9833333,28.65,1270.1,3/6/1994,58.7,8,0,,999.9,,80.2,*,58.3, ,8.9,,0.04,G,9999.9,0,999.9,,999.9,0,70.4,8,16.7,8,1.3,7
67561099999,"NDOLA SIMON MWANSA KAWEPEWE INTERNATIONAL, ZA",-12.9833333,28.65,1270.1,3/8/1994,61.4,7,100000,,999.9,,84.9, ,62.2, ,4.1,,0,B,9999.9,0,999.9,,999.9,0,68.9,7,13.5,7,2.1,7
67561099999,"NDOLA SIMON MWANSA KAWEPEWE INTERNATIONAL, ZA",-12.9833333,28.65,1270.1,3/9/1994,58,4,0,,999.9,,83.1,*,57.4, ,12,,0,A,9999.9,0,999.9,,999.9,0,73.2,4,16.3,4,5,4
67561099999,"NDOLA SIMON MWANSA KAWEPEWE INTERNATIONAL, ZA",-12.9833333,28.65,1270.1,3/13/1994,60.9,5,100000,,999.9,,86.7, ,61, ,6,,0,A,9999.9,0,999.9,,999.9,0,72.6,5,12.4,5,2.8,5
67561099999,"NDOLA SIMON MWANSA KAWEPEWE INTERNATIONAL, ZA",-12.9833333,28.65,1270.1,3/16/1994,63.7,4,100010,,999.9,,83.7,*,62.8, ,5.1,,0,A,9999.9,0,999.9,,999.9,0,74.6,4,12.6,4,2,4
67561099999,"NDOLA SIMON MWANSA KAWEPEWE INTERNATIONAL, ZA",-12.9833333,28.65,1270.1,3/17/1994,61,5,0,,999.9,,84.2, ,61.9, ,8,,0.59,G,9999.9,0,999.9,,999.9,0,76.5,5,14.9,5,4.8,4
67561099999,"NDOLA SIMON MWANSA KAWEPEWE INTERNATIONAL, ZA",-12.9833333,28.65,1270.1,3/18/1994,59.3,8,100000,,999.9,,82.4,*,60.8, ,5.1,,0.79,G,9999.9,0,999.9,,999.9,0,72.7,8,14.7,7,3,8
67561099999,"NDOLA SIMON MWANSA KAWEPEWE INTERNATIONAL, ZA",-12.9833333,28.65,1270.1,3/19/1994,58.2,6,100000,,999.9,,80.4,*,58.3, ,8.9,,0,G,9999.9,0,999.9,,999.9,0,67.1,6,16.1,6,2.2,6
67561099999,"NDOLA SIMON MWANSA KAWEPEWE INTERNATIONAL, ZA",-12.9833333,28.65,1270.1,3/21/1994,54.4,6,0,,999.9,,82,*,55.4, ,8,,0,A,9999.9,0,999.9,,999.9,0,74.8,6,18.6,6,3.7,6
67561099999,"NDOLA SIMON MWANSA KAWEPEWE INTERNATIONAL, ZA",-12.9833333,28.65,1270.1,3/23/1994,57.2,5,0,,999.9,,84.6, ,57.6, ,6,,0,A,9999.9,0,999.9,,999.9,0,69.1,5,16.8,5,1.6,5
67561099999,"NDOLA SIMON MWANSA KAWEPEWE INTERNATIONAL, ZA",-12.9833333,28.65,1270.1,3/24/1994,54.6,4,100000,,999.9,,84.2,*,58.1,*,7,,0,A,9999.9,0,999.9,,999.9,0,72,4,16.3,4,3,4
67561099999,"NDOLA SIMON MWANSA KAWEPEWE INTERNATIONAL, ZA",-12.9833333,28.65,1270.1,3/25/1994,54.2,5,0,,999.9,,83.5,*,57.2,*,6,,0,A,9999.9,0,999.9,,999.9,0,68.9,5,12.3,5,1.8,5
67561099999,"NDOLA SIMON MWANSA KAWEPEWE INTERNATIONAL, ZA",-12.9833333,28.65,1270.1,3/26/1994,53.2,5,0,,999.9,,85.3,*,53.8, ,4.1,,0,A,9999.9,0,999.9,,999.9,0,73.9,5,16.8,5,0.8,5
67561099999,"NDOLA SIMON MWANSA KAWEPEWE INTERNATIONAL, ZA",-12.9833333,28.65,1270.1,3/30/1994,62.2,4,0,,999.9,,84.4,*,63.9, ,8,,0,G,9999.9,0,999.9,,999.9,0,74.3,4,17.1,4,3,4
67561099999,"NDOLA SIMON MWANSA KAWEPEWE INTERNATIONAL, ZA",-12.9833333,28.65,1270.1,3/31/1994,63.4,5,0,,999.9,,85.1, ,64.2, ,7,,0.24,G,9999.9,0,999.9,,999.9,0,71.4,6,17.6,6,1.8,6
67561099999,"NDOLA SIMON MWANSA KAWEPEWE INTERNATIONAL, ZA",-12.9833333,28.65,1270.1,4/2/1994,63.2,5,0,,999.9,,80.6, ,62.1, ,5.1,,0,A,9999.9,0,999.9,,999.9,0,70.9,5,18.6,5,3.2,5
67561099999,"NDOLA SIMON MWANSA KAWEPEWE INTERNATIONAL, ZA",-12.9833333,28.65,1270.1,4/4/1994,57.6,4,0,,999.9,,82.8, ,57.9, ,999.9,,0,A,9999.9,0,999.9,,999.9,0,75.6,4,18.6,4,999.9,0
67561099999,"NDOLA SIMON MWANSA KAWEPEWE INTERNATIONAL, ZA",-12.9833333,28.65,1270.1,4/5/1994,56.4,6,0,,999.9,,82.6, ,57.2, ,8.9,,0,A,9999.9,0,999.9,,999.9,0,70,7,18.6,7,4.4,7
67561099999,"NDOLA SIMON MWANSA KAWEPEWE INTERNATIONAL, ZA",-12.9833333,28.65,1270.1,4/6/1994,54.4,5,0,,999.9,,82, ,57.2,*,5.1,,0,A,9999.9,0,999.9,,999.9,0,67.4,5,18.6,5,1.8,5
67561099999,"NDOLA SIMON MWANSA KAWEPEWE INTERNATIONAL, ZA",-12.9833333,28.65,1270.1,4/7/1994,55,4,0,,999.9,,82.8,*,56.1, ,8.9,,0,A,9999.9,0,999.9,,999.9,0,77.9,4,18.6,4,6.7,4
67561099999,"NDOLA SIMON MWANSA KAWEPEWE INTERNATIONAL, ZA",-12.9833333,28.65,1270.1,4/8/1994,56.1,5,0,,999.9,,85.1, ,57.9, ,13,,0,A,9999.9,0,999.9,,999.9,0,74.5,5,17.9,4,5.6,5
67561099999,"NDOLA SIMON MWANSA KAWEPEWE INTERNATIONAL, ZA",-12.9833333,28.65,1270.1,4/9/1994,59.5,5,0,,999.9,,84.7, ,62.1, ,8.9,,0,A,9999.9,0,999.9,,999.9,0,71.4,5,18.6,5,4.6,5
67561099999,"NDOLA SIMON MWANSA KAWEPEWE INTERNATIONAL, ZA",-12.9833333,28.65,1270.1,4/10/1994,61.5,6,0,,999.9,,85.3, ,59.9, ,7,,0.16,G,9999.9,0,999.9,,999.9,0,75,6,17.6,6,3.5,6
67561099999,"NDOLA SIMON MWANSA KAWEPEWE INTERNATIONAL, ZA",-12.9833333,28.65,1270.1,4/11/1994,59.8,5,0,,999.9,,83.1, ,61.2, ,13,,0,G,9999.9,0,999.9,,999.9,0,73.8,5,18.6,5,9.8,5
67561099999,"NDOLA SIMON MWANSA KAWEPEWE INTERNATIONAL, ZA",-12.9833333,28.65,1270.1,4/12/1994,57.4,6,0,,999.9,,83.1, ,57.7, ,6,,0,A,9999.9,0,999.9,,999.9,0,67.7,6,15.6,6,2.1,6
67561099999,"NDOLA SIMON MWANSA KAWEPEWE INTERNATIONAL, ZA",-12.9833333,28.65,1270.1,4/15/1994,55.8,6,0,,999.9,,84.7, ,55.9, ,7,,0,B,9999.9,0,999.9,,999.9,0,70.2,6,15.5,6,1.7,6
67561099999,"NDOLA SIMON MWANSA KAWEPEWE INTERNATIONAL, ZA",-12.9833333,28.65,1270.1,4/16/1994,56.6,4,0,,999.9,,86, ,56.3, ,4.1,,0,A,9999.9,0,999.9,,999.9,0,71.5,4,16.3,4,2.2,4
67561099999,"NDOLA SIMON MWANSA KAWEPEWE INTERNATIONAL, ZA",-12.9833333,28.65,1270.1,4/17/1994,57.2,4,0,,999.9,,87.1, ,57.6, ,7,,0,A,9999.9,0,999.9,,999.9,0,68,4,10.9,4,1.7,4
67561099999,"NDOLA SIMON MWANSA KAWEPEWE INTERNATIONAL, ZA",-12.9833333,28.65,1270.1,4/18/1994,57.9,4,0,,999.9,,83.1,*,59, ,999.9,,0,B,9999.9,0,999.9,,999.9,0,74.7,4,11.7,4,0,4
67561099999,"NDOLA SIMON MWANSA KAWEPEWE INTERNATIONAL, ZA",-12.9833333,28.65,1270.1,4/20/1994,60.3,5,10000,,999.9,,85.8, ,62.6, ,5.1,,0.2,G,9999.9,0,999.9,,999.9,0,71,5,16.8,5,1.4,5
67561099999,"NDOLA SIMON MWANSA KAWEPEWE INTERNATIONAL, ZA",-12.9833333,28.65,1270.1,4/27/1994,49.2,4,0,,999.9,,82.4, ,52.3, ,8.9,,0,A,9999.9,0,999.9,,999.9,0,65.3,4,17.9,4,4.3,4
67561099999,"NDOLA SIMON MWANSA KAWEPEWE INTERNATIONAL, ZA",-12.9833333,28.65,1270.1,4/28/1994,49.7,6,0,,999.9,,79.5, ,49.1, ,6,,0,A,9999.9,0,999.9,,999.9,0,65,6,18.6,6,1.2,6
67561099999,"NDOLA SIMON MWANSA KAWEPEWE INTERNATIONAL, ZA",-12.9833333,28.65,1270.1,4/29/1994,47.7,5,0,,999.9,,80.6, ,50, ,9.9,,0,A,9999.9,0,999.9,,999.9,0,67.1,5,18.6,5,3.6,5
67561099999,"NDOLA SIMON MWANSA KAWEPEWE INTERNATIONAL, ZA",-12.9833333,28.65,1270.1,4/30/1994,49.4,6,0,,999.9,,81, ,49.8, ,8,,0,B,9999.9,0,999.9,,999.9,0,60.3,6,14.8,6,1.3,6
67561099999,"NDOLA SIMON MWANSA KAWEPEWE INTERNATIONAL, ZA",-12.9833333,28.65,1270.1,5/2/1994,52.5,4,0,,999.9,,82.9,*,51.1, ,2.9,,0,A,9999.9,0,999.9,,999.9,0,68.2,4,16.3,4,1,4
67561099999,"NDOLA SIMON MWANSA KAWEPEWE INTERNATIONAL, ZA",-12.9833333,28.65,1270.1,5/3/1994,55.6,4,0,,999.9,,85.3, ,55.8, ,4.1,,0,A,9999.9,0,999.9,,999.9,0,70.8,4,11.7,4,1,4
67561099999,"NDOLA SIMON MWANSA KAWEPEWE INTERNATIONAL, ZA",-12.9833333,28.65,1270.1,5/4/1994,49.5,5,0,,999.9,,85.8, ,55.9, ,7,,0,A,9999.9,0,999.9,,999.9,0,78.2,5,15.5,5,4.5,4
67561099999,"NDOLA SIMON MWANSA KAWEPEWE INTERNATIONAL, ZA",-12.9833333,28.65,1270.1,5/5/1994,46.8,6,0,,999.9,,83.8,*,52.5,*,9.9,,0,A,9999.9,0,999.9,,999.9,0,69.6,6,13.5,6,3,6
67561099999,"NDOLA SIMON MWANSA KAWEPEWE INTERNATIONAL, ZA",-12.9833333,28.65,1270.1,5/10/1994,54.4,4,0,,999.9,,82.8, ,55.2, ,4.1,,0,A,9999.9,0,999.9,,999.9,0,73.2,4,16.3,4,1.7,4
67561099999,"NDOLA SIMON MWANSA KAWEPEWE INTERNATIONAL, ZA",-12.9833333,28.65,1270.1,5/12/1994,9999.9,0,0,,999.9,,80.2,*,57.4, ,5.1,,0,A,9999.9,0,999.9,,999.9,0,67.7,4,11.7,4,1.3,4
67561099999,"NDOLA SIMON MWANSA KAWEPEWE INTERNATIONAL, ZA",-12.9833333,28.65,1270.1,5/13/1994,47.2,6,0,,999.9,,82.8, ,55.8, ,8.9,,0,A,9999.9,0,999.9,,999.9,0,65.8,6,13.5,6,3.8,6
67561099999,"NDOLA SIMON MWANSA KAWEPEWE INTERNATIONAL, ZA",-12.9833333,28.65,1270.1,5/15/1994,49.4,6,0,,999.9,,79.3,*,50, ,11.1,,0,B,9999.9,0,999.9,,999.9,0,67.3,6,16.1,6,5.2,5
67561099999,"NDOLA SIMON MWANSA KAWEPEWE INTERNATIONAL, ZA",-12.9833333,28.65,1270.1,5/16/1994,50.4,5,0,,999.9,,80.6, ,50.7, ,8.9,,0,A,9999.9,0,999.9,,999.9,0,64.9,5,15.5,5,3.4,5
67561099999,"NDOLA SIMON MWANSA KAWEPEWE INTERNATIONAL, ZA",-12.9833333,28.65,1270.1,5/17/1994,52.4,6,0,,999.9,,83.1, ,50.9, ,8.9,,0,A,9999.9,0,999.9,,999.9,0,69.8,6,14,6,4.3,6
67561099999,"NDOLA SIMON MWANSA KAWEPEWE INTERNATIONAL, ZA",-12.9833333,28.65,1270.1,5/18/1994,54.6,8,0,,999.9,,83.1, ,57, ,11.1,,0,A,9999.9,0,999.9,,999.9,0,68.2,8,15.9,8,5,8
67561099999,"NDOLA SIMON MWANSA KAWEPEWE INTERNATIONAL, ZA",-12.9833333,28.65,1270.1,5/19/1994,53.8,4,0,,999.9,,82.8, ,58.1,*,9.9,,0,I,9999.9,0,999.9,,999.9,0,72.7,4,17.1,4,6.2,4
67561099999,"NDOLA SIMON MWANSA KAWEPEWE INTERNATIONAL, ZA",-12.9833333,28.65,1270.1,5/20/1994,52.2,5,10000,,999.9,,80.2,*,55.8, ,6,,0,H,9999.9,0,999.9,,999.9,0,71.9,5,17.1,4,4,5
67561099999,"NDOLA SIMON MWANSA KAWEPEWE INTERNATIONAL, ZA",-12.9833333,28.65,1270.1,5/21/1994,52.6,4,0,,999.9,,81,*,55, ,6,,0,A,9999.9,0,999.9,,999.9,0,69.2,4,15.5,4,1.5,4
67561099999,"NDOLA SIMON MWANSA KAWEPEWE INTERNATIONAL, ZA",-12.9833333,28.65,1270.1,5/22/1994,50.5,5,0,,999.9,,82.8, ,57, ,6,,0,A,9999.9,0,999.9,,999.9,0,69.7,5,13.7,5,3.4,5
67561099999,"NDOLA SIMON MWANSA KAWEPEWE INTERNATIONAL, ZA",-12.9833333,28.65,1270.1,5/23/1994,48.3,4,0,,999.9,,81.5, ,57.2, ,5.1,,0,A,9999.9,0,999.9,,999.9,0,70.7,4,15.5,4,2,4
67561099999,"NDOLA SIMON MWANSA KAWEPEWE INTERNATIONAL, ZA",-12.9833333,28.65,1270.1,6/5/1994,43.6,6,0,,999.9,,77,*,46.2,*,8,,0,A,9999.9,0,999.9,,999.9,0,57.7,6,13.3,6,2,6
67561099999,"NDOLA SIMON MWANSA KAWEPEWE INTERNATIONAL, ZA",-12.9833333,28.65,1270.1,6/12/1994,40.8,6,0,,999.9,,70.5,*,39.9, ,9.9,,0,A,9999.9,0,999.9,,999.9,0,57.1,6,15,6,4,6
67561099999,"NDOLA SIMON MWANSA KAWEPEWE INTERNATIONAL, ZA",-12.9833333,28.65,1270.1,6/15/1994,41.5,5,0,,999.9,,75.7, ,49.3, ,11.1,,0,A,9999.9,0,999.9,,999.9,0,66.7,5,13.7,5,8.6,5
67561099999,"NDOLA SIMON MWANSA KAWEPEWE INTERNATIONAL, ZA",-12.9833333,28.65,1270.1,6/16/1994,43,6,0,,999.9,,78.3, ,47.1, ,13,,0,A,9999.9,0,999.9,,999.9,0,61,6,16.1,6,5.8,6
67561099999,"NDOLA SIMON MWANSA KAWEPEWE INTERNATIONAL, ZA",-12.9833333,28.65,1270.1,6/17/1994,43.4,5,0,,999.9,,78.3, ,44.8, ,6,,0,A,9999.9,0,999.9,,999.9,0,64.9,5,12.4,5,3,5
67561099999,"NDOLA SIMON MWANSA KAWEPEWE INTERNATIONAL, ZA",-12.9833333,28.65,1270.1,6/18/1994,41,4,0,,999.9,,78.3, ,43.5, ,4.1,,0,A,9999.9,0,999.9,,999.9,0,66.2,4,7.9,4,3.1,4
67561099999,"NDOLA SIMON MWANSA KAWEPEWE INTERNATIONAL, ZA",-12.9833333,28.65,1270.1,6/19/1994,39.5,6,0,,999.9,,77.4, ,44.8, ,2.9,,0,A,9999.9,0,999.9,,999.9,0,62.4,6,8.3,6,0.5,6
67561099999,"NDOLA SIMON MWANSA KAWEPEWE INTERNATIONAL, ZA",-12.9833333,28.65,1270.1,6/20/1994,42.8,8,0,,999.9,,78.6, ,45.5, ,11.1,,0,A,9999.9,0,999.9,,999.9,0,60.8,8,8.9,8,2.7,8
67561099999,"NDOLA SIMON MWANSA KAWEPEWE INTERNATIONAL, ZA",-12.9833333,28.65,1270.1,6/21/1994,41,8,0,,999.9,,80.8, ,44.1, ,4.1,,1.97,G,9999.9,0,999.9,,999.9,0,61.2,8,7.5,8,1.7,8
67561099999,"NDOLA SIMON MWANSA KAWEPEWE INTERNATIONAL, ZA",-12.9833333,28.65,1270.1,6/23/1994,46.8,6,0,,999.9,,81.3, ,47.3, ,9.9,,0,A,9999.9,0,999.9,,999.9,0,61.1,6,9.8,6,3.9,6
67561099999,"NDOLA SIMON MWANSA KAWEPEWE INTERNATIONAL, ZA",-12.9833333,28.65,1270.1,6/24/1994,46.6,5,10010,,999.9,,79.9, ,49.8, ,8,,0,H,9999.9,0,999.9,,999.9,0,66.1,5,11.1,5,2.6,5
67561099999,"NDOLA SIMON MWANSA KAWEPEWE INTERNATIONAL, ZA",-12.9833333,28.65,1270.1,6/25/1994,45.1,6,1000,,999.9,,80.1, ,52.2, ,8,,0,H,9999.9,0,999.9,,999.9,0,66.6,6,16.1,6,2.8,6
67561099999,"NDOLA SIMON MWANSA KAWEPEWE INTERNATIONAL, ZA",-12.9833333,28.65,1270.1,6/27/1994,46.2,6,0,,999.9,,79.5, ,47.3, ,6,,0,A,9999.9,0,999.9,,999.9,0,63.2,6,13.5,6,2.6,5
67561099999,"NDOLA SIMON MWANSA KAWEPEWE INTERNATIONAL, ZA",-12.9833333,28.65,1270.1,6/28/1994,48.8,8,0,,999.9,,84.4, ,51.1, ,8.9,,0,I,9999.9,0,999.9,,999.9,0,65.8,8,8.2,8,2.2,8
67561099999,"NDOLA SIMON MWANSA KAWEPEWE INTERNATIONAL, ZA",-12.9833333,28.65,1270.1,6/29/1994,41.1,6,0,,999.9,,78.4, ,49.3, ,7,,0,A,9999.9,0,999.9,,999.9,0,61.9,6,7.8,6,5.7,6
67561099999,"NDOLA SIMON MWANSA KAWEPEWE INTERNATIONAL, ZA",-12.9833333,28.65,1270.1,6/30/1994,34.7,6,0,,999.9,,78.6, ,45.1, ,8.9,,0,A,9999.9,0,999.9,,999.9,0,61.6,6,7.2,6,4.3,6
67561099999,"NDOLA SIMON MWANSA KAWEPEWE INTERNATIONAL, ZA",-12.9833333,28.65,1270.1,7/1/1994,28.3,5,0,,999.9,,78.6, ,40.8, ,8,,0,A,9999.9,0,999.9,,999.9,0,55.7,6,6.9,6,3.6,6
67561099999,"NDOLA SIMON MWANSA KAWEPEWE INTERNATIONAL, ZA",-12.9833333,28.65,1270.1,7/2/1994,35.1,6,0,,999.9,,73.2, ,39.2, ,7,,0,A,9999.9,0,999.9,,999.9,0,53.2,6,5.7,6,2.3,6
67561099999,"NDOLA SIMON MWANSA KAWEPEWE INTERNATIONAL, ZA",-12.9833333,28.65,1270.1,7/3/1994,42.6,7,0,,999.9,,75.7, ,41.7, ,7,,0,A,9999.9,0,999.9,,999.9,0,59.3,7,10.3,7,1.6,7
67561099999,"NDOLA SIMON MWANSA KAWEPEWE INTERNATIONAL, ZA",-12.9833333,28.65,1270.1,7/4/1994,45.4,4,0,,999.9,,79.5, ,43.7, ,8,,0,A,9999.9,0,999.9,,999.9,0,66.7,4,10.3,4,4.5,4
67561099999,"NDOLA SIMON MWANSA KAWEPEWE INTERNATIONAL, ZA",-12.9833333,28.65,1270.1,7/6/1994,44.1,7,0,,999.9,,73.2,*,46.6, ,12,,0,A,9999.9,0,999.9,,999.9,0,63.2,7,14.6,7,6.2,6
67561099999,"NDOLA SIMON MWANSA KAWEPEWE INTERNATIONAL, ZA",-12.9833333,28.65,1270.1,7/7/1994,38.4,5,0,,999.9,,82.9,*,51.6,*,13,,0,I,9999.9,0,999.9,,999.9,0,67.7,5,13,5,4.8,5
67561099999,"NDOLA SIMON MWANSA KAWEPEWE INTERNATIONAL, ZA",-12.9833333,28.65,1270.1,7/8/1994,42.8,4,10100,,999.9,,77.9, ,49.3,*,12,,99.99, ,9999.9,0,999.9,,999.9,0,57.5,5,14.3,5,3,4
67561099999,"NDOLA SIMON MWANSA KAWEPEWE INTERNATIONAL, ZA",-12.9833333,28.65,1270.1,7/10/1994,43.3,8,0,,999.9,,80.6, ,48.6, ,5.1,,0,A,9999.9,0,999.9,,999.9,0,63.2,8,12.4,8,1.6,8
67561099999,"NDOLA SIMON MWANSA KAWEPEWE INTERNATIONAL, ZA",-12.9833333,28.65,1270.1,7/11/1994,41.8,5,0,,999.9,,80.6, ,49.8, ,13,,0,A,9999.9,0,999.9,,999.9,0,63.1,5,10.6,5,3.4,5
67561099999,"NDOLA SIMON MWANSA KAWEPEWE INTERNATIONAL, ZA",-12.9833333,28.65,1270.1,7/12/1994,41.3,5,0,,999.9,,81.9,*,52.5, ,9.9,,0,A,9999.9,0,999.9,,999.9,0,70,5,13,5,6.8,5
67561099999,"NDOLA SIMON MWANSA KAWEPEWE INTERNATIONAL, ZA",-12.9833333,28.65,1270.1,7/13/1994,29.3,5,0,,999.9,,75.9, ,50,*,12,,0,A,9999.9,0,999.9,,999.9,0,62.2,6,14.9,5,9.6,5
67561099999,"NDOLA SIMON MWANSA KAWEPEWE INTERNATIONAL, ZA",-12.9833333,28.65,1270.1,7/14/1994,30.8,4,0,,999.9,,73.9, ,43.7, ,999.9,,0,A,9999.9,0,999.9,,999.9,0,66.1,4,13.2,4,999.9,0
67561099999,"NDOLA SIMON MWANSA KAWEPEWE INTERNATIONAL, ZA",-12.9833333,28.65,1270.1,7/15/1994,35.2,8,0,,999.9,,79.5, ,40.5, ,6,,1.97,G,9999.9,0,999.9,,999.9,0,57.4,8,11.7,8,2.6,8
67561099999,"NDOLA SIMON MWANSA KAWEPEWE INTERNATIONAL, ZA",-12.9833333,28.65,1270.1,7/16/1994,32,5,0,,999.9,,79.5, ,41.4, ,7,,0,G,9999.9,0,999.9,,999.9,0,53.2,5,12.4,5,2.4,5
67561099999,"NDOLA SIMON MWANSA KAWEPEWE INTERNATIONAL, ZA",-12.9833333,28.65,1270.1,7/17/1994,39.3,5,0,,999.9,,74.3,*,45.5, ,11.1,,0,A,9999.9,0,999.9,,999.9,0,64.7,5,13.7,5,6.4,5
67561099999,"NDOLA SIMON MWANSA KAWEPEWE INTERNATIONAL, ZA",-12.9833333,28.65,1270.1,7/19/1994,40.4,5,0,,999.9,,79.5, ,36.5,*,5.1,,0,A,9999.9,0,999.9,,999.9,0,61.4,6,11.4,6,2,5
67561099999,"NDOLA SIMON MWANSA KAWEPEWE INTERNATIONAL, ZA",-12.9833333,28.65,1270.1,7/20/1994,42.4,5,0,,999.9,,77,*,45.3,*,8,,0,A,9999.9,0,999.9,,999.9,0,65.4,5,10.6,5,5.4,5
67561099999,"NDOLA SIMON MWANSA KAWEPEWE INTERNATIONAL, ZA",-12.9833333,28.65,1270.1,7/21/1994,43.1,6,0,,999.9,,79, ,48.4, ,7,,0,A,9999.9,0,999.9,,999.9,0,66.3,6,11.4,6,4.3,6
67561099999,"NDOLA SIMON MWANSA KAWEPEWE INTERNATIONAL, ZA",-12.9833333,28.65,1270.1,7/22/1994,42.7,4,0,,999.9,,80.1, ,52.7, ,8,,0,A,9999.9,0,999.9,,999.9,0,71.9,4,11.7,4,6.5,4
67561099999,"NDOLA SIMON MWANSA KAWEPEWE INTERNATIONAL, ZA",-12.9833333,28.65,1270.1,7/23/1994,42.3,6,0,,999.9,,80.4, ,52.7,*,7,,0,A,9999.9,0,999.9,,999.9,0,66.7,6,12.4,6,2.3,6
67561099999,"NDOLA SIMON MWANSA KAWEPEWE INTERNATIONAL, ZA",-12.9833333,28.65,1270.1,7/24/1994,41.1,5,0,,999.9,,82.8, ,51.3,*,4.1,,0,A,9999.9,0,999.9,,999.9,0,66.1,5,14.3,5,2,5
67561099999,"NDOLA SIMON MWANSA KAWEPEWE INTERNATIONAL, ZA",-12.9833333,28.65,1270.1,7/25/1994,41.8,5,0,,999.9,,86.7, ,50.7, ,4.1,,0,A,9999.9,0,999.9,,999.9,0,68.5,5,6.8,5,1.2,5
67561099999,"NDOLA SIMON MWANSA KAWEPEWE INTERNATIONAL, ZA",-12.9833333,28.65,1270.1,7/26/1994,46.1,5,0,,999.9,,86.7, ,49.8,*,4.1,,0,A,9999.9,0,999.9,,999.9,0,65.9,5,6.8,5,3.2,5
67561099999,"NDOLA SIMON MWANSA KAWEPEWE INTERNATIONAL, ZA",-12.9833333,28.65,1270.1,7/27/1994,44.6,8,0,,999.9,,86, ,54.7, ,12,,0,A,9999.9,0,999.9,,999.9,0,69.1,8,9.3,8,4.2,8
67561099999,"NDOLA SIMON MWANSA KAWEPEWE INTERNATIONAL, ZA",-12.9833333,28.65,1270.1,7/28/1994,39.1,5,0,,999.9,,84.4, ,53.1, ,15,,0,A,9999.9,0,999.9,,999.9,0,64.1,5,6.7,5,8,5
67561099999,"NDOLA SIMON MWANSA KAWEPEWE INTERNATIONAL, ZA",-12.9833333,28.65,1270.1,8/1/1994,44.2,4,0,,999.9,,78.6, ,50.5,*,8.9,,0,I,9999.9,0,999.9,,999.9,0,60.5,4,14,4,3.7,4
67561099999,"NDOLA SIMON MWANSA KAWEPEWE INTERNATIONAL, ZA",-12.9833333,28.65,1270.1,8/4/1994,40.9,5,0,,999.9,,79.3, ,48, ,18.1,,0,A,9999.9,0,999.9,,999.9,0,66.8,5,11.8,5,8,5
67561099999,"NDOLA SIMON MWANSA KAWEPEWE INTERNATIONAL, ZA",-12.9833333,28.65,1270.1,8/5/1994,41.5,9,0,,999.9,,77.4, ,49.6, ,11.1,,0,A,9999.9,0,999.9,,999.9,0,63.5,9,12.8,9,7.1,9
67561099999,"NDOLA SIMON MWANSA KAWEPEWE INTERNATIONAL, ZA",-12.9833333,28.65,1270.1,8/7/1994,9999.9,0,0,,999.9,,78.3,*,45.5, ,8.9,,0,A,9999.9,0,999.9,,999.9,0,64.3,4,13.2,4,4.5,4
67561099999,"NDOLA SIMON MWANSA KAWEPEWE INTERNATIONAL, ZA",-12.9833333,28.65,1270.1,8/8/1994,41,5,0,,999.9,,82.6, ,50.5, ,6,,0,A,9999.9,0,999.9,,999.9,0,69.6,5,10.6,5,1.8,5
67561099999,"NDOLA SIMON MWANSA KAWEPEWE INTERNATIONAL, ZA",-12.9833333,28.65,1270.1,8/9/1994,44.3,4,0,,999.9,,81.1,*,50.7,*,6,,0,I,9999.9,0,999.9,,999.9,0,71.8,4,7.9,4,3,4
67561099999,"NDOLA SIMON MWANSA KAWEPEWE INTERNATIONAL, ZA",-12.9833333,28.65,1270.1,8/10/1994,41.7,6,0,,999.9,,84.2, ,52, ,8.9,,0,A,9999.9,0,999.9,,999.9,0,69.2,6,9.8,6,4.2,6
67561099999,"NDOLA SIMON MWANSA KAWEPEWE INTERNATIONAL, ZA",-12.9833333,28.65,1270.1,8/11/1994,46.4,5,0,,999.9,,84.9, ,55.9, ,11.1,,0,B,9999.9,0,999.9,,999.9,0,69.2,5,7.2,5,5.3,4
67561099999,"NDOLA SIMON MWANSA KAWEPEWE INTERNATIONAL, ZA",-12.9833333,28.65,1270.1,8/12/1994,42.9,5,0,,999.9,,82.4, ,53.1, ,9.9,,0,A,9999.9,0,999.9,,999.9,0,68.5,5,6.1,4,5.4,5
67561099999,"NDOLA SIMON MWANSA KAWEPEWE INTERNATIONAL, ZA",-12.9833333,28.65,1270.1,8/13/1994,49,5,0,,999.9,,84.4, ,62.1,*,6,,0,I,9999.9,0,999.9,,999.9,0,74.6,5,5.7,5,3.8,5
67561099999,"NDOLA SIMON MWANSA KAWEPEWE INTERNATIONAL, ZA",-12.9833333,28.65,1270.1,8/14/1994,43.9,6,0,,999.9,,89.1, ,50.4,*,6,,0,A,9999.9,0,999.9,,999.9,0,68.2,6,5.4,6,2.2,6
67561099999,"NDOLA SIMON MWANSA KAWEPEWE INTERNATIONAL, ZA",-12.9833333,28.65,1270.1,8/15/1994,44,6,0,,999.9,,89.1, ,51.1, ,11.1,,0,A,9999.9,0,999.9,,999.9,0,70.7,6,5.4,6,5.2,6
67561099999,"NDOLA SIMON MWANSA KAWEPEWE INTERNATIONAL, ZA",-12.9833333,28.65,1270.1,8/16/1994,50.4,7,0,,999.9,,88.7, ,54, ,13,,0,A,9999.9,0,999.9,,999.9,0,69.2,8,4,8,4,8
67561099999,"NDOLA SIMON MWANSA KAWEPEWE INTERNATIONAL, ZA",-12.9833333,28.65,1270.1,8/17/1994,44.4,8,0,,999.9,,86, ,53.4, ,12,,0,A,9999.9,0,999.9,,999.9,0,69,8,3.4,8,4.2,8
67561099999,"NDOLA SIMON MWANSA KAWEPEWE INTERNATIONAL, ZA",-12.9833333,28.65,1270.1,8/18/1994,40.8,6,0,,999.9,,86, ,54.1, ,8,,0,A,9999.9,0,999.9,,999.9,0,71.6,6,5,6,5.2,6
67561099999,"NDOLA SIMON MWANSA KAWEPEWE INTERNATIONAL, ZA",-12.9833333,28.65,1270.1,8/19/1994,44.6,5,0,,999.9,,85.6, ,52.3, ,4.1,,1.97,G,9999.9,0,999.9,,999.9,0,59.3,5,3.7,5,1.8,5
67561099999,"NDOLA SIMON MWANSA KAWEPEWE INTERNATIONAL, ZA",-12.9833333,28.65,1270.1,8/20/1994,43.9,6,0,,999.9,,85.6, ,54.1, ,5.1,,0,G,9999.9,0,999.9,,999.9,0,68.4,6,6.5,6,1.3,6
67561099999,"NDOLA SIMON MWANSA KAWEPEWE INTERNATIONAL, ZA",-12.9833333,28.65,1270.1,8/21/1994,42,8,0,,999.9,,90, ,55.6, ,6,,0,A,9999.9,0,999.9,,999.9,0,73.2,8,5.4,8,2.6,8
67561099999,"NDOLA SIMON MWANSA KAWEPEWE INTERNATIONAL, ZA",-12.9833333,28.65,1270.1,8/22/1994,51.5,6,0,,999.9,,90, ,61.5,*,15.9,,0,A,9999.9,0,999.9,,999.9,0,66.8,6,6.4,6,10,6
67561099999,"NDOLA SIMON MWANSA KAWEPEWE INTERNATIONAL, ZA",-12.9833333,28.65,1270.1,8/23/1994,48.2,8,0,,999.9,,72, ,56.3,*,12,,0,A,9999.9,0,999.9,,999.9,0,61.2,8,16.7,8,8.8,8
67561099999,"NDOLA SIMON MWANSA KAWEPEWE INTERNATIONAL, ZA",-12.9833333,28.65,1270.1,8/24/1994,42.8,8,0,,999.9,,78.4, ,46, ,12,,0,A,9999.9,0,999.9,,999.9,0,61.7,8,17.1,8,4.1,8
67561099999,"NDOLA SIMON MWANSA KAWEPEWE INTERNATIONAL, ZA",-12.9833333,28.65,1270.1,8/25/1994,36.4,5,0,,999.9,,78.4, ,46, ,11.1,,0,A,9999.9,0,999.9,,999.9,0,67.8,6,15.5,6,5.8,5
67561099999,"NDOLA SIMON MWANSA KAWEPEWE INTERNATIONAL, ZA",-12.9833333,28.65,1270.1,8/26/1994,34.8,8,0,,999.9,,80.1, ,49.1, ,9.9,,0,A,9999.9,0,999.9,,999.9,0,64.8,8,16.3,8,7.2,8
67561099999,"NDOLA SIMON MWANSA KAWEPEWE INTERNATIONAL, ZA",-12.9833333,28.65,1270.1,8/27/1994,34,5,0,,999.9,,78.8, ,50.4, ,15.9,,0,A,9999.9,0,999.9,,999.9,0,68.9,5,14.3,5,8.7,5
67561099999,"NDOLA SIMON MWANSA KAWEPEWE INTERNATIONAL, ZA",-12.9833333,28.65,1270.1,8/28/1994,35,6,0,,999.9,,81, ,47.1, ,8,,0,A,9999.9,0,999.9,,999.9,0,67,6,12.4,6,4.5,6
67561099999,"NDOLA SIMON MWANSA KAWEPEWE INTERNATIONAL, ZA",-12.9833333,28.65,1270.1,8/29/1994,38.7,5,0,,999.9,,81.9,*,54, ,7,,0,A,9999.9,0,999.9,,999.9,0,71.2,5,9.9,5,4.6,5
67561099999,"NDOLA SIMON MWANSA KAWEPEWE INTERNATIONAL, ZA",-12.9833333,28.65,1270.1,8/30/1994,45.7,6,0,,999.9,,83.5, ,51.6, ,999.9,,0,A,9999.9,0,999.9,,999.9,0,69.7,6,9.3,6,16.3,6
67561099999,"NDOLA SIMON MWANSA KAWEPEWE INTERNATIONAL, ZA",-12.9833333,28.65,1270.1,8/31/1994,43.6,9,0,,999.9,,85.1, ,51.6, ,6,,0,A,9999.9,0,999.9,,999.9,0,66.7,9,7.2,9,2.5,9
67561099999,"NDOLA SIMON MWANSA KAWEPEWE INTERNATIONAL, ZA",-12.9833333,28.65,1270.1,9/1/1994,45.4,5,0,,999.9,,85.5, ,54.7, ,7,,1.97,G,9999.9,0,999.9,,999.9,0,76.2,5,4.7,5,5,5
67561099999,"NDOLA SIMON MWANSA KAWEPEWE INTERNATIONAL, ZA",-12.9833333,28.65,1270.1,9/2/1994,43.8,7,0,,999.9,,86.5, ,54.7, ,8,,0,G,9999.9,0,999.9,,999.9,0,70.7,7,5,7,3.9,7
67561099999,"NDOLA SIMON MWANSA KAWEPEWE INTERNATIONAL, ZA",-12.9833333,28.65,1270.1,9/3/1994,46.3,7,0,,999.9,,86.4, ,57.4, ,15,,0,A,9999.9,0,999.9,,999.9,0,69.6,8,5,8,7.4,8
67561099999,"NDOLA SIMON MWANSA KAWEPEWE INTERNATIONAL, ZA",-12.9833333,28.65,1270.1,9/4/1994,43.4,4,0,,999.9,,84.4, ,54.1, ,13,,0,A,9999.9,0,999.9,,999.9,0,69.5,4,7.5,4,8.7,4
67561099999,"NDOLA SIMON MWANSA KAWEPEWE INTERNATIONAL, ZA",-12.9833333,28.65,1270.1,9/5/1994,42.9,7,0,,999.9,,81.5, ,53.6,*,15,,0,A,9999.9,0,999.9,,999.9,0,65.9,7,8.1,7,7.1,7
67561099999,"NDOLA SIMON MWANSA KAWEPEWE INTERNATIONAL, ZA",-12.9833333,28.65,1270.1,9/6/1994,39.9,7,0,,999.9,,83.5, ,53.4, ,14,,0,A,9999.9,0,999.9,,999.9,0,68.5,7,11.5,7,5,7
67561099999,"NDOLA SIMON MWANSA KAWEPEWE INTERNATIONAL, ZA",-12.9833333,28.65,1270.1,9/7/1994,42.1,6,0,,999.9,,87.3, ,55, ,8,,0,A,9999.9,0,999.9,,999.9,0,71.5,6,7.6,6,3.5,6
67561099999,"NDOLA SIMON MWANSA KAWEPEWE INTERNATIONAL, ZA",-12.9833333,28.65,1270.1,9/8/1994,40.7,7,0,,999.9,,88.3, ,55.8, ,9.9,,0,B,9999.9,0,999.9,,999.9,0,70.2,7,6,7,4.2,7
67561099999,"NDOLA SIMON MWANSA KAWEPEWE INTERNATIONAL, ZA",-12.9833333,28.65,1270.1,9/9/1994,42.3,7,0,,999.9,,88.3, ,61.5, ,18.1,,0,A,9999.9,0,999.9,,999.9,0,69.6,7,4.8,7,12.2,7
67561099999,"NDOLA SIMON MWANSA KAWEPEWE INTERNATIONAL, ZA",-12.9833333,28.65,1270.1,9/10/1994,9999.9,0,0,,999.9,,73.2,*,51.8, ,999.9,,7.17,G,9999.9,0,999.9,,999.9,0,62.5,4,5.9,4,999.9,0
67561099999,"NDOLA SIMON MWANSA KAWEPEWE INTERNATIONAL, ZA",-12.9833333,28.65,1270.1,9/12/1994,45.4,8,0,,999.9,,86.4, ,52.7, ,7,,0,A,9999.9,0,999.9,,999.9,0,70,8,8.2,8,2.4,8
67561099999,"NDOLA SIMON MWANSA KAWEPEWE INTERNATIONAL, ZA",-12.9833333,28.65,1270.1,9/13/1994,46.5,8,0,,999.9,,88.7, ,55.9, ,8,,0,A,9999.9,0,999.9,,999.9,0,71.8,8,7.5,8,2,8
67561099999,"NDOLA SIMON MWANSA KAWEPEWE INTERNATIONAL, ZA",-12.9833333,28.65,1270.1,9/14/1994,42.3,9,0,,999.9,,91, ,56.7, ,8.9,,0,A,9999.9,0,999.9,,999.9,0,72.5,9,5.5,9,3.9,9
67561099999,"NDOLA SIMON MWANSA KAWEPEWE INTERNATIONAL, ZA",-12.9833333,28.65,1270.1,9/16/1994,41.6,6,0,,999.9,,89.2, ,58.5, ,13,,0,A,9999.9,0,999.9,,999.9,0,73.6,6,7.8,6,6.8,6
67561099999,"NDOLA SIMON MWANSA KAWEPEWE INTERNATIONAL, ZA",-12.9833333,28.65,1270.1,9/17/1994,34.9,6,0,,999.9,,89.2, ,55.2, ,9.9,,0,A,9999.9,0,999.9,,999.9,0,73.3,6,7.2,6,5.1,6
67561099999,"NDOLA SIMON MWANSA KAWEPEWE INTERNATIONAL, ZA",-12.9833333,28.65,1270.1,9/18/1994,41.1,4,0,,999.9,,89.6,*,56.8, ,9.9,,0,A,9999.9,0,999.9,,999.9,0,83.1,4,5,4,6.2,4
67561099999,"NDOLA SIMON MWANSA KAWEPEWE INTERNATIONAL, ZA",-12.9833333,28.65,1270.1,9/19/1994,30.4,6,0,,999.9,,91.4, ,52.5, ,8.9,,0,A,9999.9,0,999.9,,999.9,0,73.5,6,5.3,6,6,6
67561099999,"NDOLA SIMON MWANSA KAWEPEWE INTERNATIONAL, ZA",-12.9833333,28.65,1270.1,9/20/1994,41,8,0,,999.9,,91.4, ,56.3, ,14,,0,A,9999.9,0,999.9,,999.9,0,72.9,8,5,8,7.8,8
67561099999,"NDOLA SIMON MWANSA KAWEPEWE INTERNATIONAL, ZA",-12.9833333,28.65,1270.1,9/21/1994,43,4,0,,999.9,,90.9, ,57.6, ,8.9,,0,A,9999.9,0,999.9,,999.9,0,80.2,4,6.5,4,6,4
67561099999,"NDOLA SIMON MWANSA KAWEPEWE INTERNATIONAL, ZA",-12.9833333,28.65,1270.1,9/22/1994,44.1,5,0,,999.9,,88.7, ,59.4, ,8.9,,0,I,9999.9,0,999.9,,999.9,0,68.5,5,5.1,5,2.4,5
67561099999,"NDOLA SIMON MWANSA KAWEPEWE INTERNATIONAL, ZA",-12.9833333,28.65,1270.1,9/23/1994,47.4,5,0,,999.9,,89.1, ,60.4, ,12,,0,A,9999.9,0,999.9,,999.9,0,80.5,5,3.7,5,5.6,5
67561099999,"NDOLA SIMON MWANSA KAWEPEWE INTERNATIONAL, ZA",-12.9833333,28.65,1270.1,9/24/1994,45.6,4,0,,999.9,,89.1, ,59.5, ,8.9,,0,A,9999.9,0,999.9,,999.9,0,79.7,4,3.7,4,5.8,4
67561099999,"NDOLA SIMON MWANSA KAWEPEWE INTERNATIONAL, ZA",-12.9833333,28.65,1270.1,9/25/1994,39.8,6,0,,999.9,,92.7, ,59, ,9.9,,0,A,9999.9,0,999.9,,999.9,0,75.9,6,5.4,6,5.6,6
67561099999,"NDOLA SIMON MWANSA KAWEPEWE INTERNATIONAL, ZA",-12.9833333,28.65,1270.1,9/26/1994,40.8,8,0,,999.9,,92.7, ,59, ,9.9,,0,A,9999.9,0,999.9,,999.9,0,75.8,8,5,8,4,8
67561099999,"NDOLA SIMON MWANSA KAWEPEWE INTERNATIONAL, ZA",-12.9833333,28.65,1270.1,9/27/1994,42.2,7,0,,999.9,,92.8, ,61.5, ,9.9,,0,A,9999.9,0,999.9,,999.9,0,77.8,7,6.3,7,3.1,7
67561099999,"NDOLA SIMON MWANSA KAWEPEWE INTERNATIONAL, ZA",-12.9833333,28.65,1270.1,9/28/1994,43,8,0,,999.9,,94.3, ,59.2, ,5.1,,0,A,9999.9,0,999.9,,999.9,0,76.1,8,4.6,8,1.1,8
67561099999,"NDOLA SIMON MWANSA KAWEPEWE INTERNATIONAL, ZA",-12.9833333,28.65,1270.1,9/29/1994,46.9,8,0,,999.9,,94.3, ,61.5, ,11.1,,0,A,9999.9,0,999.9,,999.9,0,76.9,8,2.9,8,4.2,8
67561099999,"NDOLA SIMON MWANSA KAWEPEWE INTERNATIONAL, ZA",-12.9833333,28.65,1270.1,9/30/1994,58,6,10010,,999.9,,93.2, ,64.4, ,8.9,,0.24,G,9999.9,0,999.9,,999.9,0,73.1,6,5,6,3.8,6
67561099999,"NDOLA SIMON MWANSA KAWEPEWE INTERNATIONAL, ZA",-12.9833333,28.65,1270.1,10/1/1994,56.9,5,0,,999.9,,90.1, ,63.5, ,7,,0,G,9999.9,0,999.9,,999.9,0,76.9,5,4.3,5,2.2,5
67561099999,"NDOLA SIMON MWANSA KAWEPEWE INTERNATIONAL, ZA",-12.9833333,28.65,1270.1,10/2/1994,58.9,6,10,,999.9,,89.6, ,63.9, ,12,,0,A,9999.9,0,999.9,,999.9,0,73.6,6,8.1,6,4.5,6
67561099999,"NDOLA SIMON MWANSA KAWEPEWE INTERNATIONAL, ZA",-12.9833333,28.65,1270.1,10/3/1994,56.2,6,0,,999.9,,86.7, ,59.9, ,8,,0.01,G,9999.9,0,999.9,,999.9,0,76,6,8.1,6,3.3,6
67561099999,"NDOLA SIMON MWANSA KAWEPEWE INTERNATIONAL, ZA",-12.9833333,28.65,1270.1,10/4/1994,46.8,6,0,,999.9,,88,*,61.7, ,13,,0,G,9999.9,0,999.9,,999.9,0,75.3,6,8.7,6,7.5,6
67561099999,"NDOLA SIMON MWANSA KAWEPEWE INTERNATIONAL, ZA",-12.9833333,28.65,1270.1,10/6/1994,46.5,9,0,,999.9,,87.1, ,59.7, ,14,,0,A,9999.9,0,999.9,,999.9,0,69.4,9,9.7,9,7.8,9
67561099999,"NDOLA SIMON MWANSA KAWEPEWE INTERNATIONAL, ZA",-12.9833333,28.65,1270.1,10/7/1994,46.8,5,0,,999.9,,82,*,54.9, ,11.1,,0,A,9999.9,0,999.9,,999.9,0,67.1,5,15.5,5,6.4,5
67561099999,"NDOLA SIMON MWANSA KAWEPEWE INTERNATIONAL, ZA",-12.9833333,28.65,1270.1,10/8/1994,41.8,6,0,,999.9,,87.6, ,55, ,8,,0,A,9999.9,0,999.9,,999.9,0,71.8,6,12.4,6,3.3,6
67561099999,"NDOLA SIMON MWANSA KAWEPEWE INTERNATIONAL, ZA",-12.9833333,28.65,1270.1,10/9/1994,42.2,6,0,,999.9,,91.8, ,59.5,*,8,,0,A,9999.9,0,999.9,,999.9,0,78.2,6,12.4,5,4.5,6
67561099999,"NDOLA SIMON MWANSA KAWEPEWE INTERNATIONAL, ZA",-12.9833333,28.65,1270.1,10/10/1994,41.8,9,0,,999.9,,91.8, ,58.1, ,8.9,,0,A,9999.9,0,999.9,,999.9,0,73.6,9,9,9,2.7,9
67561099999,"NDOLA SIMON MWANSA KAWEPEWE INTERNATIONAL, ZA",-12.9833333,28.65,1270.1,10/11/1994,41.2,8,0,,999.9,,92.7, ,56.3,*,8,,0,A,9999.9,0,999.9,,999.9,0,71.8,8,6.1,8,3,8
67561099999,"NDOLA SIMON MWANSA KAWEPEWE INTERNATIONAL, ZA",-12.9833333,28.65,1270.1,10/12/1994,38.9,6,0,,999.9,,93.2, ,60.8, ,13,,0,A,9999.9,0,999.9,,999.9,0,77.4,6,6.4,6,7.7,6
67561099999,"NDOLA SIMON MWANSA KAWEPEWE INTERNATIONAL, ZA",-12.9833333,28.65,1270.1,10/13/1994,43.1,8,0,,999.9,,95.2, ,61, ,15.9,,0,A,9999.9,0,999.9,,999.9,0,77.7,8,7,7,6.1,8
67561099999,"NDOLA SIMON MWANSA KAWEPEWE INTERNATIONAL, ZA",-12.9833333,28.65,1270.1,10/14/1994,53,7,10010,,999.9,,95.2, ,62.6,*,14,,0,H,9999.9,0,999.9,,999.9,0,71.8,7,11.5,7,7.4,7
67561099999,"NDOLA SIMON MWANSA KAWEPEWE INTERNATIONAL, ZA",-12.9833333,28.65,1270.1,10/15/1994,58.9,6,10,,999.9,,84.9, ,61.9, ,18.1,,0.47,G,9999.9,0,999.9,,999.9,0,68.6,6,12.4,6,7.8,6
67561099999,"NDOLA SIMON MWANSA KAWEPEWE INTERNATIONAL, ZA",-12.9833333,28.65,1270.1,10/16/1994,60.5,8,10000,,999.9,,77, ,60.8, ,6,,0,G,9999.9,0,999.9,,999.9,0,64.6,8,9.6,8,1.6,8
67561099999,"NDOLA SIMON MWANSA KAWEPEWE INTERNATIONAL, ZA",-12.9833333,28.65,1270.1,10/17/1994,59.5,6,10000,,999.9,,76.5, ,59.9, ,2.9,,0.12,G,9999.9,0,999.9,,999.9,0,66.8,6,12.9,6,1.6,6
67561099999,"NDOLA SIMON MWANSA KAWEPEWE INTERNATIONAL, ZA",-12.9833333,28.65,1270.1,10/18/1994,60,6,10000,,999.9,,80.6,*,60.8, ,5.1,,0.04,G,9999.9,0,999.9,,999.9,0,69.8,6,11.4,6,2,6
67561099999,"NDOLA SIMON MWANSA KAWEPEWE INTERNATIONAL, ZA",-12.9833333,28.65,1270.1,10/19/1994,59.4,7,10,,999.9,,86.9, ,61.3, ,8,,0.04,G,9999.9,0,999.9,,999.9,0,73.3,7,14.2,7,3.4,7
67561099999,"NDOLA SIMON MWANSA KAWEPEWE INTERNATIONAL, ZA",-12.9833333,28.65,1270.1,10/20/1994,59.1,6,10,,999.9,,89.6, ,64.9, ,8,,0,G,9999.9,0,999.9,,999.9,0,76.8,6,12.4,6,1.8,6
67561099999,"NDOLA SIMON MWANSA KAWEPEWE INTERNATIONAL, ZA",-12.9833333,28.65,1270.1,10/21/1994,61.1,8,10010,,999.9,,89.6, ,66.2,*,8.9,,0.04,G,9999.9,0,999.9,,999.9,0,71.6,8,12,8,3.6,8
67561099999,"NDOLA SIMON MWANSA KAWEPEWE INTERNATIONAL, ZA",-12.9833333,28.65,1270.1,10/22/1994,56.8,4,0,,999.9,,88.2,*,62.8, ,8,,0,G,9999.9,0,999.9,,999.9,0,76.5,4,14,4,3.3,4
67561099999,"NDOLA SIMON MWANSA KAWEPEWE INTERNATIONAL, ZA",-12.9833333,28.65,1270.1,10/23/1994,57.8,6,0,,999.9,,90.7, ,68.4,*,12,,0,A,9999.9,0,999.9,,999.9,0,75.2,6,14,6,9,6
67561099999,"NDOLA SIMON MWANSA KAWEPEWE INTERNATIONAL, ZA",-12.9833333,28.65,1270.1,10/24/1994,54.2,4,0,,999.9,,85.6, ,60.8, ,12,,0.04,G,9999.9,0,999.9,,999.9,0,75.4,4,15.5,4,6,4
67561099999,"NDOLA SIMON MWANSA KAWEPEWE INTERNATIONAL, ZA",-12.9833333,28.65,1270.1,10/25/1994,44.6,8,0,,999.9,,89.4, ,56.5, ,8.9,,0,G,9999.9,0,999.9,,999.9,0,76.3,8,12,8,6.2,8
67561099999,"NDOLA SIMON MWANSA KAWEPEWE INTERNATIONAL, ZA",-12.9833333,28.65,1270.1,10/26/1994,41.5,6,0,,999.9,,93.2, ,57.6,*,13,,0,A,9999.9,0,999.9,,999.9,0,79.3,6,13.5,6,7.6,6
67561099999,"NDOLA SIMON MWANSA KAWEPEWE INTERNATIONAL, ZA",-12.9833333,28.65,1270.1,10/27/1994,43.5,4,0,,999.9,,93.2, ,57, ,6,,0,A,9999.9,0,999.9,,999.9,0,69.5,4,14,4,3.5,4
67561099999,"NDOLA SIMON MWANSA KAWEPEWE INTERNATIONAL, ZA",-12.9833333,28.65,1270.1,10/28/1994,48.5,8,0,,999.9,,91, ,61.3, ,11.1,,0,A,9999.9,0,999.9,,999.9,0,77.4,8,13.2,8,4.2,8
67561099999,"NDOLA SIMON MWANSA KAWEPEWE INTERNATIONAL, ZA",-12.9833333,28.65,1270.1,10/29/1994,49.9,5,0,,999.9,,90.7, ,61.7, ,9.9,,0,A,9999.9,0,999.9,,999.9,0,78.3,5,11.8,5,5,5
67561099999,"NDOLA SIMON MWANSA KAWEPEWE INTERNATIONAL, ZA",-12.9833333,28.65,1270.1,10/30/1994,51.8,4,0,,999.9,,90.5, ,59.5, ,4.1,,0,A,9999.9,0,999.9,,999.9,0,78,4,10.1,4,2.3,4
67561099999,"NDOLA SIMON MWANSA KAWEPEWE INTERNATIONAL, ZA",-12.9833333,28.65,1270.1,10/31/1994,53.9,8,10010,,999.9,,91.2, ,62.4,*,12,,0,H,9999.9,0,999.9,,999.9,0,73.7,8,10.6,8,5.9,8
67561099999,"NDOLA SIMON MWANSA KAWEPEWE INTERNATIONAL, ZA",-12.9833333,28.65,1270.1,11/1/1994,61.5,7,10000,,999.9,,88.2, ,61.2, ,5.1,,2.99,G,9999.9,0,999.9,,999.9,0,64.3,7,14.2,7,3.2,7
67561099999,"NDOLA SIMON MWANSA KAWEPEWE INTERNATIONAL, ZA",-12.9833333,28.65,1270.1,11/2/1994,59.8,6,10000,,999.9,,82.4, ,62.6, ,7,,0.04,G,9999.9,0,999.9,,999.9,0,71,6,16.6,6,1.2,6
67561099999,"NDOLA SIMON MWANSA KAWEPEWE INTERNATIONAL, ZA",-12.9833333,28.65,1270.1,11/3/1994,59.3,6,10,,999.9,,87.1, ,62.2, ,8.9,,0,G,9999.9,0,999.9,,999.9,0,73.9,6,18.1,6,4.1,6
67561099999,"NDOLA SIMON MWANSA KAWEPEWE INTERNATIONAL, ZA",-12.9833333,28.65,1270.1,11/4/1994,57.3,8,0,,999.9,,87.1, ,61.2, ,8.9,,0.31,G,9999.9,0,999.9,,999.9,0,73.3,8,14.8,8,3.2,8
67561099999,"NDOLA SIMON MWANSA KAWEPEWE INTERNATIONAL, ZA",-12.9833333,28.65,1270.1,11/5/1994,50.9,6,0,,999.9,,88.5, ,59, ,9.9,,0,G,9999.9,0,999.9,,999.9,0,75.4,6,17.6,6,4.5,6
67561099999,"NDOLA SIMON MWANSA KAWEPEWE INTERNATIONAL, ZA",-12.9833333,28.65,1270.1,11/6/1994,54.5,6,0,,999.9,,88.9, ,63.3, ,9.9,,0,I,9999.9,0,999.9,,999.9,0,75.4,6,14.5,6,4.1,6
67561099999,"NDOLA SIMON MWANSA KAWEPEWE INTERNATIONAL, ZA",-12.9833333,28.65,1270.1,11/7/1994,54.4,6,10000,,999.9,,88.5, ,62.2, ,9.9,,0,H,9999.9,0,999.9,,999.9,0,75,7,15.1,7,3.5,7
67561099999,"NDOLA SIMON MWANSA KAWEPEWE INTERNATIONAL, ZA",-12.9833333,28.65,1270.1,11/8/1994,53.4,7,10,,999.9,,88.5, ,62.4, ,12,,0.01,G,9999.9,0,999.9,,999.9,0,73.9,7,15.5,7,4.3,7
67561099999,"NDOLA SIMON MWANSA KAWEPEWE INTERNATIONAL, ZA",-12.9833333,28.65,1270.1,11/9/1994,53.2,4,0,,999.9,,88, ,59.9, ,8,,0,G,9999.9,0,999.9,,999.9,0,82.3,4,12.4,4,4.5,4
67561099999,"NDOLA SIMON MWANSA KAWEPEWE INTERNATIONAL, ZA",-12.9833333,28.65,1270.1,11/10/1994,48.9,4,0,,999.9,,91.4, ,61.2, ,7,,0,A,9999.9,0,999.9,,999.9,0,81.9,4,15.5,4,2.2,4
67561099999,"NDOLA SIMON MWANSA KAWEPEWE INTERNATIONAL, ZA",-12.9833333,28.65,1270.1,11/11/1994,55.6,7,0,,999.9,,91.6, ,61.5, ,8,,0,B,9999.9,0,999.9,,999.9,0,78.7,7,15.1,7,2.1,7
67561099999,"NDOLA SIMON MWANSA KAWEPEWE INTERNATIONAL, ZA",-12.9833333,28.65,1270.1,11/12/1994,53,5,0,,999.9,,91.6, ,63.1, ,9.9,,0,A,9999.9,0,999.9,,999.9,0,78.9,5,12.4,5,3.2,5
67561099999,"NDOLA SIMON MWANSA KAWEPEWE INTERNATIONAL, ZA",-12.9833333,28.65,1270.1,11/13/1994,48.2,4,0,,999.9,,91, ,61.5, ,999.9,,0,A,9999.9,0,999.9,,999.9,0,73.9,4,13.2,4,999.9,0
67561099999,"NDOLA SIMON MWANSA KAWEPEWE INTERNATIONAL, ZA",-12.9833333,28.65,1270.1,11/14/1994,52.1,4,0,,999.9,,85.3,*,64.4, ,8,,0,A,9999.9,0,999.9,,999.9,0,73.7,4,10.1,4,5.5,4
67561099999,"NDOLA SIMON MWANSA KAWEPEWE INTERNATIONAL, ZA",-12.9833333,28.65,1270.1,11/15/1994,50,6,0,,999.9,,90.1, ,62.6, ,8.9,,0,A,9999.9,0,999.9,,999.9,0,79.9,6,9.3,6,4,6
67561099999,"NDOLA SIMON MWANSA KAWEPEWE INTERNATIONAL, ZA",-12.9833333,28.65,1270.1,11/16/1994,50,4,0,,999.9,,90.1, ,60.1, ,8.9,,0,A,9999.9,0,999.9,,999.9,0,77,4,12.4,4,3.7,4
67561099999,"NDOLA SIMON MWANSA KAWEPEWE INTERNATIONAL, ZA",-12.9833333,28.65,1270.1,11/17/1994,49.5,4,0,,999.9,,91.6, ,64.8, ,9.9,,0,A,9999.9,0,999.9,,999.9,0,83.2,4,12.4,4,8.2,4
67561099999,"NDOLA SIMON MWANSA KAWEPEWE INTERNATIONAL, ZA",-12.9833333,28.65,1270.1,11/18/1994,50.2,8,10000,,999.9,,91.6, ,62.1, ,8,,99.99, ,9999.9,0,999.9,,999.9,0,76.5,8,12,8,2.6,8
67561099999,"NDOLA SIMON MWANSA KAWEPEWE INTERNATIONAL, ZA",-12.9833333,28.65,1270.1,11/19/1994,50.6,7,0,,999.9,,93, ,64.4, ,12,,0,A,9999.9,0,999.9,,999.9,0,80.1,7,12.4,7,5.2,7
67561099999,"NDOLA SIMON MWANSA KAWEPEWE INTERNATIONAL, ZA",-12.9833333,28.65,1270.1,11/20/1994,46.4,5,0,,999.9,,93.2, ,63, ,9.9,,0,A,9999.9,0,999.9,,999.9,0,80.3,5,14.9,5,6.6,5
67561099999,"NDOLA SIMON MWANSA KAWEPEWE INTERNATIONAL, ZA",-12.9833333,28.65,1270.1,11/21/1994,48.5,6,0,,999.9,,93.2, ,63.3, ,7,,0,A,9999.9,0,999.9,,999.9,0,81.9,6,15,6,3.2,6
67561099999,"NDOLA SIMON MWANSA KAWEPEWE INTERNATIONAL, ZA",-12.9833333,28.65,1270.1,11/22/1994,51.3,7,0,,999.9,,94.8, ,63, ,7,,0,A,9999.9,0,999.9,,999.9,0,78.8,7,12.4,7,2.4,7
67561099999,"NDOLA SIMON MWANSA KAWEPEWE INTERNATIONAL, ZA",-12.9833333,28.65,1270.1,11/23/1994,55.6,6,0,,999.9,,94.8, ,64, ,14,,0,A,9999.9,0,999.9,,999.9,0,80.6,6,11.4,6,5.1,6
67561099999,"NDOLA SIMON MWANSA KAWEPEWE INTERNATIONAL, ZA",-12.9833333,28.65,1270.1,11/24/1994,54.4,6,10,,999.9,,94.8, ,67.3, ,8,,0,B,9999.9,0,999.9,,999.9,0,80.4,6,11.4,6,2.3,6
67561099999,"NDOLA SIMON MWANSA KAWEPEWE INTERNATIONAL, ZA",-12.9833333,28.65,1270.1,11/25/1994,58.9,7,10,,999.9,,94.3, ,67.6,*,8.9,,0,G,9999.9,0,999.9,,999.9,0,73.8,7,7.5,7,4.4,7
67561099999,"NDOLA SIMON MWANSA KAWEPEWE INTERNATIONAL, ZA",-12.9833333,28.65,1270.1,11/26/1994,59.3,4,0,,999.9,,91, ,64.6, ,8,,0,A,9999.9,0,999.9,,999.9,0,70.2,4,14,4,4,4
67561099999,"NDOLA SIMON MWANSA KAWEPEWE INTERNATIONAL, ZA",-12.9833333,28.65,1270.1,11/29/1994,59.9,8,10000,,999.9,,87.4, ,63.9, ,9.9,,0.04,G,9999.9,0,999.9,,999.9,0,72.5,8,11.6,8,5,8
67561099999,"NDOLA SIMON MWANSA KAWEPEWE INTERNATIONAL, ZA",-12.9833333,28.65,1270.1,11/30/1994,61.8,8,10000,,999.9,,86.2, ,64, ,12,,0.12,G,9999.9,0,999.9,,999.9,0,67.3,8,10.8,8,6.2,8
67561099999,"NDOLA SIMON MWANSA KAWEPEWE INTERNATIONAL, ZA",-12.9833333,28.65,1270.1,12/1/1994,63.7,8,10000,,999.9,,78.8, ,63.9, ,7,,0.28,G,9999.9,0,999.9,,999.9,0,70.4,8,12.4,8,3.4,8
67561099999,"NDOLA SIMON MWANSA KAWEPEWE INTERNATIONAL, ZA",-12.9833333,28.65,1270.1,12/2/1994,64.6,5,10010,,999.9,,77.4, ,66.9, ,11.1,,0,G,9999.9,0,999.9,,999.9,0,69.6,5,11.2,5,5,5
67561099999,"NDOLA SIMON MWANSA KAWEPEWE INTERNATIONAL, ZA",-12.9833333,28.65,1270.1,12/3/1994,63.2,8,100010,,999.9,,85.8, ,61.7, ,6,,0.08,G,9999.9,0,999.9,,999.9,0,71.2,8,6.3,8,2.5,8
67561099999,"NDOLA SIMON MWANSA KAWEPEWE INTERNATIONAL, ZA",-12.9833333,28.65,1270.1,12/4/1994,61.7,9,10000,,999.9,,85.8, ,64.6, ,8,,0,G,9999.9,0,999.9,,999.9,0,71,9,14.5,9,2.4,9
67561099999,"NDOLA SIMON MWANSA KAWEPEWE INTERNATIONAL, ZA",-12.9833333,28.65,1270.1,12/5/1994,63.7,8,10010,,999.9,,84.6, ,63.7, ,8,,0,G,9999.9,0,999.9,,999.9,0,71.1,8,15.5,8,2.9,8
67561099999,"NDOLA SIMON MWANSA KAWEPEWE INTERNATIONAL, ZA",-12.9833333,28.65,1270.1,12/6/1994,63.8,7,10,,999.9,,85.8, ,64, ,8,,0.08,G,9999.9,0,999.9,,999.9,0,73.1,7,16,7,3.9,7
67561099999,"NDOLA SIMON MWANSA KAWEPEWE INTERNATIONAL, ZA",-12.9833333,28.65,1270.1,12/7/1994,60.5,7,100000,,999.9,,86.7,*,64.6,*,13,,0,G,9999.9,0,999.9,,999.9,0,71.4,7,13,7,3.2,7
67561099999,"NDOLA SIMON MWANSA KAWEPEWE INTERNATIONAL, ZA",-12.9833333,28.65,1270.1,12/13/1994,61.1,9,0,,999.9,,80.1, ,64.2, ,7,,0.02,G,9999.9,0,999.9,,999.9,0,69,9,14.5,9,3.4,9
67561099999,"NDOLA SIMON MWANSA KAWEPEWE INTERNATIONAL, ZA",-12.9833333,28.65,1270.1,12/14/1994,61.9,9,10010,,999.9,,82.6, ,62.8, ,11.1,,0.02,G,9999.9,0,999.9,,999.9,0,70.7,9,15.2,9,3.4,9
67561099999,"NDOLA SIMON MWANSA KAWEPEWE INTERNATIONAL, ZA",-12.9833333,28.65,1270.1,12/17/1994,50.7,8,0,,999.9,,87.6, ,53.6, ,6,,0,A,9999.9,0,999.9,,999.9,0,70.6,8,18.3,8,2.6,8
67561099999,"NDOLA SIMON MWANSA KAWEPEWE INTERNATIONAL, ZA",-12.9833333,28.65,1270.1,12/18/1994,55.5,7,0,,999.9,,89.2, ,57.4, ,8,,0,A,9999.9,0,999.9,,999.9,0,74.6,7,16,7,3.9,7
67561099999,"NDOLA SIMON MWANSA KAWEPEWE INTERNATIONAL, ZA",-12.9833333,28.65,1270.1,12/19/1994,55.4,4,0,,999.9,,89.2, ,62.2, ,6,,0,A,9999.9,0,999.9,,999.9,0,77.4,4,16.3,4,4,4
67561099999,"NDOLA SIMON MWANSA KAWEPEWE INTERNATIONAL, ZA",-12.9833333,28.65,1270.1,12/31/1994,65.3,4,10000,,999.9,,82, ,64.6, ,8,,0.08,G,9999.9,0,999.9,,999.9,0,75.1,4,10.7,4,5.8,4
67561099999,"NDOLA SIMON MWANSA KAWEPEWE INTERNATIONAL, ZA",-12.9833333,28.65,1270.1,1/23/1995,63.5,5,10010,,999.9,,79.2,*,63.3, ,5.1,,1.77,G,9999.9,0,999.9,,999.9,0,70.2,5,7.3,5,1,5
67561099999,"NDOLA SIMON MWANSA KAWEPEWE INTERNATIONAL, ZA",-12.9833333,28.65,1270.1,2/6/1995,65.1,6,100010,,999.9,,83.3,*,61.9, ,5.1,,0,B,9999.9,0,999.9,,999.9,0,72.5,6,9.4,6,2.1,6
67561099999,"NDOLA SIMON MWANSA KAWEPEWE INTERNATIONAL, ZA",-12.9833333,28.65,1270.1,2/8/1995,63.8,5,10000,,999.9,,76.8,*,64.4,*,7,,99.99, ,9999.9,0,999.9,,999.9,0,69.2,5,9.8,5,4.8,5
67561099999,"NDOLA SIMON MWANSA KAWEPEWE INTERNATIONAL, ZA",-12.9833333,28.65,1270.1,2/9/1995,66.2,4,10,,999.9,,78.8, ,64.6, ,999.9,,0.24,G,9999.9,0,999.9,,999.9,0,70.7,4,9.3,4,0,4
67561099999,"NDOLA SIMON MWANSA KAWEPEWE INTERNATIONAL, ZA",-12.9833333,28.65,1270.1,2/13/1995,62.9,5,100010,,999.9,,79.2,*,61.7, ,5.1,,0.01,G,9999.9,0,999.9,,999.9,0,69,5,11.8,5,1.8,5
67561099999,"NDOLA SIMON MWANSA KAWEPEWE INTERNATIONAL, ZA",-12.9833333,28.65,1270.1,3/3/1995,62.7,6,0,,999.9,,81.1,*,62.4, ,12,,0.08,G,9999.9,0,999.9,,999.9,0,69.6,6,15,6,4.3,6
67561099999,"NDOLA SIMON MWANSA KAWEPEWE INTERNATIONAL, ZA",-12.9833333,28.65,1270.1,3/4/1995,60.3,5,0,,999.9,,82.2, ,59.4, ,7,,0,G,9999.9,0,999.9,,999.9,0,72.1,5,17.4,5,4.2,5
67561099999,"NDOLA SIMON MWANSA KAWEPEWE INTERNATIONAL, ZA",-12.9833333,28.65,1270.1,3/5/1995,61,6,0,,999.9,,81.1,*,61.9, ,7,,0,G,9999.9,0,999.9,,999.9,0,71.7,6,17.1,6,3,6
67561099999,"NDOLA SIMON MWANSA KAWEPEWE INTERNATIONAL, ZA",-12.9833333,28.65,1270.1,3/6/1995,63.9,7,10000,,999.9,,82.4, ,65.1, ,4.1,,0,H,9999.9,0,999.9,,999.9,0,70.3,7,15.5,7,1.6,7
67561099999,"NDOLA SIMON MWANSA KAWEPEWE INTERNATIONAL, ZA",-12.9833333,28.65,1270.1,3/7/1995,64.8,6,10010,,999.9,,83.1, ,64.4,*,8,,0.08,G,9999.9,0,999.9,,999.9,0,67.5,6,11.3,6,3,6
67561099999,"NDOLA SIMON MWANSA KAWEPEWE INTERNATIONAL, ZA",-12.9833333,28.65,1270.1,3/8/1995,63.4,5,10,,999.9,,78.6, ,63.1, ,999.9,,1.22,G,9999.9,0,999.9,,999.9,0,69.5,5,12.4,5,1.2,5
67561099999,"NDOLA SIMON MWANSA KAWEPEWE INTERNATIONAL, ZA",-12.9833333,28.65,1270.1,3/9/1995,59.1,6,0,,999.9,,84.2, ,61, ,8.9,,0,G,9999.9,0,999.9,,999.9,0,75.6,6,18.1,6,3,6
67561099999,"NDOLA SIMON MWANSA KAWEPEWE INTERNATIONAL, ZA",-12.9833333,28.65,1270.1,3/10/1995,62.1,6,0,,999.9,,84.2, ,60.1, ,9.9,,0,A,9999.9,0,999.9,,999.9,0,72.1,6,17.6,6,5.3,6
67561099999,"NDOLA SIMON MWANSA KAWEPEWE INTERNATIONAL, ZA",-12.9833333,28.65,1270.1,3/11/1995,58.5,6,0,,999.9,,83.3, ,58.5, ,6,,0,I,9999.9,0,999.9,,999.9,0,70.8,6,17.6,6,3.4,6
67561099999,"NDOLA SIMON MWANSA KAWEPEWE INTERNATIONAL, ZA",-12.9833333,28.65,1270.1,3/12/1995,59.2,7,0,,999.9,,83.5, ,57.9, ,4.1,,0,A,9999.9,0,999.9,,999.9,0,72.4,7,17.8,7,1,7
67561099999,"NDOLA SIMON MWANSA KAWEPEWE INTERNATIONAL, ZA",-12.9833333,28.65,1270.1,3/13/1995,61.7,6,0,,999.9,,82.4,*,61.9,*,5.1,,0,A,9999.9,0,999.9,,999.9,0,72.9,6,14,6,2.2,6
67561099999,"NDOLA SIMON MWANSA KAWEPEWE INTERNATIONAL, ZA",-12.9833333,28.65,1270.1,3/14/1995,61.9,7,100000,,999.9,,83.1, ,61.3, ,9.9,,0,A,9999.9,0,999.9,,999.9,0,72.3,7,15.1,7,3,7
67561099999,"NDOLA SIMON MWANSA KAWEPEWE INTERNATIONAL, ZA",-12.9833333,28.65,1270.1,3/15/1995,60,6,10010,,999.9,,82.2, ,60.1, ,9.9,,0,H,9999.9,0,999.9,,999.9,0,71.1,6,17.6,6,4.7,6
67561099999,"NDOLA SIMON MWANSA KAWEPEWE INTERNATIONAL, ZA",-12.9833333,28.65,1270.1,3/16/1995,60.3,5,0,,999.9,,82.2, ,59.2, ,7,,0,A,9999.9,0,999.9,,999.9,0,73.9,5,18.6,5,4.4,5
67561099999,"NDOLA SIMON MWANSA KAWEPEWE INTERNATIONAL, ZA",-12.9833333,28.65,1270.1,3/17/1995,62.1,6,10,,999.9,,81.5, ,61.2, ,7,,0,A,9999.9,0,999.9,,999.9,0,71.4,6,16.6,6,3.1,6
67561099999,"NDOLA SIMON MWANSA KAWEPEWE INTERNATIONAL, ZA",-12.9833333,28.65,1270.1,3/21/1995,62.4,6,100010,,999.9,,86.2, ,58.8, ,13,,0.01,G,9999.9,0,999.9,,999.9,0,71.9,6,16.6,6,4.9,6
67561099999,"NDOLA SIMON MWANSA KAWEPEWE INTERNATIONAL, ZA",-12.9833333,28.65,1270.1,3/22/1995,62.2,7,10010,,999.9,,85.1, ,59.4, ,7,,0,G,9999.9,0,999.9,,999.9,0,71.6,7,15.5,7,3.1,7
67561099999,"NDOLA SIMON MWANSA KAWEPEWE INTERNATIONAL, ZA",-12.9833333,28.65,1270.1,3/23/1995,61.9,4,0,,999.9,,85.3, ,60.1, ,9.9,,0.04,G,9999.9,0,999.9,,999.9,0,73.2,4,15.5,4,5.5,4
67561099999,"NDOLA SIMON MWANSA KAWEPEWE INTERNATIONAL, ZA",-12.9833333,28.65,1270.1,3/28/1995,65.9,7,10,,999.9,,84.7, ,64.2, ,7,,0.04,G,9999.9,0,999.9,,999.9,0,72.7,7,15.1,7,2.4,7
67561099999,"NDOLA SIMON MWANSA KAWEPEWE INTERNATIONAL, ZA",-12.9833333,28.65,1270.1,3/29/1995,63.5,5,10000,,999.9,,82.4, ,64, ,9.9,,0.12,G,9999.9,0,999.9,,999.9,0,73.5,5,18,5,5,5
67561099999,"NDOLA SIMON MWANSA KAWEPEWE INTERNATIONAL, ZA",-12.9833333,28.65,1270.1,3/30/1995,60,5,0,,999.9,,83.1,*,59.9, ,9.9,,0,G,9999.9,0,999.9,,999.9,0,71,5,18,5,4,5
67561099999,"NDOLA SIMON MWANSA KAWEPEWE INTERNATIONAL, ZA",-12.9833333,28.65,1270.1,4/1/1995,60.7,4,0,,999.9,,86.4, ,60.3, ,15.9,,0,A,9999.9,0,999.9,,999.9,0,77.1,4,15.5,4,8.5,4
67561099999,"NDOLA SIMON MWANSA KAWEPEWE INTERNATIONAL, ZA",-12.9833333,28.65,1270.1,4/2/1995,62.5,6,0,,999.9,,85.3, ,65.1, ,11.1,,0,A,9999.9,0,999.9,,999.9,0,71.7,7,17.3,7,6,7
67561099999,"NDOLA SIMON MWANSA KAWEPEWE INTERNATIONAL, ZA",-12.9833333,28.65,1270.1,4/3/1995,59.6,5,0,,999.9,,82, ,57.4, ,8,,0,A,9999.9,0,999.9,,999.9,0,74.1,5,18,5,7,5
67561099999,"NDOLA SIMON MWANSA KAWEPEWE INTERNATIONAL, ZA",-12.9833333,28.65,1270.1,4/4/1995,57.6,7,0,,999.9,,84.7,*,56.7, ,6,,0,A,9999.9,0,999.9,,999.9,0,72.3,7,17.6,6,2.4,7
67561099999,"NDOLA SIMON MWANSA KAWEPEWE INTERNATIONAL, ZA",-12.9833333,28.65,1270.1,4/7/1995,57.7,6,0,,999.9,,80.1, ,57, ,6,,0,A,9999.9,0,999.9,,999.9,0,66.1,6,18.1,6,4,6
67561099999,"NDOLA SIMON MWANSA KAWEPEWE INTERNATIONAL, ZA",-12.9833333,28.65,1270.1,4/8/1995,61.3,9,0,,999.9,,81.5, ,61.3, ,7,,0,A,9999.9,0,999.9,,999.9,0,68.7,9,16.9,9,2.4,9
67561099999,"NDOLA SIMON MWANSA KAWEPEWE INTERNATIONAL, ZA",-12.9833333,28.65,1270.1,4/9/1995,61.5,7,0,,999.9,,81.3, ,62.4, ,11.1,,0,A,9999.9,0,999.9,,999.9,0,70.4,7,18.2,7,3.4,7
67561099999,"NDOLA SIMON MWANSA KAWEPEWE INTERNATIONAL, ZA",-12.9833333,28.65,1270.1,4/10/1995,63.1,6,10000,,999.9,,81.7, ,64.8, ,8,,0,H,9999.9,0,999.9,,999.9,0,73.5,6,17.1,6,3.6,5
67561099999,"NDOLA SIMON MWANSA KAWEPEWE INTERNATIONAL, ZA",-12.9833333,28.65,1270.1,4/11/1995,59.4,7,10000,,999.9,,81.7, ,60.6, ,11.1,,0.02,G,9999.9,0,999.9,,999.9,0,67.9,7,18.2,7,4.4,7
67561099999,"NDOLA SIMON MWANSA KAWEPEWE INTERNATIONAL, ZA",-12.9833333,28.65,1270.1,4/12/1995,56.5,4,10000,,999.9,,75.9, ,58.1, ,6,,0.04,G,9999.9,0,999.9,,999.9,0,64.2,4,17.1,4,4.5,4
67561099999,"NDOLA SIMON MWANSA KAWEPEWE INTERNATIONAL, ZA",-12.9833333,28.65,1270.1,4/13/1995,56,8,0,,999.9,,76.1, ,55, ,6,,0,G,9999.9,0,999.9,,999.9,0,64.5,8,18.3,8,2.6,8
67561099999,"NDOLA SIMON MWANSA KAWEPEWE INTERNATIONAL, ZA",-12.9833333,28.65,1270.1,4/14/1995,54.7,4,0,,999.9,,76.1, ,56.5, ,8.9,,0,A,9999.9,0,999.9,,999.9,0,67.4,4,17.9,4,4.5,4
67561099999,"NDOLA SIMON MWANSA KAWEPEWE INTERNATIONAL, ZA",-12.9833333,28.65,1270.1,4/17/1995,45.6,6,0,,999.9,,85.5, ,52.5, ,15.9,,0,A,9999.9,0,999.9,,999.9,0,68.6,6,16.1,6,5.3,6
67561099999,"NDOLA SIMON MWANSA KAWEPEWE INTERNATIONAL, ZA",-12.9833333,28.65,1270.1,4/18/1995,52,4,0,,999.9,,81.1, ,62.2,*,8,,0,I,9999.9,0,999.9,,999.9,0,72.7,4,17.1,4,6,4
67561099999,"NDOLA SIMON MWANSA KAWEPEWE INTERNATIONAL, ZA",-12.9833333,28.65,1270.1,4/19/1995,55.6,7,0,,999.9,,82.9, ,53.2, ,7,,0,A,9999.9,0,999.9,,999.9,0,68.7,7,15.1,7,2.9,7
67561099999,"NDOLA SIMON MWANSA KAWEPEWE INTERNATIONAL, ZA",-12.9833333,28.65,1270.1,4/20/1995,55,6,0,,999.9,,83.8,*,56.7, ,5.1,,0,A,9999.9,0,999.9,,999.9,0,71.3,6,16.1,6,2.2,6
67561099999,"NDOLA SIMON MWANSA KAWEPEWE INTERNATIONAL, ZA",-12.9833333,28.65,1270.1,4/21/1995,55.5,4,0,,999.9,,82.4,*,56.1, ,5.1,,0,A,9999.9,0,999.9,,999.9,0,66.5,4,17.1,4,2,4
67561099999,"NDOLA SIMON MWANSA KAWEPEWE INTERNATIONAL, ZA",-12.9833333,28.65,1270.1,4/22/1995,55.2,4,0,,999.9,,86.2, ,53.8, ,6,,0,A,9999.9,0,999.9,,999.9,0,78.8,4,17.1,4,4.6,4
67561099999,"NDOLA SIMON MWANSA KAWEPEWE INTERNATIONAL, ZA",-12.9833333,28.65,1270.1,4/23/1995,57.4,7,0,,999.9,,86.9, ,57, ,8.9,,0,A,9999.9,0,999.9,,999.9,0,72.3,7,16.5,7,3,7
67561099999,"NDOLA SIMON MWANSA KAWEPEWE INTERNATIONAL, ZA",-12.9833333,28.65,1270.1,4/24/1995,55,7,0,,999.9,,89.1, ,58.3, ,8,,0,A,9999.9,0,999.9,,999.9,0,74.2,7,16,7,2.3,7
67561099999,"NDOLA SIMON MWANSA KAWEPEWE INTERNATIONAL, ZA",-12.9833333,28.65,1270.1,4/25/1995,52.3,7,0,,999.9,,89.2, ,54.3, ,6,,0,A,9999.9,0,999.9,,999.9,0,70.3,7,13.2,7,2.3,7
67561099999,"NDOLA SIMON MWANSA KAWEPEWE INTERNATIONAL, ZA",-12.9833333,28.65,1270.1,4/28/1995,53.9,5,0,,999.9,,88, ,54.7, ,5.1,,0,A,9999.9,0,999.9,,999.9,0,75.2,5,17.4,5,3.8,5
67561099999,"NDOLA SIMON MWANSA KAWEPEWE INTERNATIONAL, ZA",-12.9833333,28.65,1270.1,4/29/1995,9999.9,0,0,,999.9,,88.2, ,56.3, ,8.9,,0,A,9999.9,0,999.9,,999.9,0,65.9,4,16.3,4,4.7,4
67561099999,"NDOLA SIMON MWANSA KAWEPEWE INTERNATIONAL, ZA",-12.9833333,28.65,1270.1,5/3/1995,55.1,7,0,,999.9,,84.2, ,58.1,*,8.9,,0,A,9999.9,0,999.9,,999.9,0,71.3,7,13.8,7,3.6,7
67561099999,"NDOLA SIMON MWANSA KAWEPEWE INTERNATIONAL, ZA",-12.9833333,28.65,1270.1,5/4/1995,50.9,6,0,,999.9,,86,*,53.8, ,7,,0,A,9999.9,0,999.9,,999.9,0,76.3,6,17.6,6,4.5,6
67561099999,"NDOLA SIMON MWANSA KAWEPEWE INTERNATIONAL, ZA",-12.9833333,28.65,1270.1,5/5/1995,51,6,0,,999.9,,84.6, ,53.2,*,5.1,,0,A,9999.9,0,999.9,,999.9,0,66.2,6,11.8,6,1.8,5
67561099999,"NDOLA SIMON MWANSA KAWEPEWE INTERNATIONAL, ZA",-12.9833333,28.65,1270.1,5/6/1995,51.1,6,0,,999.9,,85.8, ,53.2,*,5.1,,0,I,9999.9,0,999.9,,999.9,0,70.4,6,16.1,6,2,6
67561099999,"NDOLA SIMON MWANSA KAWEPEWE INTERNATIONAL, ZA",-12.9833333,28.65,1270.1,5/7/1995,54.2,7,0,,999.9,,87.1, ,52.3, ,9.9,,0,A,9999.9,0,999.9,,999.9,0,71.5,7,16,7,3,7
67561099999,"NDOLA SIMON MWANSA KAWEPEWE INTERNATIONAL, ZA",-12.9833333,28.65,1270.1,5/8/1995,53.6,6,0,,999.9,,87.1, ,54.7, ,6,,0,A,9999.9,0,999.9,,999.9,0,71.7,6,14.5,6,2.2,6
67561099999,"NDOLA SIMON MWANSA KAWEPEWE INTERNATIONAL, ZA",-12.9833333,28.65,1270.1,5/9/1995,54.4,5,0,,999.9,,85.1, ,56.1, ,5.1,,0,A,9999.9,0,999.9,,999.9,0,75.3,5,14.3,5,3.8,5
67561099999,"NDOLA SIMON MWANSA KAWEPEWE INTERNATIONAL, ZA",-12.9833333,28.65,1270.1,5/10/1995,52.4,5,0,,999.9,,85.1, ,60.3, ,12,,0,A,9999.9,0,999.9,,999.9,0,74.9,5,13,5,7.6,5
67561099999,"NDOLA SIMON MWANSA KAWEPEWE INTERNATIONAL, ZA",-12.9833333,28.65,1270.1,5/11/1995,48.5,9,0,,999.9,,82, ,53.4, ,11.1,,0,A,9999.9,0,999.9,,999.9,0,65.7,9,15.2,9,6.2,9
67561099999,"NDOLA SIMON MWANSA KAWEPEWE INTERNATIONAL, ZA",-12.9833333,28.65,1270.1,5/12/1995,49.8,6,0,,999.9,,80.4, ,49.8, ,8,,0,A,9999.9,0,999.9,,999.9,0,66.7,6,16.6,6,4.8,5
67561099999,"NDOLA SIMON MWANSA KAWEPEWE INTERNATIONAL, ZA",-12.9833333,28.65,1270.1,5/13/1995,49.8,7,0,,999.9,,79.7, ,51.3, ,8.9,,0,I,9999.9,0,999.9,,999.9,0,65.1,7,16.4,7,3.6,7
67561099999,"NDOLA SIMON MWANSA KAWEPEWE INTERNATIONAL, ZA",-12.9833333,28.65,1270.1,5/14/1995,47.2,6,0,,999.9,,80.1, ,54.3, ,9.9,,0,A,9999.9,0,999.9,,999.9,0,66.7,6,16.1,6,5.1,6
67561099999,"NDOLA SIMON MWANSA KAWEPEWE INTERNATIONAL, ZA",-12.9833333,28.65,1270.1,5/15/1995,48.8,5,0,,999.9,,80.4, ,51.3, ,11.1,,0,A,9999.9,0,999.9,,999.9,0,72.4,5,17.4,5,6.8,5
67561099999,"NDOLA SIMON MWANSA KAWEPEWE INTERNATIONAL, ZA",-12.9833333,28.65,1270.1,5/16/1995,50.8,6,0,,999.9,,80.4, ,50.9, ,7,,0,I,9999.9,0,999.9,,999.9,0,66.1,6,18.1,6,2.7,6
67561099999,"NDOLA SIMON MWANSA KAWEPEWE INTERNATIONAL, ZA",-12.9833333,28.65,1270.1,5/17/1995,53.5,6,0,,999.9,,83.3,*,54.3, ,8.9,,0,A,9999.9,0,999.9,,999.9,0,70.3,6,17.4,5,4.2,6
67561099999,"NDOLA SIMON MWANSA KAWEPEWE INTERNATIONAL, ZA",-12.9833333,28.65,1270.1,5/18/1995,56.5,8,0,,999.9,,83.7, ,57.2, ,14,,0,A,9999.9,0,999.9,,999.9,0,67.8,8,16.7,8,5.7,8
67561099999,"NDOLA SIMON MWANSA KAWEPEWE INTERNATIONAL, ZA",-12.9833333,28.65,1270.1,5/19/1995,57.1,6,0,,999.9,,79.9, ,56.5, ,14,,0,A,9999.9,0,999.9,,999.9,0,69.1,6,16.6,6,5.8,6
67561099999,"NDOLA SIMON MWANSA KAWEPEWE INTERNATIONAL, ZA",-12.9833333,28.65,1270.1,5/20/1995,54.5,6,0,,999.9,,82.9,*,54, ,8,,0,A,9999.9,0,999.9,,999.9,0,68.9,6,16.6,6,3.3,6
67561099999,"NDOLA SIMON MWANSA KAWEPEWE INTERNATIONAL, ZA",-12.9833333,28.65,1270.1,5/21/1995,53.8,4,0,,999.9,,84.2, ,55.4, ,9.9,,0,A,9999.9,0,999.9,,999.9,0,77.2,4,17.1,4,6.5,4
67561099999,"NDOLA SIMON MWANSA KAWEPEWE INTERNATIONAL, ZA",-12.9833333,28.65,1270.1,5/22/1995,52.3,7,0,,999.9,,85.3,*,53.6, ,8,,0,A,9999.9,0,999.9,,999.9,0,68.8,7,16,7,3.4,7
67561099999,"NDOLA SIMON MWANSA KAWEPEWE INTERNATIONAL, ZA",-12.9833333,28.65,1270.1,5/24/1995,53.8,4,0,,999.9,,87.1, ,61, ,9.9,,0,A,9999.9,0,999.9,,999.9,0,76.6,4,15.5,4,5,4
67561099999,"NDOLA SIMON MWANSA KAWEPEWE INTERNATIONAL, ZA",-12.9833333,28.65,1270.1,5/26/1995,53.3,7,0,,999.9,,77.9, ,54, ,11.1,,0,A,9999.9,0,999.9,,999.9,0,67.7,7,15.1,7,6.7,7
67561099999,"NDOLA SIMON MWANSA KAWEPEWE INTERNATIONAL, ZA",-12.9833333,28.65,1270.1,5/27/1995,50.5,4,0,,999.9,,77.5,*,49.6, ,5.1,,0,A,9999.9,0,999.9,,999.9,0,60,4,14.8,4,1.3,4
67561099999,"NDOLA SIMON MWANSA KAWEPEWE INTERNATIONAL, ZA",-12.9833333,28.65,1270.1,5/29/1995,52.6,6,0,,999.9,,80.4, ,55.4, ,7,,0,A,9999.9,0,999.9,,999.9,0,67.8,6,18.1,6,4.5,6
67561099999,"NDOLA SIMON MWANSA KAWEPEWE INTERNATIONAL, ZA",-12.9833333,28.65,1270.1,5/31/1995,46,5,0,,999.9,,77.9,*,45.3, ,8,,0,A,9999.9,0,999.9,,999.9,0,65.6,5,13.4,5,3,5
67561099999,"NDOLA SIMON MWANSA KAWEPEWE INTERNATIONAL, ZA",-12.9833333,28.65,1270.1,6/1/1995,46.6,5,0,,999.9,,79.7, ,48.2, ,6,,0,A,9999.9,0,999.9,,999.9,0,67.5,5,11.8,5,1.8,5
67561099999,"NDOLA SIMON MWANSA KAWEPEWE INTERNATIONAL, ZA",-12.9833333,28.65,1270.1,6/2/1995,46.3,4,0,,999.9,,81.7, ,52, ,8,,0,A,9999.9,0,999.9,,999.9,0,67.8,4,14.8,4,3,4
67561099999,"NDOLA SIMON MWANSA KAWEPEWE INTERNATIONAL, ZA",-12.9833333,28.65,1270.1,6/3/1995,46,5,0,,999.9,,80.6, ,47.8, ,8,,0,A,9999.9,0,999.9,,999.9,0,65,5,14.3,5,3.4,5
67561099999,"NDOLA SIMON MWANSA KAWEPEWE INTERNATIONAL, ZA",-12.9833333,28.65,1270.1,6/4/1995,46.9,7,100000,,999.9,,76.6, ,44.6, ,5.1,,0,A,9999.9,0,999.9,,999.9,0,59.7,7,12.3,7,1.4,7
67561099999,"NDOLA SIMON MWANSA KAWEPEWE INTERNATIONAL, ZA",-12.9833333,28.65,1270.1,6/5/1995,42.2,5,0,,999.9,,78.1,*,46, ,9.9,,0,A,9999.9,0,999.9,,999.9,0,66.3,5,11.6,5,3.6,5
67561099999,"NDOLA SIMON MWANSA KAWEPEWE INTERNATIONAL, ZA",-12.9833333,28.65,1270.1,6/6/1995,40.6,8,0,,999.9,,79.2, ,44.8, ,6,,0,A,9999.9,0,999.9,,999.9,0,62.8,8,15.9,8,1.7,8
67561099999,"NDOLA SIMON MWANSA KAWEPEWE INTERNATIONAL, ZA",-12.9833333,28.65,1270.1,6/7/1995,40.6,6,0,,999.9,,81.5, ,48.7, ,15,,0,A,9999.9,0,999.9,,999.9,0,66.9,6,14,6,7.8,6
67561099999,"NDOLA SIMON MWANSA KAWEPEWE INTERNATIONAL, ZA",-12.9833333,28.65,1270.1,6/8/1995,45,7,0,,999.9,,79.7, ,48.2, ,15,,0,A,9999.9,0,999.9,,999.9,0,61.8,7,12.4,7,6.1,7
67561099999,"NDOLA SIMON MWANSA KAWEPEWE INTERNATIONAL, ZA",-12.9833333,28.65,1270.1,6/10/1995,40.9,6,0,,999.9,,76.3,*,41.9, ,4.1,,0,A,9999.9,0,999.9,,999.9,0,59.7,6,11.9,6,0.7,6
67561099999,"NDOLA SIMON MWANSA KAWEPEWE INTERNATIONAL, ZA",-12.9833333,28.65,1270.1,6/12/1995,44.2,5,0,,999.9,,82,*,42.8, ,4.1,,0,A,9999.9,0,999.9,,999.9,0,68.4,5,7.8,5,1.2,5
67561099999,"NDOLA SIMON MWANSA KAWEPEWE INTERNATIONAL, ZA",-12.9833333,28.65,1270.1,6/13/1995,42.9,5,0,,999.9,,83.7, ,44.1, ,7,,0,A,9999.9,0,999.9,,999.9,0,66.3,5,9.3,5,3.4,5
67561099999,"NDOLA SIMON MWANSA KAWEPEWE INTERNATIONAL, ZA",-12.9833333,28.65,1270.1,6/14/1995,42.9,6,0,,999.9,,81.7, ,42.1, ,5.1,,0,A,9999.9,0,999.9,,999.9,0,64.3,6,6.7,6,2.2,6
67561099999,"NDOLA SIMON MWANSA KAWEPEWE INTERNATIONAL, ZA",-12.9833333,28.65,1270.1,6/15/1995,41.7,6,0,,999.9,,81.1, ,43.3, ,4.1,,0,A,9999.9,0,999.9,,999.9,0,63.2,6,7.9,6,1.8,6
67561099999,"NDOLA SIMON MWANSA KAWEPEWE INTERNATIONAL, ZA",-12.9833333,28.65,1270.1,6/16/1995,41.1,5,0,,999.9,,80.8, ,44.2, ,4.1,,0,A,9999.9,0,999.9,,999.9,0,65.6,5,4.5,5,1.2,5
67561099999,"NDOLA SIMON MWANSA KAWEPEWE INTERNATIONAL, ZA",-12.9833333,28.65,1270.1,6/17/1995,32.6,5,0,,999.9,,78.3,*,44.1,*,6,,0,I,9999.9,0,999.9,,999.9,0,63.9,5,8.8,5,2.4,5
67561099999,"NDOLA SIMON MWANSA KAWEPEWE INTERNATIONAL, ZA",-12.9833333,28.65,1270.1,6/19/1995,35,7,0,,999.9,,79.7, ,42.8, ,12,,0,A,9999.9,0,999.9,,999.9,0,59.2,7,8.9,7,4.9,7
67561099999,"NDOLA SIMON MWANSA KAWEPEWE INTERNATIONAL, ZA",-12.9833333,28.65,1270.1,6/20/1995,35.1,5,0,,999.9,,77.7, ,42.3, ,4.1,,0,A,9999.9,0,999.9,,999.9,0,58,5,11.6,5,1.2,5
67561099999,"NDOLA SIMON MWANSA KAWEPEWE INTERNATIONAL, ZA",-12.9833333,28.65,1270.1,6/21/1995,41.6,4,0,,999.9,,77.7, ,42.3, ,8,,0,A,9999.9,0,999.9,,999.9,0,68.4,4,7,4,3.7,4
67561099999,"NDOLA SIMON MWANSA KAWEPEWE INTERNATIONAL, ZA",-12.9833333,28.65,1270.1,6/22/1995,43.2,6,0,,999.9,,80.2, ,43.7, ,6,,0,A,9999.9,0,999.9,,999.9,0,61.9,6,9,6,2.5,6
67561099999,"NDOLA SIMON MWANSA KAWEPEWE INTERNATIONAL, ZA",-12.9833333,28.65,1270.1,6/23/1995,46.7,5,0,,999.9,,80.1,*,46.6, ,7,,0,A,9999.9,0,999.9,,999.9,0,69.9,5,12.4,5,4.2,5
67561099999,"NDOLA SIMON MWANSA KAWEPEWE INTERNATIONAL, ZA",-12.9833333,28.65,1270.1,6/24/1995,46.2,8,0,,999.9,,81.5, ,46.9, ,8.9,,0,A,9999.9,0,999.9,,999.9,0,63.8,8,13.6,8,2.9,8
67561099999,"NDOLA SIMON MWANSA KAWEPEWE INTERNATIONAL, ZA",-12.9833333,28.65,1270.1,6/25/1995,47.6,6,0,,999.9,,81.5, ,48.4, ,11.1,,0,A,9999.9,0,999.9,,999.9,0,63.2,6,14.5,6,4.3,6
67561099999,"NDOLA SIMON MWANSA KAWEPEWE INTERNATIONAL, ZA",-12.9833333,28.65,1270.1,6/26/1995,43.9,8,0,,999.9,,78.6, ,33.6, ,8.9,,0,A,9999.9,0,999.9,,999.9,0,62.4,8,15.1,8,4.4,8
67561099999,"NDOLA SIMON MWANSA KAWEPEWE INTERNATIONAL, ZA",-12.9833333,28.65,1270.1,6/27/1995,44.7,7,0,,999.9,,76.3,*,45.1, ,9.9,,0,A,9999.9,0,999.9,,999.9,0,61,7,15.1,7,4.7,7
67561099999,"NDOLA SIMON MWANSA KAWEPEWE INTERNATIONAL, ZA",-12.9833333,28.65,1270.1,6/30/1995,43.7,9,0,,999.9,,82.6, ,44.2, ,6,,0,A,9999.9,0,999.9,,999.9,0,60.8,9,10.2,9,1.6,9
67561099999,"NDOLA SIMON MWANSA KAWEPEWE INTERNATIONAL, ZA",-12.9833333,28.65,1270.1,7/1/1995,41.1,7,0,,999.9,,82.6, ,44.8, ,7,,0,A,9999.9,0,999.9,,999.9,0,60.5,7,7.7,7,2.3,7
67561099999,"NDOLA SIMON MWANSA KAWEPEWE INTERNATIONAL, ZA",-12.9833333,28.65,1270.1,7/2/1995,29.1,5,0,,999.9,,81, ,60.1,*,12,,0,A,9999.9,0,999.9,,999.9,0,68.2,5,11.2,5,8.7,5
67561099999,"NDOLA SIMON MWANSA KAWEPEWE INTERNATIONAL, ZA",-12.9833333,28.65,1270.1,7/3/1995,38.1,5,0,,999.9,,78.6, ,42.1, ,7,,0,A,9999.9,0,999.9,,999.9,0,61,6,7.2,6,3,6
67561099999,"NDOLA SIMON MWANSA KAWEPEWE INTERNATIONAL, ZA",-12.9833333,28.65,1270.1,7/4/1995,39.6,8,0,,999.9,,76.6, ,41.5, ,8,,0,A,9999.9,0,999.9,,999.9,0,56.5,8,10.9,8,2,8
67561099999,"NDOLA SIMON MWANSA KAWEPEWE INTERNATIONAL, ZA",-12.9833333,28.65,1270.1,7/5/1995,40.3,8,0,,999.9,,78.1, ,43, ,8.9,,0,A,9999.9,0,999.9,,999.9,0,61.1,8,9.2,8,3.1,7
67561099999,"NDOLA SIMON MWANSA KAWEPEWE INTERNATIONAL, ZA",-12.9833333,28.65,1270.1,7/6/1995,41.8,8,0,,999.9,,78.8, ,46.4, ,11.1,,0,A,9999.9,0,999.9,,999.9,0,63.1,8,13.6,8,5.7,8
67561099999,"NDOLA SIMON MWANSA KAWEPEWE INTERNATIONAL, ZA",-12.9833333,28.65,1270.1,7/7/1995,40.4,8,0,,999.9,,77.7, ,45.1, ,8.9,,0,I,9999.9,0,999.9,,999.9,0,59.9,8,11.7,8,3.6,8
67561099999,"NDOLA SIMON MWANSA KAWEPEWE INTERNATIONAL, ZA",-12.9833333,28.65,1270.1,7/8/1995,42.4,8,0,,999.9,,75.6, ,44.1, ,8,,0,A,9999.9,0,999.9,,999.9,0,60.3,8,11.3,8,3,8
67561099999,"NDOLA SIMON MWANSA KAWEPEWE INTERNATIONAL, ZA",-12.9833333,28.65,1270.1,7/9/1995,39.6,5,0,,999.9,,75.2, ,45, ,13,,0,I,9999.9,0,999.9,,999.9,0,59.6,5,14.3,5,3.4,5
67561099999,"NDOLA SIMON MWANSA KAWEPEWE INTERNATIONAL, ZA",-12.9833333,28.65,1270.1,7/10/1995,35.8,7,0,,999.9,,76.8, ,44.6, ,8,,0,A,9999.9,0,999.9,,999.9,0,60.2,7,11.6,7,3,7
67561099999,"NDOLA SIMON MWANSA KAWEPEWE INTERNATIONAL, ZA",-12.9833333,28.65,1270.1,7/11/1995,32.5,9,0,,999.9,,78.6, ,41, ,14,,0,A,9999.9,0,999.9,,999.9,0,58.3,9,12.5,9,3.5,9
67561099999,"NDOLA SIMON MWANSA KAWEPEWE INTERNATIONAL, ZA",-12.9833333,28.65,1270.1,7/12/1995,33.4,7,0,,999.9,,79.7, ,41.4, ,11.1,,0,A,9999.9,0,999.9,,999.9,0,63.7,7,11.5,7,3.2,7
67561099999,"NDOLA SIMON MWANSA KAWEPEWE INTERNATIONAL, ZA",-12.9833333,28.65,1270.1,7/13/1995,39.6,8,0,,999.9,,81.7, ,45, ,8,,0,A,9999.9,0,999.9,,999.9,0,62.2,8,8.9,8,2.6,8
67561099999,"NDOLA SIMON MWANSA KAWEPEWE INTERNATIONAL, ZA",-12.9833333,28.65,1270.1,7/14/1995,45,6,0,,999.9,,81.7, ,50.4, ,14,,0,A,9999.9,0,999.9,,999.9,0,64.2,6,14,6,8.7,6
67561099999,"NDOLA SIMON MWANSA KAWEPEWE INTERNATIONAL, ZA",-12.9833333,28.65,1270.1,7/15/1995,42.5,6,0,,999.9,,73.4, ,51.6,*,16.9,,0,A,9999.9,0,999.9,,999.9,0,62.5,6,12.4,6,13.9,4
67561099999,"NDOLA SIMON MWANSA KAWEPEWE INTERNATIONAL, ZA",-12.9833333,28.65,1270.1,7/16/1995,43.8,7,0,,999.9,,73.4, ,48.2, ,8.9,,0,A,9999.9,0,999.9,,999.9,0,59.5,7,12.9,7,5.6,7
67561099999,"NDOLA SIMON MWANSA KAWEPEWE INTERNATIONAL, ZA",-12.9833333,28.65,1270.1,7/17/1995,38.7,7,0,,999.9,,77.2, ,43.2, ,6,,0,A,9999.9,0,999.9,,999.9,0,61.9,7,12.9,7,3,7
67561099999,"NDOLA SIMON MWANSA KAWEPEWE INTERNATIONAL, ZA",-12.9833333,28.65,1270.1,7/18/1995,39.3,5,0,,999.9,,77.2, ,44.1, ,8,,0,A,9999.9,0,999.9,,999.9,0,67.3,5,11.8,5,5.2,5
67561099999,"NDOLA SIMON MWANSA KAWEPEWE INTERNATIONAL, ZA",-12.9833333,28.65,1270.1,7/19/1995,39.1,7,0,,999.9,,76.1, ,50, ,14,,0,A,9999.9,0,999.9,,999.9,0,63.6,7,12.4,7,7.4,7
67561099999,"NDOLA SIMON MWANSA KAWEPEWE INTERNATIONAL, ZA",-12.9833333,28.65,1270.1,7/20/1995,43.5,7,0,,999.9,,76.5, ,48.2, ,15,,0,A,9999.9,0,999.9,,999.9,0,63,7,13.8,7,4.6,7
67561099999,"NDOLA SIMON MWANSA KAWEPEWE INTERNATIONAL, ZA",-12.9833333,28.65,1270.1,7/21/1995,48.9,8,0,,999.9,,81.5, ,50.5, ,5.1,,0,A,9999.9,0,999.9,,999.9,0,63.8,8,11.5,8,1.5,8
67561099999,"NDOLA SIMON MWANSA KAWEPEWE INTERNATIONAL, ZA",-12.9833333,28.65,1270.1,7/22/1995,49.2,7,0,,999.9,,84.7, ,51.8, ,7,,0,A,9999.9,0,999.9,,999.9,0,68.7,7,10.1,7,1.4,7
67561099999,"NDOLA SIMON MWANSA KAWEPEWE INTERNATIONAL, ZA",-12.9833333,28.65,1270.1,7/23/1995,49.8,8,0,,999.9,,84.7, ,52.2, ,9.9,,0,A,9999.9,0,999.9,,999.9,0,67.7,8,8,8,4.2,8
67561099999,"NDOLA SIMON MWANSA KAWEPEWE INTERNATIONAL, ZA",-12.9833333,28.65,1270.1,7/24/1995,48,7,0,,999.9,,84.9, ,53.6, ,9.9,,0,A,9999.9,0,999.9,,999.9,0,64.8,7,13.3,7,6.7,7
67561099999,"NDOLA SIMON MWANSA KAWEPEWE INTERNATIONAL, ZA",-12.9833333,28.65,1270.1,7/25/1995,43.3,7,0,,999.9,,80.1, ,49.1, ,12,,0,A,9999.9,0,999.9,,999.9,0,63.4,7,12.4,7,6.6,7
67561099999,"NDOLA SIMON MWANSA KAWEPEWE INTERNATIONAL, ZA",-12.9833333,28.65,1270.1,7/26/1995,40.8,7,0,,999.9,,78.1, ,48.4, ,8.9,,0,A,9999.9,0,999.9,,999.9,0,64.1,7,10.7,7,4.6,7
67561099999,"NDOLA SIMON MWANSA KAWEPEWE INTERNATIONAL, ZA",-12.9833333,28.65,1270.1,7/27/1995,43.6,9,0,,999.9,,79.7, ,49.5,*,5.1,,0,A,9999.9,0,999.9,,999.9,0,62.4,9,11.4,9,0.9,9
67561099999,"NDOLA SIMON MWANSA KAWEPEWE INTERNATIONAL, ZA",-12.9833333,28.65,1270.1,7/28/1995,45.6,5,0,,999.9,,81.3, ,50.5, ,38.9,,0,A,9999.9,0,999.9,,999.9,0,67.6,5,9.7,5,1.6,5
67561099999,"NDOLA SIMON MWANSA KAWEPEWE INTERNATIONAL, ZA",-12.9833333,28.65,1270.1,7/29/1995,49.7,7,0,,999.9,,81.7, ,52.2, ,6,,0,A,9999.9,0,999.9,,999.9,0,68.2,7,12.4,7,2,7
67561099999,"NDOLA SIMON MWANSA KAWEPEWE INTERNATIONAL, ZA",-12.9833333,28.65,1270.1,7/30/1995,48.1,8,0,,999.9,,81.7, ,57.4, ,8.9,,0,A,9999.9,0,999.9,,999.9,0,68.3,8,9.2,8,2.9,8
67561099999,"NDOLA SIMON MWANSA KAWEPEWE INTERNATIONAL, ZA",-12.9833333,28.65,1270.1,7/31/1995,47.6,5,0,,999.9,,82.2, ,52.2, ,6,,0,A,9999.9,0,999.9,,999.9,0,69.1,6,10.4,6,3.5,6
67561099999,"NDOLA SIMON MWANSA KAWEPEWE INTERNATIONAL, ZA",-12.9833333,28.65,1270.1,8/1/1995,46.7,7,0,,999.9,,82.2, ,51.6, ,9.9,,0,A,9999.9,0,999.9,,999.9,0,69.5,7,11.5,7,5.1,7
67561099999,"NDOLA SIMON MWANSA KAWEPEWE INTERNATIONAL, ZA",-12.9833333,28.65,1270.1,8/2/1995,44.7,5,0,,999.9,,80.6, ,59.2, ,12,,0,A,9999.9,0,999.9,,999.9,0,69.3,5,10.6,5,8.2,5
67561099999,"NDOLA SIMON MWANSA KAWEPEWE INTERNATIONAL, ZA",-12.9833333,28.65,1270.1,8/3/1995,45.1,7,0,,999.9,,81.5, ,50.4, ,6,,0,A,9999.9,0,999.9,,999.9,0,67.7,7,9.3,7,2.8,7
67561099999,"NDOLA SIMON MWANSA KAWEPEWE INTERNATIONAL, ZA",-12.9833333,28.65,1270.1,8/4/1995,47.4,8,0,,999.9,,82.8, ,53.2, ,12,,0,A,9999.9,0,999.9,,999.9,0,66.8,8,8.2,8,5.6,8
67561099999,"NDOLA SIMON MWANSA KAWEPEWE INTERNATIONAL, ZA",-12.9833333,28.65,1270.1,8/5/1995,50.2,7,0,,999.9,,86, ,54, ,8.9,,0,A,9999.9,0,999.9,,999.9,0,70.7,7,10.2,7,3.9,7
67561099999,"NDOLA SIMON MWANSA KAWEPEWE INTERNATIONAL, ZA",-12.9833333,28.65,1270.1,8/6/1995,51.4,8,10,,999.9,,89.4, ,56.1, ,8.9,,0,A,9999.9,0,999.9,,999.9,0,76,8,11.7,8,4.8,8
67561099999,"NDOLA SIMON MWANSA KAWEPEWE INTERNATIONAL, ZA",-12.9833333,28.65,1270.1,8/7/1995,51.4,6,0,,999.9,,89.4, ,60.4, ,8.9,,0,A,9999.9,0,999.9,,999.9,0,75.7,6,11.4,6,5.3,6
67561099999,"NDOLA SIMON MWANSA KAWEPEWE INTERNATIONAL, ZA",-12.9833333,28.65,1270.1,8/8/1995,48.7,7,0,,999.9,,80.2, ,56.1,*,14,,0,A,9999.9,0,999.9,,999.9,0,67.3,7,9.8,7,6,7
67561099999,"NDOLA SIMON MWANSA KAWEPEWE INTERNATIONAL, ZA",-12.9833333,28.65,1270.1,8/9/1995,47.8,7,0,,999.9,,80.4, ,51.1, ,8,,0,A,9999.9,0,999.9,,999.9,0,65.4,7,7.5,7,5.4,7
67561099999,"NDOLA SIMON MWANSA KAWEPEWE INTERNATIONAL, ZA",-12.9833333,28.65,1270.1,8/10/1995,44.9,6,0,,999.9,,82.8, ,50, ,8,,0,A,9999.9,0,999.9,,999.9,0,69.2,6,10.9,6,2.7,6
67561099999,"NDOLA SIMON MWANSA KAWEPEWE INTERNATIONAL, ZA",-12.9833333,28.65,1270.1,8/11/1995,44.5,7,0,,999.9,,84.2, ,47.5, ,9.9,,0,A,9999.9,0,999.9,,999.9,0,67.5,7,9.6,7,4.8,7
67561099999,"NDOLA SIMON MWANSA KAWEPEWE INTERNATIONAL, ZA",-12.9833333,28.65,1270.1,8/12/1995,42.4,7,0,,999.9,,84.2, ,52.7, ,9.9,,0,I,9999.9,0,999.9,,999.9,0,68.2,7,8.7,7,6.7,7
67561099999,"NDOLA SIMON MWANSA KAWEPEWE INTERNATIONAL, ZA",-12.9833333,28.65,1270.1,8/13/1995,46.6,6,0,,999.9,,82.9, ,54, ,11.1,,0,A,9999.9,0,999.9,,999.9,0,67.8,6,10.9,6,5.3,6
67561099999,"NDOLA SIMON MWANSA KAWEPEWE INTERNATIONAL, ZA",-12.9833333,28.65,1270.1,8/14/1995,47.7,8,0,,999.9,,82.9, ,56.3, ,13,,0,A,9999.9,0,999.9,,999.9,0,69,8,9.3,8,7.1,8
67561099999,"NDOLA SIMON MWANSA KAWEPEWE INTERNATIONAL, ZA",-12.9833333,28.65,1270.1,8/15/1995,44.7,7,0,,999.9,,82.8, ,59.5,*,35.9,,0,A,9999.9,0,999.9,,999.9,0,66.8,7,10.2,7,9.6,7
67561099999,"NDOLA SIMON MWANSA KAWEPEWE INTERNATIONAL, ZA",-12.9833333,28.65,1270.1,8/16/1995,44.1,6,0,,999.9,,79, ,53.8, ,11.1,,0,A,9999.9,0,999.9,,999.9,0,64.5,6,11.9,6,7.5,6
67561099999,"NDOLA SIMON MWANSA KAWEPEWE INTERNATIONAL, ZA",-12.9833333,28.65,1270.1,8/17/1995,45,7,0,,999.9,,79.9, ,50.9, ,9.9,,0,A,9999.9,0,999.9,,999.9,0,66,7,11.1,7,4.8,7
67561099999,"NDOLA SIMON MWANSA KAWEPEWE INTERNATIONAL, ZA",-12.9833333,28.65,1270.1,8/18/1995,48.1,7,0,,999.9,,83.8, ,52.9, ,9.9,,0,A,9999.9,0,999.9,,999.9,0,68.4,7,13.8,7,5.1,7
67561099999,"NDOLA SIMON MWANSA KAWEPEWE INTERNATIONAL, ZA",-12.9833333,28.65,1270.1,8/19/1995,47.3,7,0,,999.9,,83.8, ,56.7, ,12,,0,I,9999.9,0,999.9,,999.9,0,70.2,7,11.5,7,5.9,6
67561099999,"NDOLA SIMON MWANSA KAWEPEWE INTERNATIONAL, ZA",-12.9833333,28.65,1270.1,8/20/1995,45.8,5,0,,999.9,,84.2, ,58.6, ,6,,0,A,9999.9,0,999.9,,999.9,0,75.6,5,10.6,5,3,5
67561099999,"NDOLA SIMON MWANSA KAWEPEWE INTERNATIONAL, ZA",-12.9833333,28.65,1270.1,8/21/1995,46.6,7,0,,999.9,,87.8, ,54.7, ,8,,0,A,9999.9,0,999.9,,999.9,0,71,7,12.3,7,3,6
67561099999,"NDOLA SIMON MWANSA KAWEPEWE INTERNATIONAL, ZA",-12.9833333,28.65,1270.1,8/22/1995,49.2,5,0,,999.9,,88.2,*,56.3, ,6,,0,A,9999.9,0,999.9,,999.9,0,70.1,5,11.2,5,3.2,5
67561099999,"NDOLA SIMON MWANSA KAWEPEWE INTERNATIONAL, ZA",-12.9833333,28.65,1270.1,8/30/1995,45.2,7,0,,999.9,,85.1, ,52.2, ,14,,0,A,9999.9,0,999.9,,999.9,0,69.7,7,8.9,7,5,7
67561099999,"NDOLA SIMON MWANSA KAWEPEWE INTERNATIONAL, ZA",-12.9833333,28.65,1270.1,8/31/1995,43.1,5,0,,999.9,,86.2,*,55.4, ,9.9,,0,A,9999.9,0,999.9,,999.9,0,70.7,5,9.3,5,6.3,5
67561099999,"NDOLA SIMON MWANSA KAWEPEWE INTERNATIONAL, ZA",-12.9833333,28.65,1270.1,9/1/1995,38.7,4,0,,999.9,,84.9,*,52.3, ,14,,0,A,9999.9,0,999.9,,999.9,0,79.7,4,5.9,4,8.3,4
67561099999,"NDOLA SIMON MWANSA KAWEPEWE INTERNATIONAL, ZA",-12.9833333,28.65,1270.1,9/2/1995,42.8,5,0,,999.9,,86.5, ,54.3, ,21,,0,A,9999.9,0,999.9,,999.9,0,73.8,5,5.6,5,9.6,5
67561099999,"NDOLA SIMON MWANSA KAWEPEWE INTERNATIONAL, ZA",-12.9833333,28.65,1270.1,9/4/1995,38.5,6,0,,999.9,,88.3,*,52, ,7,,0,A,9999.9,0,999.9,,999.9,0,72.7,6,5.4,6,2.8,6
67561099999,"NDOLA SIMON MWANSA KAWEPEWE INTERNATIONAL, ZA",-12.9833333,28.65,1270.1,9/5/1995,38.1,6,0,,999.9,,90.5, ,52.9, ,11.1,,0,A,9999.9,0,999.9,,999.9,0,74.5,6,5.7,6,4,6
67561099999,"NDOLA SIMON MWANSA KAWEPEWE INTERNATIONAL, ZA",-12.9833333,28.65,1270.1,9/6/1995,47.5,6,0,,999.9,,90.7, ,59.7, ,9.9,,0,A,9999.9,0,999.9,,999.9,0,69.7,6,6.2,6,7.5,6
67561099999,"NDOLA SIMON MWANSA KAWEPEWE INTERNATIONAL, ZA",-12.9833333,28.65,1270.1,9/7/1995,38.2,4,0,,999.9,,83.7, ,48.2, ,6,,0,A,9999.9,0,999.9,,999.9,0,73.5,4,11.7,4,4,4
67561099999,"NDOLA SIMON MWANSA KAWEPEWE INTERNATIONAL, ZA",-12.9833333,28.65,1270.1,9/8/1995,31.7,6,0,,999.9,,84,*,48.4, ,8.9,,0,A,9999.9,0,999.9,,999.9,0,66.1,7,12.4,7,5.1,7
67561099999,"NDOLA SIMON MWANSA KAWEPEWE INTERNATIONAL, ZA",-12.9833333,28.65,1270.1,9/9/1995,30.3,7,0,,999.9,,85.1, ,48.7, ,5.1,,0,A,9999.9,0,999.9,,999.9,0,67.6,7,7.8,7,2,7
67561099999,"NDOLA SIMON MWANSA KAWEPEWE INTERNATIONAL, ZA",-12.9833333,28.65,1270.1,9/10/1995,32,5,0,,999.9,,87.8, ,54.7, ,7,,0,A,9999.9,0,999.9,,999.9,0,73.4,5,5.7,5,4,5
67561099999,"NDOLA SIMON MWANSA KAWEPEWE INTERNATIONAL, ZA",-12.9833333,28.65,1270.1,9/11/1995,39,6,0,,999.9,,87.4, ,53.4, ,11.1,,0,A,9999.9,0,999.9,,999.9,0,73,6,7.8,6,3.7,6
67561099999,"NDOLA SIMON MWANSA KAWEPEWE INTERNATIONAL, ZA",-12.9833333,28.65,1270.1,9/12/1995,47.9,5,0,,999.9,,86, ,57.9, ,8,,0,A,9999.9,0,999.9,,999.9,0,71.1,5,12.4,5,3.8,5
67561099999,"NDOLA SIMON MWANSA KAWEPEWE INTERNATIONAL, ZA",-12.9833333,28.65,1270.1,9/13/1995,48.2,5,0,,999.9,,89.4, ,59, ,8.9,,0,A,9999.9,0,999.9,,999.9,0,73.2,5,12.4,5,4.6,5
67561099999,"NDOLA SIMON MWANSA KAWEPEWE INTERNATIONAL, ZA",-12.9833333,28.65,1270.1,9/14/1995,48.2,4,0,,999.9,,89.2, ,61.7, ,11.1,,0,A,9999.9,0,999.9,,999.9,0,75.2,4,10.1,4,5.8,4
67561099999,"NDOLA SIMON MWANSA KAWEPEWE INTERNATIONAL, ZA",-12.9833333,28.65,1270.1,9/16/1995,44,4,0,,999.9,,87.8, ,54.3,*,7,,0,A,9999.9,0,999.9,,999.9,0,73,4,9.3,4,3.3,4
67561099999,"NDOLA SIMON MWANSA KAWEPEWE INTERNATIONAL, ZA",-12.9833333,28.65,1270.1,9/19/1995,51.2,4,10010,,999.9,,93.4, ,61.9, ,9.9,,0,H,9999.9,0,999.9,,999.9,0,83,4,5.9,4,8.4,4
67561099999,"NDOLA SIMON MWANSA KAWEPEWE INTERNATIONAL, ZA",-12.9833333,28.65,1270.1,9/25/1995,45.1,4,0,,999.9,,89.2,*,59.9, ,7,,0,A,9999.9,0,999.9,,999.9,0,83.1,4,8.5,4,3.7,4
67561099999,"NDOLA SIMON MWANSA KAWEPEWE INTERNATIONAL, ZA",-12.9833333,28.65,1270.1,10/8/1995,46.7,5,0,,999.9,,93.2, ,62.4, ,7,,0,B,9999.9,0,999.9,,999.9,0,82.5,5,12.4,5,4.8,4
67561099999,"NDOLA SIMON MWANSA KAWEPEWE INTERNATIONAL, ZA",-12.9833333,28.65,1270.1,10/9/1995,45.5,4,0,,999.9,,93.4, ,61.9, ,5.1,,0,A,9999.9,0,999.9,,999.9,0,79.3,4,6.2,4,4.8,4
67561099999,"NDOLA SIMON MWANSA KAWEPEWE INTERNATIONAL, ZA",-12.9833333,28.65,1270.1,10/10/1995,43.3,5,0,,999.9,,92.8, ,59.9, ,4.1,,0,A,9999.9,0,999.9,,999.9,0,75.7,5,8.1,5,2.7,4
67561099999,"NDOLA SIMON MWANSA KAWEPEWE INTERNATIONAL, ZA",-12.9833333,28.65,1270.1,10/12/1995,9999.9,0,0,,999.9,,93.2,*,86.4,*,999.9,,0,I,9999.9,0,999.9,,999.9,0,90.8,4,12.4,4,999.9,0
67561099999,"NDOLA SIMON MWANSA KAWEPEWE INTERNATIONAL, ZA",-12.9833333,28.65,1270.1,10/14/1995,45.5,5,10000,,999.9,,93.7, ,62.6, ,12,,0,H,9999.9,0,999.9,,999.9,0,76.7,5,6.6,5,5.6,5
67561099999,"NDOLA SIMON MWANSA KAWEPEWE INTERNATIONAL, ZA",-12.9833333,28.65,1270.1,10/15/1995,49.9,5,0,,999.9,,96.4, ,64.8, ,15,,0,B,9999.9,0,999.9,,999.9,0,77.8,5,13.2,4,8.8,5
67561099999,"NDOLA SIMON MWANSA KAWEPEWE INTERNATIONAL, ZA",-12.9833333,28.65,1270.1,10/17/1995,46.5,5,0,,999.9,,89.2,*,62.2,*,6,,0,A,9999.9,0,999.9,,999.9,0,78.6,5,13.2,4,2.8,5
67561099999,"NDOLA SIMON MWANSA KAWEPEWE INTERNATIONAL, ZA",-12.9833333,28.65,1270.1,10/20/1995,50.9,4,0,,999.9,,94.5, ,65.3, ,7,,0,A,9999.9,0,999.9,,999.9,0,79.8,4,4.7,4,2.5,4
67561099999,"NDOLA SIMON MWANSA KAWEPEWE INTERNATIONAL, ZA",-12.9833333,28.65,1270.1,10/26/1995,54.6,6,10000,,999.9,,91.8, ,64.9, ,12,,0.01,G,9999.9,0,999.9,,999.9,0,72.8,6,11.4,6,7.5,6
67561099999,"NDOLA SIMON MWANSA KAWEPEWE INTERNATIONAL, ZA",-12.9833333,28.65,1270.1,10/27/1995,50.6,6,10000,,999.9,,90.5,*,64.8, ,15,,0,G,9999.9,0,999.9,,999.9,0,81.5,6,9.3,6,5.3,6
67561099999,"NDOLA SIMON MWANSA KAWEPEWE INTERNATIONAL, ZA",-12.9833333,28.65,1270.1,10/29/1995,54,5,0,,999.9,,93, ,67.1, ,9.9,,0.04,G,9999.9,0,999.9,,999.9,0,80.8,5,12.4,4,9.1,5
67561099999,"NDOLA SIMON MWANSA KAWEPEWE INTERNATIONAL, ZA",-12.9833333,28.65,1270.1,10/30/1995,54.1,5,0,,999.9,,91.9, ,63.7, ,12,,0,G,9999.9,0,999.9,,999.9,0,77.5,5,12.4,5,6.4,5
67561099999,"NDOLA SIMON MWANSA KAWEPEWE INTERNATIONAL, ZA",-12.9833333,28.65,1270.1,11/1/1995,52.2,4,0,,999.9,,87.1, ,72.5, ,12,,0,A,9999.9,0,999.9,,999.9,0,80.7,4,16.3,4,10.1,4
67561099999,"NDOLA SIMON MWANSA KAWEPEWE INTERNATIONAL, ZA",-12.9833333,28.65,1270.1,11/7/1995,47.5,4,0,,999.9,,91.4, ,62.6, ,13,,0,A,9999.9,0,999.9,,999.9,0,81.6,5,15.5,5,8,5
67561099999,"NDOLA SIMON MWANSA KAWEPEWE INTERNATIONAL, ZA",-12.9833333,28.65,1270.1,11/9/1995,48.6,5,0,,999.9,,93, ,65.5, ,4.1,,0,A,9999.9,0,999.9,,999.9,0,77.3,5,5.7,5,1.6,5
67561099999,"NDOLA SIMON MWANSA KAWEPEWE INTERNATIONAL, ZA",-12.9833333,28.65,1270.1,11/10/1995,51.4,6,0,,999.9,,93.6, ,61.7, ,9.9,,0,C,9999.9,0,999.9,,999.9,0,83.7,7,8.3,7,5.5,7
67561099999,"NDOLA SIMON MWANSA KAWEPEWE INTERNATIONAL, ZA",-12.9833333,28.65,1270.1,11/16/1995,51.9,4,10,,999.9,,88.3, ,63.1, ,8.9,,0,G,9999.9,0,999.9,,999.9,0,84.4,4,14,4,5.7,4
67561099999,"NDOLA SIMON MWANSA KAWEPEWE INTERNATIONAL, ZA",-12.9833333,28.65,1270.1,11/24/1995,61.3,5,0,,999.9,,89.6,*,65.3, ,999.9,,0,A,9999.9,0,999.9,,999.9,0,77.6,5,12.4,4,0,5
67561099999,"NDOLA SIMON MWANSA KAWEPEWE INTERNATIONAL, ZA",-12.9833333,28.65,1270.1,11/29/1995,63.6,4,10000,,999.9,,77.7, ,62.6, ,6,,1.02,G,9999.9,0,999.9,,999.9,0,68.4,4,10.1,4,1.5,4
67561099999,"NDOLA SIMON MWANSA KAWEPEWE INTERNATIONAL, ZA",-12.9833333,28.65,1270.1,12/2/1995,60.6,6,10,,999.9,,82, ,64, ,8.9,,0.43,G,9999.9,0,999.9,,999.9,0,69.5,6,11.9,6,2.5,6
67561099999,"NDOLA SIMON MWANSA KAWEPEWE INTERNATIONAL, ZA",-12.9833333,28.65,1270.1,12/3/1995,60.6,4,10010,,999.9,,84.9, ,63.1, ,12,,0,G,9999.9,0,999.9,,999.9,0,78.3,4,9.5,4,9,4
67561099999,"NDOLA SIMON MWANSA KAWEPEWE INTERNATIONAL, ZA",-12.9833333,28.65,1270.1,12/13/1995,62.4,4,10000,,999.9,,76.3,*,63.3, ,12,,0.79,G,9999.9,0,999.9,,999.9,0,68.4,4,15.5,4,6.8,4
67561099999,"NDOLA SIMON MWANSA KAWEPEWE INTERNATIONAL, ZA",-12.9833333,28.65,1270.1,12/18/1995,63.2,4,0,,999.9,,86.4, ,63.3, ,6,,0.28,G,9999.9,0,999.9,,999.9,0,73.9,4,18.6,4,2,4
67561099999,"NDOLA SIMON MWANSA KAWEPEWE INTERNATIONAL, ZA",-12.9833333,28.65,1270.1,12/19/1995,61,4,0,,999.9,,83.8,*,64.6, ,7,,0,G,9999.9,0,999.9,,999.9,0,78.2,4,18.6,4,4.8,4
67561099999,"NDOLA SIMON MWANSA KAWEPEWE INTERNATIONAL, ZA",-12.9833333,28.65,1270.1,12/20/1995,64.7,5,10010,,999.9,,85.1, ,63.3, ,8.9,,0.28,G,9999.9,0,999.9,,999.9,0,70.7,5,17.4,5,3.6,5
67561099999,"NDOLA SIMON MWANSA KAWEPEWE INTERNATIONAL, ZA",-12.9833333,28.65,1270.1,12/30/1995,63.6,4,10,,999.9,,82.9, ,63.9, ,5.1,,0,G,9999.9,0,999.9,,999.9,0,72.3,4,18.6,4,3.3,4
67561099999,"NDOLA SIMON MWANSA KAWEPEWE INTERNATIONAL, ZA",-12.9833333,28.65,1270.1,12/31/1995,61.5,4,10010,,999.9,,80.2, ,50.4, ,999.9,,0.39,G,9999.9,0,999.9,,999.9,0,69.6,4,14,4,999.9,0
67561099999,"NDOLA SIMON MWANSA KAWEPEWE INTERNATIONAL, ZA",-12.9833333,28.65,1270.1,1/31/1996,64.6,4,100000,,999.9,,83.3, ,63.1, ,5.1,,1.1,G,9999.9,0,999.9,,999.9,0,68.5,4,5.1,4,1.3,4
67561099999,"NDOLA SIMON MWANSA KAWEPEWE INTERNATIONAL, ZA",-12.9833333,28.65,1270.1,2/7/1996,62.4,5,0,,999.9,,78.8, ,59.7, ,8,,0,A,9999.9,0,999.9,,999.9,0,69.4,5,16.8,5,2.6,5
67561099999,"NDOLA SIMON MWANSA KAWEPEWE INTERNATIONAL, ZA",-12.9833333,28.65,1270.1,2/12/1996,64.8,5,10010,,999.9,,81, ,63.1, ,5.1,,0,G,9999.9,0,999.9,,999.9,0,70.6,5,14.3,5,3,5
67561099999,"NDOLA SIMON MWANSA KAWEPEWE INTERNATIONAL, ZA",-12.9833333,28.65,1270.1,2/22/1996,64.8,4,100010,,999.9,,83.8,*,63.5, ,1,,0.04,G,9999.9,0,999.9,,999.9,0,77.2,4,11.7,4,0.2,4
67561099999,"NDOLA SIMON MWANSA KAWEPEWE INTERNATIONAL, ZA",-12.9833333,28.65,1270.1,3/4/1996,64.1,5,0,,999.9,,82.6,*,63, ,2.9,,0.08,G,9999.9,0,999.9,,999.9,0,71.2,5,16.8,5,1.4,5
67561099999,"NDOLA SIMON MWANSA KAWEPEWE INTERNATIONAL, ZA",-12.9833333,28.65,1270.1,3/10/1996,63.9,5,10000,,999.9,,82.6, ,63.7, ,8.9,,0.12,G,9999.9,0,999.9,,999.9,0,67.1,5,17.4,5,3.7,4
67561099999,"NDOLA SIMON MWANSA KAWEPEWE INTERNATIONAL, ZA",-12.9833333,28.65,1270.1,3/15/1996,63.5,6,10000,,999.9,,82.8, ,62.2, ,5.1,,0.24,G,9999.9,0,999.9,,999.9,0,70.7,6,12.9,6,2.2,6
67561099999,"NDOLA SIMON MWANSA KAWEPEWE INTERNATIONAL, ZA",-12.9833333,28.65,1270.1,3/20/1996,59.8,5,0,,999.9,,76.3,*,61, ,9.9,,0,G,9999.9,0,999.9,,999.9,0,68.2,5,18.6,5,6.6,5
67561099999,"NDOLA SIMON MWANSA KAWEPEWE INTERNATIONAL, ZA",-12.9833333,28.65,1270.1,3/22/1996,58,4,0,,999.9,,79.3, ,56.7,*,9.9,,0,A,9999.9,0,999.9,,999.9,0,64,4,18.6,4,3.7,4
67561099999,"NDOLA SIMON MWANSA KAWEPEWE INTERNATIONAL, ZA",-12.9833333,28.65,1270.1,3/23/1996,60.4,4,0,,999.9,,82.8,*,56.8, ,7,,0,A,9999.9,0,999.9,,999.9,0,76.8,4,18.6,4,2.8,4
67561099999,"NDOLA SIMON MWANSA KAWEPEWE INTERNATIONAL, ZA",-12.9833333,28.65,1270.1,3/26/1996,62.8,6,10,,999.9,,82.2, ,62.2, ,8,,0,A,9999.9,0,999.9,,999.9,0,70,6,15.5,6,2,6
67561099999,"NDOLA SIMON MWANSA KAWEPEWE INTERNATIONAL, ZA",-12.9833333,28.65,1270.1,3/28/1996,9999.9,0,0,,999.9,,79.9, ,34.9,*,8,,0,A,9999.9,0,999.9,,999.9,0,60,4,16.3,4,3,4
67561099999,"NDOLA SIMON MWANSA KAWEPEWE INTERNATIONAL, ZA",-12.9833333,28.65,1270.1,4/11/1996,60.6,6,0,,999.9,,83.7, ,61.5,*,16.9,,0,A,9999.9,0,999.9,,999.9,0,69.2,6,17.2,6,9.6,6
67561099999,"NDOLA SIMON MWANSA KAWEPEWE INTERNATIONAL, ZA",-12.9833333,28.65,1270.1,4/12/1996,58.1,5,0,,999.9,,81.5, ,56.5, ,5.1,,0,A,9999.9,0,999.9,,999.9,0,67.7,5,18.6,5,4.2,5
67561099999,"NDOLA SIMON MWANSA KAWEPEWE INTERNATIONAL, ZA",-12.9833333,28.65,1270.1,4/15/1996,58.6,6,0,,999.9,,80.8, ,55.4, ,5.1,,0,B,9999.9,0,999.9,,999.9,0,67.8,6,16.6,6,2.3,6
67561099999,"NDOLA SIMON MWANSA KAWEPEWE INTERNATIONAL, ZA",-12.9833333,28.65,1270.1,4/16/1996,56.7,4,0,,999.9,,82.2, ,55.4, ,6,,0,A,9999.9,0,999.9,,999.9,0,75,4,17.9,4,3.7,4
67561099999,"NDOLA SIMON MWANSA KAWEPEWE INTERNATIONAL, ZA",-12.9833333,28.65,1270.1,4/17/1996,57.4,4,0,,999.9,,84.2, ,63.5, ,8,,0,A,9999.9,0,999.9,,999.9,0,75.6,4,18.6,4,6,4
67561099999,"NDOLA SIMON MWANSA KAWEPEWE INTERNATIONAL, ZA",-12.9833333,28.65,1270.1,4/18/1996,56.5,5,0,,999.9,,82.6, ,54.5, ,2.9,,0,A,9999.9,0,999.9,,999.9,0,68.5,5,18.6,5,1.6,5
67561099999,"NDOLA SIMON MWANSA KAWEPEWE INTERNATIONAL, ZA",-12.9833333,28.65,1270.1,4/20/1996,56.9,4,0,,999.9,,84.2, ,54, ,7,,0,A,9999.9,0,999.9,,999.9,0,70.8,4,17.1,4,4,4
67561099999,"NDOLA SIMON MWANSA KAWEPEWE INTERNATIONAL, ZA",-12.9833333,28.65,1270.1,4/26/1996,54.7,4,0,,999.9,,81, ,54.9, ,7,,0,A,9999.9,0,999.9,,999.9,0,73.1,4,17.1,4,3.8,4
67561099999,"NDOLA SIMON MWANSA KAWEPEWE INTERNATIONAL, ZA",-12.9833333,28.65,1270.1,4/29/1996,51.8,5,0,,999.9,,80.6, ,50, ,8.9,,0,B,9999.9,0,999.9,,999.9,0,69.7,5,18.6,5,4.9,5
67561099999,"NDOLA SIMON MWANSA KAWEPEWE INTERNATIONAL, ZA",-12.9833333,28.65,1270.1,4/30/1996,52.8,5,0,,999.9,,78.8, ,51.8, ,7,,0,A,9999.9,0,999.9,,999.9,0,66.1,5,18.6,5,5.6,5
67561099999,"NDOLA SIMON MWANSA KAWEPEWE INTERNATIONAL, ZA",-12.9833333,28.65,1270.1,5/3/1996,55.1,6,10000,,999.9,,83.3, ,54.1, ,5.1,,0,H,9999.9,0,999.9,,999.9,0,68.9,6,16.1,6,1.2,6
67561099999,"NDOLA SIMON MWANSA KAWEPEWE INTERNATIONAL, ZA",-12.9833333,28.65,1270.1,5/6/1996,56.4,5,0,,999.9,,85.1,*,55, ,4.1,,0,A,9999.9,0,999.9,,999.9,0,69.7,5,17.4,5,2.4,5
67561099999,"NDOLA SIMON MWANSA KAWEPEWE INTERNATIONAL, ZA",-12.9833333,28.65,1270.1,5/7/1996,56,4,0,,999.9,,86, ,55.2, ,8,,0,A,9999.9,0,999.9,,999.9,0,77,4,18.6,4,6.2,4
67561099999,"NDOLA SIMON MWANSA KAWEPEWE INTERNATIONAL, ZA",-12.9833333,28.65,1270.1,5/15/1996,55.8,4,10000,,999.9,,85.6, ,54.7, ,7,,0,H,9999.9,0,999.9,,999.9,0,74.7,4,17.9,4,3.7,4
67561099999,"NDOLA SIMON MWANSA KAWEPEWE INTERNATIONAL, ZA",-12.9833333,28.65,1270.1,5/20/1996,59.3,4,10000,,999.9,,79.7, ,60.1, ,7,,99.99, ,9999.9,0,999.9,,999.9,0,63,4,15.5,4,4.5,4
67561099999,"NDOLA SIMON MWANSA KAWEPEWE INTERNATIONAL, ZA",-12.9833333,28.65,1270.1,5/21/1996,54.2,4,10000,,999.9,,57.7,*,55.8,*,6,,99.99, ,9999.9,0,999.9,,999.9,0,56.6,4,14.8,4,3.7,4
67561099999,"NDOLA SIMON MWANSA KAWEPEWE INTERNATIONAL, ZA",-12.9833333,28.65,1270.1,5/22/1996,55.7,4,0,,999.9,,68.4,*,39.2,*,6,,0.08,G,9999.9,0,999.9,,999.9,0,57.8,5,18.6,5,2.2,5
67561099999,"NDOLA SIMON MWANSA KAWEPEWE INTERNATIONAL, ZA",-12.9833333,28.65,1270.1,5/23/1996,56.7,6,100000,,999.9,,75,*,53.8, ,4.1,,0,G,9999.9,0,999.9,,999.9,0,61.9,6,7.9,6,1.4,6
67561099999,"NDOLA SIMON MWANSA KAWEPEWE INTERNATIONAL, ZA",-12.9833333,28.65,1270.1,5/24/1996,57,4,0,,999.9,,79.2, ,51.8, ,4.1,,0,A,9999.9,0,999.9,,999.9,0,70.5,4,18.6,4,2.2,4
67561099999,"NDOLA SIMON MWANSA KAWEPEWE INTERNATIONAL, ZA",-12.9833333,28.65,1270.1,5/26/1996,58.9,4,10,,999.9,,82.6, ,56.5, ,9.9,,0,A,9999.9,0,999.9,,999.9,0,71.5,4,16.3,4,6,4
67561099999,"NDOLA SIMON MWANSA KAWEPEWE INTERNATIONAL, ZA",-12.9833333,28.65,1270.1,5/27/1996,56.7,4,10000,,999.9,,81.1, ,56.5, ,8.9,,0.02,G,9999.9,0,999.9,,999.9,0,65.3,4,17.1,4,7.5,4
67561099999,"NDOLA SIMON MWANSA KAWEPEWE INTERNATIONAL, ZA",-12.9833333,28.65,1270.1,5/28/1996,54.5,4,10000,,999.9,,72.3, ,52.3, ,6,,0.02,G,9999.9,0,999.9,,999.9,0,57.8,4,16.3,4,3.8,4
67561099999,"NDOLA SIMON MWANSA KAWEPEWE INTERNATIONAL, ZA",-12.9833333,28.65,1270.1,5/30/1996,53.7,4,0,,999.9,,78.3,*,48.7, ,2.9,,0,G,9999.9,0,999.9,,999.9,0,69.6,4,17.9,4,1.2,4
67561099999,"NDOLA SIMON MWANSA KAWEPEWE INTERNATIONAL, ZA",-12.9833333,28.65,1270.1,5/31/1996,52.2,6,0,,999.9,,79.5, ,50.9, ,7,,0,A,9999.9,0,999.9,,999.9,0,66.4,6,16.1,6,1.7,6
67561099999,"NDOLA SIMON MWANSA KAWEPEWE INTERNATIONAL, ZA",-12.9833333,28.65,1270.1,6/15/1996,44.1,4,100000,,999.9,,77.9, ,44.2, ,7,,0,A,9999.9,0,999.9,,999.9,0,68.9,4,12.1,4,4.2,4
67561099999,"NDOLA SIMON MWANSA KAWEPEWE INTERNATIONAL, ZA",-12.9833333,28.65,1270.1,7/3/1996,41.9,4,0,,999.9,,76.3, ,40.8, ,4.1,,0,A,9999.9,0,999.9,,999.9,0,53.5,4,11.7,4,1,4
67561099999,"NDOLA SIMON MWANSA KAWEPEWE INTERNATIONAL, ZA",-12.9833333,28.65,1270.1,7/12/1996,39,4,0,,999.9,,76.1, ,43.2, ,8,,0,A,9999.9,0,999.9,,999.9,0,67.7,4,12.6,4,2.7,4
67561099999,"NDOLA SIMON MWANSA KAWEPEWE INTERNATIONAL, ZA",-12.9833333,28.65,1270.1,7/22/1996,44.8,4,0,,999.9,,76.6, ,48.7, ,9.9,,0,A,9999.9,0,999.9,,999.9,0,67.8,4,14,4,7.9,4
67561099999,"NDOLA SIMON MWANSA KAWEPEWE INTERNATIONAL, ZA",-12.9833333,28.65,1270.1,8/14/1996,41.8,5,0,,999.9,,84.6,*,49.8, ,6,,0,A,9999.9,0,999.9,,999.9,0,67.5,5,9.3,5,2.2,5
67561099999,"NDOLA SIMON MWANSA KAWEPEWE INTERNATIONAL, ZA",-12.9833333,28.65,1270.1,9/6/1996,41.2,4,0,,999.9,,88.7, ,52.7, ,8,,0,A,9999.9,0,999.9,,999.9,0,79.4,4,9.8,4,5,4
67561099999,"NDOLA SIMON MWANSA KAWEPEWE INTERNATIONAL, ZA",-12.9833333,28.65,1270.1,9/8/1996,36.3,4,0,,999.9,,91.2,*,54.3, ,15,,0,A,9999.9,0,999.9,,999.9,0,83.3,4,5.9,4,10.2,4
67561099999,"NDOLA SIMON MWANSA KAWEPEWE INTERNATIONAL, ZA",-12.9833333,28.65,1270.1,9/13/1996,53.6,4,0,,999.9,,91.9, ,57.6, ,8,,0,A,9999.9,0,999.9,,999.9,0,82.4,4,1.9,4,6.8,4
67561099999,"NDOLA SIMON MWANSA KAWEPEWE INTERNATIONAL, ZA",-12.9833333,28.65,1270.1,9/15/1996,53.8,4,0,,999.9,,91, ,61.3, ,11.1,,0,G,9999.9,0,999.9,,999.9,0,82,4,3.9,4,7,4
67561099999,"NDOLA SIMON MWANSA KAWEPEWE INTERNATIONAL, ZA",-12.9833333,28.65,1270.1,10/3/1996,9999.9,0,0,,999.9,,92.1, ,58.3, ,9.9,,0,A,9999.9,0,999.9,,999.9,0,81.9,4,5.6,4,4.8,4
67561099999,"NDOLA SIMON MWANSA KAWEPEWE INTERNATIONAL, ZA",-12.9833333,28.65,1270.1,10/16/1996,43.1,5,0,,999.9,,91.4, ,59.4, ,14,,0,A,9999.9,0,999.9,,999.9,0,75.4,5,6.2,5,10,5
67561099999,"NDOLA SIMON MWANSA KAWEPEWE INTERNATIONAL, ZA",-12.9833333,28.65,1270.1,10/28/1996,51.4,4,0,,999.9,,92.8, ,63.9, ,7,,0,A,9999.9,0,999.9,,999.9,0,74.9,4,6.2,4,3,4
67561099999,"NDOLA SIMON MWANSA KAWEPEWE INTERNATIONAL, ZA",-12.9833333,28.65,1270.1,10/29/1996,52.8,4,0,,999.9,,90.7, ,61.9, ,11.1,,0,G,9999.9,0,999.9,,999.9,0,73.1,4,7,4,5,4
67561099999,"NDOLA SIMON MWANSA KAWEPEWE INTERNATIONAL, ZA",-12.9833333,28.65,1270.1,10/31/1996,50,4,0,,999.9,,93.7, ,65.1, ,11.1,,0,A,9999.9,0,999.9,,999.9,0,76.6,4,5.9,4,7.8,4
67561099999,"NDOLA SIMON MWANSA KAWEPEWE INTERNATIONAL, ZA",-12.9833333,28.65,1270.1,11/12/1996,44.6,6,0,,999.9,,92.7, ,61.9, ,11.1,,0,A,9999.9,0,999.9,,999.9,0,78.9,6,7.2,6,8,6
67561099999,"NDOLA SIMON MWANSA KAWEPEWE INTERNATIONAL, ZA",-12.9833333,28.65,1270.1,11/14/1996,49.5,4,0,,999.9,,94.1, ,63, ,8.9,,0,B,9999.9,0,999.9,,999.9,0,82.3,4,5.6,4,8,4
67561099999,"NDOLA SIMON MWANSA KAWEPEWE INTERNATIONAL, ZA",-12.9833333,28.65,1270.1,11/19/1996,59.8,6,10000,,999.9,,83.7,*,63.7, ,4.1,,0.08,G,9999.9,0,999.9,,999.9,0,69,6,6.2,6,1,6
67561099999,"NDOLA SIMON MWANSA KAWEPEWE INTERNATIONAL, ZA",-12.9833333,28.65,1270.1,11/27/1996,56.8,6,0,,999.9,,90.1, ,64.4, ,15,,0.02,G,9999.9,0,999.9,,999.9,0,78.5,6,6.2,6,6.3,6
67561099999,"NDOLA SIMON MWANSA KAWEPEWE INTERNATIONAL, ZA",-12.9833333,28.65,1270.1,11/28/1996,61.2,5,10,,999.9,,90.5, ,62.8, ,8,,0.08,G,9999.9,0,999.9,,999.9,0,71.3,5,7.7,5,5,5
67561099999,"NDOLA SIMON MWANSA KAWEPEWE INTERNATIONAL, ZA",-12.9833333,28.65,1270.1,12/9/1996,59.4,5,0,,999.9,,83.1,*,63.3,*,6,,0,I,9999.9,0,999.9,,999.9,0,74.5,5,14.3,5,3.2,5
67561099999,"NDOLA SIMON MWANSA KAWEPEWE INTERNATIONAL, ZA",-12.9833333,28.65,1270.1,12/10/1996,62.5,4,10010,,999.9,,84.2, ,62.4, ,6,,0.16,G,9999.9,0,999.9,,999.9,0,65.8,5,9.1,5,1.6,5
67561099999,"NDOLA SIMON MWANSA KAWEPEWE INTERNATIONAL, ZA",-12.9833333,28.65,1270.1,12/26/1996,63.5,5,10000,,999.9,,83.1,*,65.3, ,4.1,,0.04,G,9999.9,0,999.9,,999.9,0,73.7,5,14.3,5,1.8,5
67561099999,"NDOLA SIMON MWANSA KAWEPEWE INTERNATIONAL, ZA",-12.9833333,28.65,1270.1,1/2/1997,64,5,0,,999.9,,87.1, ,64.4, ,9.9,,0,G,9999.9,0,999.9,,999.9,0,70.3,5,13,5,6.2,5
67561099999,"NDOLA SIMON MWANSA KAWEPEWE INTERNATIONAL, ZA",-12.9833333,28.65,1270.1,1/3/1997,65.3,4,10010,,999.9,,81.5, ,66.4, ,12,,0.04,G,9999.9,0,999.9,,999.9,0,68.8,4,11.8,4,4,4
67561099999,"NDOLA SIMON MWANSA KAWEPEWE INTERNATIONAL, ZA",-12.9833333,28.65,1270.1,1/6/1997,65.1,4,10010,,999.9,,82.9, ,63.5, ,9.9,,0.87,G,9999.9,0,999.9,,999.9,0,71.8,4,17.9,4,5,4
67561099999,"NDOLA SIMON MWANSA KAWEPEWE INTERNATIONAL, ZA",-12.9833333,28.65,1270.1,1/8/1997,62.2,4,0,,999.9,,84.2, ,66.7, ,2.9,,0,A,9999.9,0,999.9,,999.9,0,69.6,4,15.5,4,0.7,4
67561099999,"NDOLA SIMON MWANSA KAWEPEWE INTERNATIONAL, ZA",-12.9833333,28.65,1270.1,1/19/1997,64.4,4,10010,,999.9,,77.2, ,63.5, ,8,,0.28,G,9999.9,0,999.9,,999.9,0,69.2,4,18.6,4,4.8,4
67561099999,"NDOLA SIMON MWANSA KAWEPEWE INTERNATIONAL, ZA",-12.9833333,28.65,1270.1,1/26/1997,9999.9,0,0,,999.9,,81.3,*,63.1, ,7,,0.04,G,9999.9,0,999.9,,999.9,0,75.6,4,9.3,4,5.5,4
67561099999,"NDOLA SIMON MWANSA KAWEPEWE INTERNATIONAL, ZA",-12.9833333,28.65,1270.1,2/17/1997,63.9,4,0,,999.9,,75.2,*,64.4,*,5.1,,0.2,G,9999.9,0,999.9,,999.9,0,67.5,5,11.3,5,1,5
67561099999,"NDOLA SIMON MWANSA KAWEPEWE INTERNATIONAL, ZA",-12.9833333,28.65,1270.1,2/21/1997,63.5,4,100000,,999.9,,77.5, ,62.4, ,999.9,,0.02,G,9999.9,0,999.9,,999.9,0,63.9,4,2.5,4,0,4
67561099999,"NDOLA SIMON MWANSA KAWEPEWE INTERNATIONAL, ZA",-12.9833333,28.65,1270.1,3/19/1997,64,5,0,,999.9,,83.1, ,61, ,8,,0,A,9999.9,0,999.9,,999.9,0,70.5,5,18.6,5,2.2,5
67561099999,"NDOLA SIMON MWANSA KAWEPEWE INTERNATIONAL, ZA",-12.9833333,28.65,1270.1,3/21/1997,63.4,6,100000,,999.9,,84.9, ,62.8, ,4.1,,0,A,9999.9,0,999.9,,999.9,0,70,6,13.5,6,0.7,6
67561099999,"NDOLA SIMON MWANSA KAWEPEWE INTERNATIONAL, ZA",-12.9833333,28.65,1270.1,3/25/1997,62.1,4,0,,999.9,,83.3,*,59.7, ,11.1,,0,A,9999.9,0,999.9,,999.9,0,77.8,4,18.6,4,8,4
67561099999,"NDOLA SIMON MWANSA KAWEPEWE INTERNATIONAL, ZA",-12.9833333,28.65,1270.1,3/26/1997,62.8,7,0,,999.9,,84.2, ,61, ,12,,0.02,G,9999.9,0,999.9,,999.9,0,71.3,7,16.1,7,4.3,7
67561099999,"NDOLA SIMON MWANSA KAWEPEWE INTERNATIONAL, ZA",-12.9833333,28.65,1270.1,3/30/1997,64.4,4,10010,,999.9,,81.5, ,63.5,*,8,,0.71,G,9999.9,0,999.9,,999.9,0,74.6,4,17.9,4,4.5,4
67561099999,"NDOLA SIMON MWANSA KAWEPEWE INTERNATIONAL, ZA",-12.9833333,28.65,1270.1,4/2/1997,64.9,6,10000,,999.9,,79.7,*,64.4, ,6,,0.08,G,9999.9,0,999.9,,999.9,0,70,6,14,6,3.5,6
67561099999,"NDOLA SIMON MWANSA KAWEPEWE INTERNATIONAL, ZA",-12.9833333,28.65,1270.1,4/4/1997,63.5,5,100000,,999.9,,79, ,63.5, ,7,,0,G,9999.9,0,999.9,,999.9,0,67.5,5,13,5,2.4,5
67561099999,"NDOLA SIMON MWANSA KAWEPEWE INTERNATIONAL, ZA",-12.9833333,28.65,1270.1,4/17/1997,60.8,6,0,,999.9,,83.3, ,59, ,5.1,,0,G,9999.9,0,999.9,,999.9,0,68.8,6,17.1,6,2.4,6
67561099999,"NDOLA SIMON MWANSA KAWEPEWE INTERNATIONAL, ZA",-12.9833333,28.65,1270.1,4/20/1997,60.1,4,0,,999.9,,85.1, ,59, ,8,,0,A,9999.9,0,999.9,,999.9,0,78,4,18.6,4,5.5,4
67561099999,"NDOLA SIMON MWANSA KAWEPEWE INTERNATIONAL, ZA",-12.9833333,28.65,1270.1,4/22/1997,58.7,4,0,,999.9,,84.2,*,54.7, ,5.1,,0,A,9999.9,0,999.9,,999.9,0,71.8,4,17.1,4,2.5,4
67561099999,"NDOLA SIMON MWANSA KAWEPEWE INTERNATIONAL, ZA",-12.9833333,28.65,1270.1,4/24/1997,60.8,4,0,,999.9,,85.1, ,57.7, ,6,,0,A,9999.9,0,999.9,,999.9,0,69.9,4,13.2,4,2,4
67561099999,"NDOLA SIMON MWANSA KAWEPEWE INTERNATIONAL, ZA",-12.9833333,28.65,1270.1,4/30/1997,53.4,4,0,,999.9,,85.1, ,50.5, ,6,,0,A,9999.9,0,999.9,,999.9,0,73.9,4,15.5,4,2,4
67561099999,"NDOLA SIMON MWANSA KAWEPEWE INTERNATIONAL, ZA",-12.9833333,28.65,1270.1,5/5/1997,45.6,4,0,,999.9,,81.5, ,44.8, ,8,,0,A,9999.9,0,999.9,,999.9,0,60.7,4,13.2,4,2,4
67561099999,"NDOLA SIMON MWANSA KAWEPEWE INTERNATIONAL, ZA",-12.9833333,28.65,1270.1,5/6/1997,48.9,7,0,,999.9,,83.3, ,49.1, ,13,,0,A,9999.9,0,999.9,,999.9,0,62.4,7,12.9,7,5.4,7
67561099999,"NDOLA SIMON MWANSA KAWEPEWE INTERNATIONAL, ZA",-12.9833333,28.65,1270.1,5/7/1997,51.3,7,0,,999.9,,77.2, ,50.9, ,9.9,,0,A,9999.9,0,999.9,,999.9,0,63.6,7,15.5,7,6.2,7
67561099999,"NDOLA SIMON MWANSA KAWEPEWE INTERNATIONAL, ZA",-12.9833333,28.65,1270.1,5/9/1997,9999.9,0,0,,999.9,,78.1, ,44.8, ,7,,0,A,9999.9,0,999.9,,999.9,0,63.1,4,14.4,4,3.3,4
67561099999,"NDOLA SIMON MWANSA KAWEPEWE INTERNATIONAL, ZA",-12.9833333,28.65,1270.1,5/12/1997,42.3,4,0,,999.9,,79.2, ,45.9, ,7,,0,A,9999.9,0,999.9,,999.9,0,65.7,4,14,4,2.8,4
67561099999,"NDOLA SIMON MWANSA KAWEPEWE INTERNATIONAL, ZA",-12.9833333,28.65,1270.1,5/14/1997,43.5,4,0,,999.9,,77,*,44.8,*,5.1,,0,I,9999.9,0,999.9,,999.9,0,63.5,4,14.8,4,2,4
67561099999,"NDOLA SIMON MWANSA KAWEPEWE INTERNATIONAL, ZA",-12.9833333,28.65,1270.1,5/19/1997,52.4,5,0,,999.9,,81, ,49.6, ,6,,0,A,9999.9,0,999.9,,999.9,0,64.1,5,11.8,5,2.2,5
67561099999,"NDOLA SIMON MWANSA KAWEPEWE INTERNATIONAL, ZA",-12.9833333,28.65,1270.1,5/20/1997,50.3,4,0,,999.9,,83.8, ,51.8, ,7,,0,A,9999.9,0,999.9,,999.9,0,74.5,4,13.2,4,4.3,4
67561099999,"NDOLA SIMON MWANSA KAWEPEWE INTERNATIONAL, ZA",-12.9833333,28.65,1270.1,5/23/1997,50.4,5,0,,999.9,,83.7, ,54.5,*,7,,0,A,9999.9,0,999.9,,999.9,0,61.6,5,12.4,5,3.6,5
67561099999,"NDOLA SIMON MWANSA KAWEPEWE INTERNATIONAL, ZA",-12.9833333,28.65,1270.1,5/27/1997,55,4,0,,999.9,,85.6, ,53.6, ,2.9,,0,A,9999.9,0,999.9,,999.9,0,69.8,4,10.9,4,1.7,4
67561099999,"NDOLA SIMON MWANSA KAWEPEWE INTERNATIONAL, ZA",-12.9833333,28.65,1270.1,5/28/1997,55.5,5,10010,,999.9,,75.7,*,56.7,*,9.9,,99.99, ,9999.9,0,999.9,,999.9,0,63.9,5,6.5,5,3,5
67561099999,"NDOLA SIMON MWANSA KAWEPEWE INTERNATIONAL, ZA",-12.9833333,28.65,1270.1,6/3/1997,54.4,4,0,,999.9,,82.4, ,54.1, ,8,,0,A,9999.9,0,999.9,,999.9,0,73.1,4,16.3,4,6,4
67561099999,"NDOLA SIMON MWANSA KAWEPEWE INTERNATIONAL, ZA",-12.9833333,28.65,1270.1,6/4/1997,56.2,5,0,,999.9,,85.1,*,55.8, ,31.9,,0,A,9999.9,0,999.9,,999.9,0,71.9,5,13.7,5,9.6,5
67561099999,"NDOLA SIMON MWANSA KAWEPEWE INTERNATIONAL, ZA",-12.9833333,28.65,1270.1,6/5/1997,55.7,4,0,,999.9,,80.6,*,52, ,8,,0,A,9999.9,0,999.9,,999.9,0,63.4,4,12.4,4,2.7,4
67561099999,"NDOLA SIMON MWANSA KAWEPEWE INTERNATIONAL, ZA",-12.9833333,28.65,1270.1,6/7/1997,49.1,4,0,,999.9,,81, ,48.7, ,5.1,,0,A,9999.9,0,999.9,,999.9,0,72.5,4,12.4,4,4,4
67561099999,"NDOLA SIMON MWANSA KAWEPEWE INTERNATIONAL, ZA",-12.9833333,28.65,1270.1,6/14/1997,44.2,4,0,,999.9,,84.6, ,48.4, ,4.1,,0,A,9999.9,0,999.9,,999.9,0,74.7,4,10.1,4,2,4
67561099999,"NDOLA SIMON MWANSA KAWEPEWE INTERNATIONAL, ZA",-12.9833333,28.65,1270.1,6/15/1997,44.6,4,0,,999.9,,84, ,48.9, ,8,,0,A,9999.9,0,999.9,,999.9,0,74.4,4,8.2,4,4.2,4
67561099999,"NDOLA SIMON MWANSA KAWEPEWE INTERNATIONAL, ZA",-12.9833333,28.65,1270.1,6/16/1997,46.3,4,0,,999.9,,82,*,48.4,*,6,,0,I,9999.9,0,999.9,,999.9,0,59.4,4,10.1,4,1.5,4
67561099999,"NDOLA SIMON MWANSA KAWEPEWE INTERNATIONAL, ZA",-12.9833333,28.65,1270.1,6/19/1997,34.6,5,0,,999.9,,81.3, ,47.3, ,15,,0,A,9999.9,0,999.9,,999.9,0,68.1,5,13,5,9.4,5
67561099999,"NDOLA SIMON MWANSA KAWEPEWE INTERNATIONAL, ZA",-12.9833333,28.65,1270.1,6/20/1997,41.6,4,0,,999.9,,79, ,46.4, ,8,,0,A,9999.9,0,999.9,,999.9,0,55.9,4,12.4,4,3.7,4
67561099999,"NDOLA SIMON MWANSA KAWEPEWE INTERNATIONAL, ZA",-12.9833333,28.65,1270.1,6/24/1997,45,4,0,,999.9,,80.1, ,48.2, ,8,,0,A,9999.9,0,999.9,,999.9,0,72.3,4,13.2,4,4.5,4
67561099999,"NDOLA SIMON MWANSA KAWEPEWE INTERNATIONAL, ZA",-12.9833333,28.65,1270.1,7/21/1997,47.5,4,0,,999.9,,98.6,*,47.1, ,7,,0,A,9999.9,0,999.9,,999.9,0,75,4,14.8,4,2.2,4
67561099999,"NDOLA SIMON MWANSA KAWEPEWE INTERNATIONAL, ZA",-12.9833333,28.65,1270.1,8/3/1997,41,4,0,,999.9,,85.5,*,46.9, ,5.1,,0,A,9999.9,0,999.9,,999.9,0,68.9,4,6.4,4,4.3,4
67561099999,"NDOLA SIMON MWANSA KAWEPEWE INTERNATIONAL, ZA",-12.9833333,28.65,1270.1,8/5/1997,42.8,5,0,,999.9,,86.2,*,49.8, ,5.1,,0,A,9999.9,0,999.9,,999.9,0,71.8,5,4.8,5,1.6,5
67561099999,"NDOLA SIMON MWANSA KAWEPEWE INTERNATIONAL, ZA",-12.9833333,28.65,1270.1,8/12/1997,49.6,4,0,,999.9,,82, ,53.1, ,7,,0,A,9999.9,0,999.9,,999.9,0,73.8,4,10.9,4,4.8,4
67561099999,"NDOLA SIMON MWANSA KAWEPEWE INTERNATIONAL, ZA",-12.9833333,28.65,1270.1,8/21/1997,37.6,4,0,,999.9,,86.7, ,50.4, ,2.9,,0,A,9999.9,0,999.9,,999.9,0,65.6,4,2.8,4,0.7,4
67561099999,"NDOLA SIMON MWANSA KAWEPEWE INTERNATIONAL, ZA",-12.9833333,28.65,1270.1,8/22/1997,36,4,0,,999.9,,88.2, ,63.9,*,9.9,,0,A,9999.9,0,999.9,,999.9,0,79.6,4,7.5,4,7.2,4
67561099999,"NDOLA SIMON MWANSA KAWEPEWE INTERNATIONAL, ZA",-12.9833333,28.65,1270.1,8/27/1997,41,6,0,,999.9,,83.8, ,52.3, ,9.9,,0,A,9999.9,0,999.9,,999.9,0,72.2,6,8.8,6,4.8,6
67561099999,"NDOLA SIMON MWANSA KAWEPEWE INTERNATIONAL, ZA",-12.9833333,28.65,1270.1,9/3/1997,42.9,5,0,,999.9,,91.2, ,56.8, ,6,,0,A,9999.9,0,999.9,,999.9,0,77.1,5,5,5,4,5
67561099999,"NDOLA SIMON MWANSA KAWEPEWE INTERNATIONAL, ZA",-12.9833333,28.65,1270.1,9/4/1997,38.4,4,0,,999.9,,90.3,*,54.9, ,15.9,,0,A,9999.9,0,999.9,,999.9,0,81.4,4,3.9,4,11.2,4
67561099999,"NDOLA SIMON MWANSA KAWEPEWE INTERNATIONAL, ZA",-12.9833333,28.65,1270.1,10/17/1997,53.3,4,0,,999.9,,88.9, ,65.5, ,13,,0,A,9999.9,0,999.9,,999.9,0,74,4,12.4,4,8.7,4
67561099999,"NDOLA SIMON MWANSA KAWEPEWE INTERNATIONAL, ZA",-12.9833333,28.65,1270.1,10/26/1997,48.5,6,0,,999.9,,95, ,62.2, ,11.1,,0,A,9999.9,0,999.9,,999.9,0,79.3,6,16.1,6,6,6
67561099999,"NDOLA SIMON MWANSA KAWEPEWE INTERNATIONAL, ZA",-12.9833333,28.65,1270.1,11/4/1997,65,4,0,,999.9,,90.3, ,63.7, ,7,,1.26,G,9999.9,0,999.9,,999.9,0,71.3,4,9,4,2.8,4
67561099999,"NDOLA SIMON MWANSA KAWEPEWE INTERNATIONAL, ZA",-12.9833333,28.65,1270.1,12/3/1997,64,4,100000,,999.9,,85.1, ,62.1,*,6,,0,I,9999.9,0,999.9,,999.9,0,71.6,4,10.1,4,2.8,4
67561099999,"NDOLA SIMON MWANSA KAWEPEWE INTERNATIONAL, ZA",-12.9833333,28.65,1270.1,12/24/1997,64.1,5,100000,,999.9,,79.7, ,63.7, ,5.1,,0.08,G,9999.9,0,999.9,,999.9,0,67.1,5,12.1,5,1.6,5
67561099999,"NDOLA SIMON MWANSA KAWEPEWE INTERNATIONAL, ZA",-12.9833333,28.65,1270.1,1/1/1998,66.4,4,10000,,999.9,,79.2,*,68,*,4.1,,99.99, ,9999.9,0,999.9,,999.9,0,72.2,4,17.1,4,1.5,4
67561099999,"NDOLA SIMON MWANSA KAWEPEWE INTERNATIONAL, ZA",-12.9833333,28.65,1270.1,1/2/1998,66.7,4,10010,,999.9,,81.3, ,65.3, ,5.1,,0.35,G,9999.9,0,999.9,,999.9,0,74.5,4,14.8,4,2.5,4
67561099999,"NDOLA SIMON MWANSA KAWEPEWE INTERNATIONAL, ZA",-12.9833333,28.65,1270.1,3/5/1998,66,4,10,,999.9,,86.7, ,64.6, ,5.1,,0.2,G,9999.9,0,999.9,,999.9,0,78.2,4,13.2,4,2.5,4
67561099999,"NDOLA SIMON MWANSA KAWEPEWE INTERNATIONAL, ZA",-12.9833333,28.65,1270.1,2/26/1999,63.8,4,110010,,999.9,,81.3, ,62.6, ,6,,99.99, ,9999.9,0,999.9,,999.9,0,73.3,4,12.4,4,4.3,4
67561099999,"NDOLA SIMON MWANSA KAWEPEWE INTERNATIONAL, ZA",-12.9833333,28.65,1270.1,3/2/1999,65.7,5,100010,,999.9,,81, ,63.3, ,4.1,,0,I,9999.9,0,999.9,,999.9,0,71.1,5,8.3,5,1.6,5
67561099999,"NDOLA SIMON MWANSA KAWEPEWE INTERNATIONAL, ZA",-12.9833333,28.65,1270.1,3/8/1999,66.2,4,10010,,999.9,,80.6, ,65.7, ,6,,99.99, ,9999.9,0,999.9,,999.9,0,71.1,4,12.1,4,4,4
67561099999,"NDOLA SIMON MWANSA KAWEPEWE INTERNATIONAL, ZA",-12.9833333,28.65,1270.1,3/11/1999,60.2,4,0,,999.9,,80.8, ,57, ,4.1,,0,I,9999.9,0,999.9,,999.9,0,69.5,4,16.3,4,2,4
67561099999,"NDOLA SIMON MWANSA KAWEPEWE INTERNATIONAL, ZA",-12.9833333,28.65,1270.1,3/16/1999,63.8,4,10000,,999.9,,78.3,*,64, ,4.1,,99.99, ,9999.9,0,999.9,,999.9,0,71.1,4,12.4,4,2.2,4
67561099999,"NDOLA SIMON MWANSA KAWEPEWE INTERNATIONAL, ZA",-12.9833333,28.65,1270.1,3/23/1999,65.3,4,10000,,999.9,,79.7,*,62.4, ,7,,99.99, ,9999.9,0,999.9,,999.9,0,75.1,4,17.1,4,2.8,4
67561099999,"NDOLA SIMON MWANSA KAWEPEWE INTERNATIONAL, ZA",-12.9833333,28.65,1270.1,3/25/1999,63.6,5,10,,999.9,,84.4, ,63.7, ,8.9,,0,I,9999.9,0,999.9,,999.9,0,74.8,5,17.4,5,5.6,5
67561099999,"NDOLA SIMON MWANSA KAWEPEWE INTERNATIONAL, ZA",-12.9833333,28.65,1270.1,3/30/1999,64.2,4,10000,,999.9,,77.2, ,64, ,15,,99.99, ,9999.9,0,999.9,,999.9,0,71.8,4,10.3,4,10,4
67561099999,"NDOLA SIMON MWANSA KAWEPEWE INTERNATIONAL, ZA",-12.9833333,28.65,1270.1,3/31/1999,60.2,4,0,,999.9,,79.3, ,63.5, ,15,,0,I,9999.9,0,999.9,,999.9,0,71,4,12.6,4,10,4
67561099999,"NDOLA SIMON MWANSA KAWEPEWE INTERNATIONAL, ZA",-12.9833333,28.65,1270.1,4/3/1999,62.7,4,0,,999.9,,81.3,*,57.7, ,9.9,,0,I,9999.9,0,999.9,,999.9,0,76.2,4,18.6,4,7,4
67561099999,"NDOLA SIMON MWANSA KAWEPEWE INTERNATIONAL, ZA",-12.9833333,28.65,1270.1,4/5/1999,60.7,4,10000,,999.9,,82, ,60.8, ,9.9,,99.99, ,9999.9,0,999.9,,999.9,0,71.8,4,18.6,4,7.5,4
67561099999,"NDOLA SIMON MWANSA KAWEPEWE INTERNATIONAL, ZA",-12.9833333,28.65,1270.1,4/7/1999,59.2,4,0,,999.9,,76.3,*,53.2, ,8,,0,I,9999.9,0,999.9,,999.9,0,66.1,4,11,4,4,4
67561099999,"NDOLA SIMON MWANSA KAWEPEWE INTERNATIONAL, ZA",-12.9833333,28.65,1270.1,4/18/1999,59.2,4,0,,999.9,,86, ,57.9, ,6,,0,I,9999.9,0,999.9,,999.9,0,73,4,16.3,4,2.2,4
67561099999,"NDOLA SIMON MWANSA KAWEPEWE INTERNATIONAL, ZA",-12.9833333,28.65,1270.1,4/30/1999,54.9,5,0,,999.9,,77.9, ,52.5, ,12,,0,I,9999.9,0,999.9,,999.9,0,69.8,5,16.3,5,6.4,5
67561099999,"NDOLA SIMON MWANSA KAWEPEWE INTERNATIONAL, ZA",-12.9833333,28.65,1270.1,5/1/1999,56.5,4,0,,999.9,,79.7,*,52.9, ,8.9,,0,I,9999.9,0,999.9,,999.9,0,72.4,4,17.1,4,2.2,4
67561099999,"NDOLA SIMON MWANSA KAWEPEWE INTERNATIONAL, ZA",-12.9833333,28.65,1270.1,5/10/1999,56,4,0,,999.9,,81.3,*,50.7, ,8,,0,I,9999.9,0,999.9,,999.9,0,65.8,4,14,4,2.7,4
67561099999,"NDOLA SIMON MWANSA KAWEPEWE INTERNATIONAL, ZA",-12.9833333,28.65,1270.1,5/19/1999,50.1,4,0,,999.9,,79.9,*,47.3, ,8,,0,I,9999.9,0,999.9,,999.9,0,60.9,4,12.1,4,2,4
67561099999,"NDOLA SIMON MWANSA KAWEPEWE INTERNATIONAL, ZA",-12.9833333,28.65,1270.1,5/20/1999,52.1,6,0,,999.9,,81.7, ,49.8, ,6,,0,I,9999.9,0,999.9,,999.9,0,73.6,6,10.1,6,4.2,6
67561099999,"NDOLA SIMON MWANSA KAWEPEWE INTERNATIONAL, ZA",-12.9833333,28.65,1270.1,5/27/1999,46.9,4,0,,999.9,,81.5,*,46.6, ,6,,0,I,9999.9,0,999.9,,999.9,0,73,4,17.1,4,3.3,4
67561099999,"NDOLA SIMON MWANSA KAWEPEWE INTERNATIONAL, ZA",-12.9833333,28.65,1270.1,5/31/1999,48.7,4,0,,999.9,,79, ,47.3, ,999.9,,0,I,9999.9,0,999.9,,999.9,0,51.6,4,18.6,4,0,4
67561099999,"NDOLA SIMON MWANSA KAWEPEWE INTERNATIONAL, ZA",-12.9833333,28.65,1270.1,6/4/1999,52.9,4,0,,999.9,,75.9,*,71.6,*,12,,0,I,9999.9,0,999.9,,999.9,0,74,4,12.6,4,8.5,4
67561099999,"NDOLA SIMON MWANSA KAWEPEWE INTERNATIONAL, ZA",-12.9833333,28.65,1270.1,10/11/1999,50,4,0,,999.9,,87.1, ,57.9, ,5.1,,0,A,9999.9,0,999.9,,999.9,0,75.5,4,9.3,4,2.3,4
67561099999,"NDOLA SIMON MWANSA KAWEPEWE INTERNATIONAL, ZA",-12.9833333,28.65,1270.1,12/25/1999,62.6,4,10010,,999.9,,87.8, ,63, ,9.9,,0.28,G,9999.9,0,999.9,,999.9,0,75.4,4,17.1,4,6.5,4
67561099999,"NDOLA SIMON MWANSA KAWEPEWE INTERNATIONAL, ZA",-12.9833333,28.65,1270.1,1/13/2000,64.3,6,10,,999.9,,83.1, ,64.6, ,7,,0,A,9999.9,0,999.9,,999.9,0,73.1,6,9.9,6,2.2,6
67561099999,"NDOLA SIMON MWANSA KAWEPEWE INTERNATIONAL, ZA",-12.9833333,28.65,1270.1,1/30/2000,64.3,9,10010,,999.9,,86, ,64.6, ,15.9,,0,G,9999.9,0,999.9,,999.9,0,75.8,9,10.1,9,5.1,9
67561099999,"NDOLA SIMON MWANSA KAWEPEWE INTERNATIONAL, ZA",-12.9833333,28.65,1270.1,3/10/2000,61.8,7,0,,999.9,,80.6,*,69.8,*,5.1,,0,I,9999.9,0,999.9,,999.9,0,76.6,7,10,7,1.4,7
67561099999,"NDOLA SIMON MWANSA KAWEPEWE INTERNATIONAL, ZA",-12.9833333,28.65,1270.1,3/16/2000,62.3,4,0,,999.9,,83.5, ,64.9, ,5.1,,0,I,9999.9,0,999.9,,999.9,0,76.6,4,15,4,2,4
67561099999,"NDOLA SIMON MWANSA KAWEPEWE INTERNATIONAL, ZA",-12.9833333,28.65,1270.1,4/2/2000,60.8,5,0,,999.9,,85.1, ,61.9, ,9.9,,0,I,9999.9,0,999.9,,999.9,0,78.5,5,11.5,5,8.2,5
67561099999,"NDOLA SIMON MWANSA KAWEPEWE INTERNATIONAL, ZA",-12.9833333,28.65,1270.1,4/8/2000,62.2,5,0,,999.9,,80.6,*,68,*,8.9,,0,I,9999.9,0,999.9,,999.9,0,75.6,5,6.8,5,4.2,5
67561099999,"NDOLA SIMON MWANSA KAWEPEWE INTERNATIONAL, ZA",-12.9833333,28.65,1270.1,4/9/2000,56.5,8,0,,999.9,,84.2,*,51.8,*,5.1,,0,I,9999.9,0,999.9,,999.9,0,75.5,8,11.2,8,3.3,8
67561099999,"NDOLA SIMON MWANSA KAWEPEWE INTERNATIONAL, ZA",-12.9833333,28.65,1270.1,4/15/2000,61.4,5,100000,,999.9,,86.4, ,62.6,*,7,,0,I,9999.9,0,999.9,,999.9,0,74.4,5,10.7,5,3,5
67561099999,"NDOLA SIMON MWANSA KAWEPEWE INTERNATIONAL, ZA",-12.9833333,28.65,1270.1,4/16/2000,61.4,4,10000,,999.9,,84,*,69.1,*,9.9,,99.99, ,9999.9,0,999.9,,999.9,0,75.7,4,12.6,4,6.5,4
67561099999,"NDOLA SIMON MWANSA KAWEPEWE INTERNATIONAL, ZA",-12.9833333,28.65,1270.1,4/26/2000,56,6,0,,999.9,,86,*,54, ,12,,0,I,9999.9,0,999.9,,999.9,0,77.3,6,10.5,6,6.3,6
67561099999,"NDOLA SIMON MWANSA KAWEPEWE INTERNATIONAL, ZA",-12.9833333,28.65,1270.1,5/3/2000,57.6,9,0,,999.9,,86,*,55, ,8,,0,I,9999.9,0,999.9,,999.9,0,76.5,9,10.4,9,4.6,9
67561099999,"NDOLA SIMON MWANSA KAWEPEWE INTERNATIONAL, ZA",-12.9833333,28.65,1270.1,5/5/2000,58.1,5,0,,999.9,,86.7, ,55.8, ,6,,0,I,9999.9,0,999.9,,999.9,0,70.1,5,11.3,5,2.8,5
67561099999,"NDOLA SIMON MWANSA KAWEPEWE INTERNATIONAL, ZA",-12.9833333,28.65,1270.1,5/11/2000,54.7,4,0,,999.9,,80.8, ,54.5, ,8,,0,I,9999.9,0,999.9,,999.9,0,68.9,4,12.6,4,4.8,4
67561099999,"NDOLA SIMON MWANSA KAWEPEWE INTERNATIONAL, ZA",-12.9833333,28.65,1270.1,5/16/2000,52.3,4,0,,999.9,,83.8, ,50.5, ,8,,0,I,9999.9,0,999.9,,999.9,0,75.8,4,12.4,4,3.7,4
67561099999,"NDOLA SIMON MWANSA KAWEPEWE INTERNATIONAL, ZA",-12.9833333,28.65,1270.1,5/17/2000,48.5,4,0,,999.9,,84.2, ,53.4, ,9.9,,0,I,9999.9,0,999.9,,999.9,0,75.9,4,15.5,4,6.2,4
67561099999,"NDOLA SIMON MWANSA KAWEPEWE INTERNATIONAL, ZA",-12.9833333,28.65,1270.1,5/25/2000,51.8,4,0,,999.9,,84.7, ,50, ,999.9,,0,I,9999.9,0,999.9,,999.9,0,68.7,4,12.1,4,999.9,0
67561099999,"NDOLA SIMON MWANSA KAWEPEWE INTERNATIONAL, ZA",-12.9833333,28.65,1270.1,6/12/2000,45.7,4,0,,999.9,,80.6, ,50.7, ,7,,0,I,9999.9,0,999.9,,999.9,0,69.5,4,14.7,4,4.3,4
67561099999,"NDOLA SIMON MWANSA KAWEPEWE INTERNATIONAL, ZA",-12.9833333,28.65,1270.1,6/18/2000,48.6,4,0,,999.9,,81.3, ,48.6, ,7,,0,I,9999.9,0,999.9,,999.9,0,66.5,4,14,4,3,4
67561099999,"NDOLA SIMON MWANSA KAWEPEWE INTERNATIONAL, ZA",-12.9833333,28.65,1270.1,6/21/2000,51.5,4,0,,999.9,,81.3, ,69.8,*,22.9,,0,I,9999.9,0,999.9,,999.9,0,75,4,15.5,4,12,4
67561099999,"NDOLA SIMON MWANSA KAWEPEWE INTERNATIONAL, ZA",-12.9833333,28.65,1270.1,6/26/2000,46.3,4,0,,999.9,,77.9, ,48.6, ,11.1,,0,I,9999.9,0,999.9,,999.9,0,62.9,4,13.2,4,7.7,4
67561099999,"NDOLA SIMON MWANSA KAWEPEWE INTERNATIONAL, ZA",-12.9833333,28.65,1270.1,7/5/2000,43.3,10,0,,999.9,,73.4,*,46.4, ,15.9,,0,I,9999.9,0,999.9,,999.9,0,65.2,10,10.2,10,8.8,10
67561099999,"NDOLA SIMON MWANSA KAWEPEWE INTERNATIONAL, ZA",-12.9833333,28.65,1270.1,7/14/2000,47.4,10,0,,999.9,,79.9,*,50,*,5.1,,0,I,9999.9,0,999.9,,999.9,0,70.3,10,7.5,10,1.4,10
67561099999,"NDOLA SIMON MWANSA KAWEPEWE INTERNATIONAL, ZA",-12.9833333,28.65,1270.1,7/16/2000,44,6,0,,999.9,,82.2, ,49.8, ,16.9,,0,I,9999.9,0,999.9,,999.9,0,70.4,6,6,6,10.1,6
67561099999,"NDOLA SIMON MWANSA KAWEPEWE INTERNATIONAL, ZA",-12.9833333,28.65,1270.1,7/17/2000,43.4,5,0,,999.9,,83.1, ,51.8, ,19,,0,I,9999.9,0,999.9,,999.9,0,72.8,5,5.9,5,10,5
67561099999,"NDOLA SIMON MWANSA KAWEPEWE INTERNATIONAL, ZA",-12.9833333,28.65,1270.1,7/24/2000,43.9,6,0,,999.9,,75.6, ,53.1, ,13,,0,I,9999.9,0,999.9,,999.9,0,68,6,10.6,6,8.5,6
67561099999,"NDOLA SIMON MWANSA KAWEPEWE INTERNATIONAL, ZA",-12.9833333,28.65,1270.1,7/26/2000,42.1,4,0,,999.9,,76.5, ,47.3, ,18.1,,0,I,9999.9,0,999.9,,999.9,0,63.4,4,13.2,4,12,4
67561099999,"NDOLA SIMON MWANSA KAWEPEWE INTERNATIONAL, ZA",-12.9833333,28.65,1270.1,7/27/2000,43.2,6,0,,999.9,,72.5,*,55.4,*,13,,0,I,9999.9,0,999.9,,999.9,0,67.4,6,12.4,6,8.5,6
67561099999,"NDOLA SIMON MWANSA KAWEPEWE INTERNATIONAL, ZA",-12.9833333,28.65,1270.1,7/31/2000,48.1,4,0,,999.9,,82.4,*,48.4, ,4.1,,0,I,9999.9,0,999.9,,999.9,0,64,4,10.9,4,1,4
67561099999,"NDOLA SIMON MWANSA KAWEPEWE INTERNATIONAL, ZA",-12.9833333,28.65,1270.1,8/1/2000,52.9,4,0,,999.9,,83.5, ,53.4, ,8,,0,I,9999.9,0,999.9,,999.9,0,71.4,4,10.5,4,4.2,4
67561099999,"NDOLA SIMON MWANSA KAWEPEWE INTERNATIONAL, ZA",-12.9833333,28.65,1270.1,8/3/2000,49.4,4,0,,999.9,,80.6, ,48.7, ,7,,0,I,9999.9,0,999.9,,999.9,0,72.9,4,8.2,4,4.5,4
67561099999,"NDOLA SIMON MWANSA KAWEPEWE INTERNATIONAL, ZA",-12.9833333,28.65,1270.1,8/4/2000,54.9,4,0,,999.9,,81.3, ,51.8, ,4.1,,0,I,9999.9,0,999.9,,999.9,0,67.5,4,14,4,2,4
67561099999,"NDOLA SIMON MWANSA KAWEPEWE INTERNATIONAL, ZA",-12.9833333,28.65,1270.1,8/5/2000,49.3,9,0,,999.9,,81.3, ,57.7,*,13,,0,I,9999.9,0,999.9,,999.9,0,71.2,9,8.7,9,8.1,9
67561099999,"NDOLA SIMON MWANSA KAWEPEWE INTERNATIONAL, ZA",-12.9833333,28.65,1270.1,8/8/2000,44.5,4,0,,999.9,,77.9, ,48.2, ,8.9,,0,I,9999.9,0,999.9,,999.9,0,66.7,4,10.9,4,6.9,4
67561099999,"NDOLA SIMON MWANSA KAWEPEWE INTERNATIONAL, ZA",-12.9833333,28.65,1270.1,8/15/2000,41.9,4,0,,999.9,,76.6, ,51.8, ,18.1,,0,I,9999.9,0,999.9,,999.9,0,61.6,4,15.5,4,12.8,4
67561099999,"NDOLA SIMON MWANSA KAWEPEWE INTERNATIONAL, ZA",-12.9833333,28.65,1270.1,8/16/2000,43.8,5,0,,999.9,,74.8, ,44.2, ,18.1,,0,I,9999.9,0,999.9,,999.9,0,61.5,5,11.1,5,6,5
67561099999,"NDOLA SIMON MWANSA KAWEPEWE INTERNATIONAL, ZA",-12.9833333,28.65,1270.1,8/25/2000,46.6,4,0,,999.9,,84.4, ,52.7, ,12,,0,I,9999.9,0,999.9,,999.9,0,68,4,5.7,4,5,4
67561099999,"NDOLA SIMON MWANSA KAWEPEWE INTERNATIONAL, ZA",-12.9833333,28.65,1270.1,8/28/2000,42.1,5,0,,999.9,,81.7, ,56.1, ,12,,0,I,9999.9,0,999.9,,999.9,0,70.9,5,12.4,5,7.6,5
67561099999,"NDOLA SIMON MWANSA KAWEPEWE INTERNATIONAL, ZA",-12.9833333,28.65,1270.1,8/29/2000,42.9,4,0,,999.9,,80.6, ,53.4, ,12,,0,I,9999.9,0,999.9,,999.9,0,70.5,4,10.8,4,7.5,4
67561099999,"NDOLA SIMON MWANSA KAWEPEWE INTERNATIONAL, ZA",-12.9833333,28.65,1270.1,8/30/2000,44.9,8,0,,999.9,,86,*,54.7, ,6,,0,I,9999.9,0,999.9,,999.9,0,76.3,8,7.6,8,2.2,8
67561099999,"NDOLA SIMON MWANSA KAWEPEWE INTERNATIONAL, ZA",-12.9833333,28.65,1270.1,9/3/2000,42.2,4,0,,999.9,,90.1, ,52.9, ,6,,0,I,9999.9,0,999.9,,999.9,0,78.6,4,7.9,4,4.8,4
67561099999,"NDOLA SIMON MWANSA KAWEPEWE INTERNATIONAL, ZA",-12.9833333,28.65,1270.1,9/7/2000,49.9,5,0,,999.9,,88, ,61.7, ,9.9,,0,I,9999.9,0,999.9,,999.9,0,82.7,5,5.7,5,6,5
67561099999,"NDOLA SIMON MWANSA KAWEPEWE INTERNATIONAL, ZA",-12.9833333,28.65,1270.1,9/8/2000,49.1,5,0,,999.9,,92.1, ,62.2, ,8,,0,I,9999.9,0,999.9,,999.9,0,79.8,5,6.6,5,4.8,5
67561099999,"NDOLA SIMON MWANSA KAWEPEWE INTERNATIONAL, ZA",-12.9833333,28.65,1270.1,9/11/2000,41.9,5,0,,999.9,,93.4, ,75.4,*,18.1,,0,I,9999.9,0,999.9,,999.9,0,82.1,5,6.6,5,11.8,5
67561099999,"NDOLA SIMON MWANSA KAWEPEWE INTERNATIONAL, ZA",-12.9833333,28.65,1270.1,9/12/2000,49.5,5,0,,999.9,,88.5, ,54.3, ,15.9,,0,I,9999.9,0,999.9,,999.9,0,73.6,5,4.7,5,10,5
67561099999,"NDOLA SIMON MWANSA KAWEPEWE INTERNATIONAL, ZA",-12.9833333,28.65,1270.1,9/15/2000,49.9,5,0,,999.9,,90.7, ,60.8, ,15,,0,I,9999.9,0,999.9,,999.9,0,81.6,5,8.4,5,11.8,5
67561099999,"NDOLA SIMON MWANSA KAWEPEWE INTERNATIONAL, ZA",-12.9833333,28.65,1270.1,9/16/2000,52.9,4,0,,999.9,,85.3,*,75.2,*,7,,0,I,9999.9,0,999.9,,999.9,0,81.2,4,5.4,4,5,4
67561099999,"NDOLA SIMON MWANSA KAWEPEWE INTERNATIONAL, ZA",-12.9833333,28.65,1270.1,9/20/2000,50.1,5,0,,999.9,,87.6, ,64.4,*,12,,0,I,9999.9,0,999.9,,999.9,0,77,5,6,5,8,5
67561099999,"NDOLA SIMON MWANSA KAWEPEWE INTERNATIONAL, ZA",-12.9833333,28.65,1270.1,9/21/2000,47.8,9,0,,999.9,,87.6, ,60.8,*,15,,0,I,9999.9,0,999.9,,999.9,0,75.8,9,8.3,9,8.9,8
67561099999,"NDOLA SIMON MWANSA KAWEPEWE INTERNATIONAL, ZA",-12.9833333,28.65,1270.1,9/26/2000,43.7,11,0,,999.9,,90.5, ,61, ,11.1,,0,I,9999.9,0,999.9,,999.9,0,82.4,11,8.4,11,6.6,11
67561099999,"NDOLA SIMON MWANSA KAWEPEWE INTERNATIONAL, ZA",-12.9833333,28.65,1270.1,9/27/2000,42.5,5,0,,999.9,,90.5, ,61, ,18.1,,0,I,9999.9,0,999.9,,999.9,0,82.9,5,10.9,5,11.2,5
67561099999,"NDOLA SIMON MWANSA KAWEPEWE INTERNATIONAL, ZA",-12.9833333,28.65,1270.1,9/28/2000,47.6,4,0,,999.9,,91.4, ,63.5, ,15,,0,I,9999.9,0,999.9,,999.9,0,81.7,4,5.7,4,12.7,4
67561099999,"NDOLA SIMON MWANSA KAWEPEWE INTERNATIONAL, ZA",-12.9833333,28.65,1270.1,9/29/2000,43.4,4,0,,999.9,,88.7, ,55.9, ,999.9,,0,I,9999.9,0,999.9,,999.9,0,82.3,4,9,4,999.9,0
67561099999,"NDOLA SIMON MWANSA KAWEPEWE INTERNATIONAL, ZA",-12.9833333,28.65,1270.1,9/30/2000,43.1,4,0,,999.9,,89.6, ,57.9, ,6,,0,I,9999.9,0,999.9,,999.9,0,81.7,4,10.3,4,3.8,4
67561099999,"NDOLA SIMON MWANSA KAWEPEWE INTERNATIONAL, ZA",-12.9833333,28.65,1270.1,10/4/2000,55.1,7,0,,999.9,,91, ,62.8, ,15,,0,I,9999.9,0,999.9,,999.9,0,79.3,7,9.7,7,7.5,7
67561099999,"NDOLA SIMON MWANSA KAWEPEWE INTERNATIONAL, ZA",-12.9833333,28.65,1270.1,10/5/2000,55.2,5,0,,999.9,,90.5, ,62.2, ,12,,0,I,9999.9,0,999.9,,999.9,0,82.1,5,9.2,5,6.4,5
67561099999,"NDOLA SIMON MWANSA KAWEPEWE INTERNATIONAL, ZA",-12.9833333,28.65,1270.1,10/7/2000,50.5,4,0,,999.9,,93.2, ,63.9, ,15.9,,0,I,9999.9,0,999.9,,999.9,0,74.5,4,7.7,4,11,4
67561099999,"NDOLA SIMON MWANSA KAWEPEWE INTERNATIONAL, ZA",-12.9833333,28.65,1270.1,10/18/2000,42.8,4,0,,999.9,,93.2, ,61.5, ,9.9,,0,I,9999.9,0,999.9,,999.9,0,84.3,4,7,4,7.2,4
67561099999,"NDOLA SIMON MWANSA KAWEPEWE INTERNATIONAL, ZA",-12.9833333,28.65,1270.1,10/20/2000,44.4,4,0,,999.9,,93.2, ,59.2, ,8,,0,I,9999.9,0,999.9,,999.9,0,83.8,4,4.7,4,5,4
67561099999,"NDOLA SIMON MWANSA KAWEPEWE INTERNATIONAL, ZA",-12.9833333,28.65,1270.1,10/23/2000,48.7,4,0,,999.9,,89.8,*,61.7, ,14,,0,I,9999.9,0,999.9,,999.9,0,82.2,4,8.5,4,7.2,4
67561099999,"NDOLA SIMON MWANSA KAWEPEWE INTERNATIONAL, ZA",-12.9833333,28.65,1270.1,10/27/2000,51.6,4,0,,999.9,,93.2,*,84.2,*,13,,0,I,9999.9,0,999.9,,999.9,0,89.3,4,7,4,8.3,4
67561099999,"NDOLA SIMON MWANSA KAWEPEWE INTERNATIONAL, ZA",-12.9833333,28.65,1270.1,10/28/2000,56.1,5,10,,999.9,,95.5, ,67.8, ,15,,0,I,9999.9,0,999.9,,999.9,0,82.5,5,7.8,5,10.2,5
67561099999,"NDOLA SIMON MWANSA KAWEPEWE INTERNATIONAL, ZA",-12.9833333,28.65,1270.1,10/30/2000,61.2,4,10,,999.9,,83.3, ,67.8, ,5.1,,0,I,9999.9,0,999.9,,999.9,0,69.5,4,6.6,4,2.5,4
67561099999,"NDOLA SIMON MWANSA KAWEPEWE INTERNATIONAL, ZA",-12.9833333,28.65,1270.1,11/1/2000,60.4,5,0,,999.9,,89.8, ,62.8, ,8.9,,0.12,G,9999.9,0,999.9,,999.9,0,78.2,6,11,6,4.3,6
67561099999,"NDOLA SIMON MWANSA KAWEPEWE INTERNATIONAL, ZA",-12.9833333,28.65,1270.1,11/4/2000,61.2,4,10,,999.9,,91, ,62.4, ,4.1,,0.35,G,9999.9,0,999.9,,999.9,0,70.7,4,15,4,3.8,4
67561099999,"NDOLA SIMON MWANSA KAWEPEWE INTERNATIONAL, ZA",-12.9833333,28.65,1270.1,11/5/2000,61.2,5,10,,999.9,,87.1, ,59.7, ,8.9,,0,G,9999.9,0,999.9,,999.9,0,73.7,5,13.2,5,3.8,5
67561099999,"NDOLA SIMON MWANSA KAWEPEWE INTERNATIONAL, ZA",-12.9833333,28.65,1270.1,11/6/2000,58,4,0,,999.9,,87.8,*,60.8, ,9.9,,0,I,9999.9,0,999.9,,999.9,0,82.7,4,9.5,4,6,4
67561099999,"NDOLA SIMON MWANSA KAWEPEWE INTERNATIONAL, ZA",-12.9833333,28.65,1270.1,11/17/2000,63.1,4,10010,,999.9,,86.5, ,65.5, ,8.9,,99.99, ,9999.9,0,999.9,,999.9,0,71.8,4,14.8,4,5.2,4
67561099999,"NDOLA SIMON MWANSA KAWEPEWE INTERNATIONAL, ZA",-12.9833333,28.65,1270.1,11/22/2000,62.5,6,0,,999.9,,86,*,62.2, ,8,,0,I,9999.9,0,999.9,,999.9,0,76.4,6,8.3,6,2.8,6
67561099999,"NDOLA SIMON MWANSA KAWEPEWE INTERNATIONAL, ZA",-12.9833333,28.65,1270.1,11/25/2000,62.3,5,0,,999.9,,87.3, ,66.4, ,8.9,,0,I,9999.9,0,999.9,,999.9,0,81.7,5,10.3,5,4.8,5
67561099999,"NDOLA SIMON MWANSA KAWEPEWE INTERNATIONAL, ZA",-12.9833333,28.65,1270.1,12/1/2000,63.9,4,110010,,999.9,,83.5, ,64, ,15,,0.16,G,9999.9,0,999.9,,999.9,0,75.6,4,10.7,4,5,4
67561099999,"NDOLA SIMON MWANSA KAWEPEWE INTERNATIONAL, ZA",-12.9833333,28.65,1270.1,12/4/2000,64.8,5,10010,,999.9,,84, ,62.8, ,5.1,,99.99, ,9999.9,0,999.9,,999.9,0,75.7,5,13.8,5,3.6,5
67561099999,"NDOLA SIMON MWANSA KAWEPEWE INTERNATIONAL, ZA",-12.9833333,28.65,1270.1,12/6/2000,65.7,4,10000,,999.9,,82, ,66.9, ,4.1,,0.79,G,9999.9,0,999.9,,999.9,0,70.9,4,15,4,3.8,4
67561099999,"NDOLA SIMON MWANSA KAWEPEWE INTERNATIONAL, ZA",-12.9833333,28.65,1270.1,12/15/2000,66.3,4,10010,,999.9,,79, ,64.4, ,8.9,,0.63,G,9999.9,0,999.9,,999.9,0,71.2,4,12.4,4,5,4
67561099999,"NDOLA SIMON MWANSA KAWEPEWE INTERNATIONAL, ZA",-12.9833333,28.65,1270.1,12/16/2000,64.8,6,10010,,999.9,,79, ,62.6,*,8,,2.09,G,9999.9,0,999.9,,999.9,0,70.3,6,9.7,6,6,6
67561099999,"NDOLA SIMON MWANSA KAWEPEWE INTERNATIONAL, ZA",-12.9833333,28.65,1270.1,12/17/2000,65.3,4,0,,999.9,,81.1,*,65.1, ,11.1,,0.12,G,9999.9,0,999.9,,999.9,0,77.5,4,15.7,4,8.3,4
67561099999,"NDOLA SIMON MWANSA KAWEPEWE INTERNATIONAL, ZA",-12.9833333,28.65,1270.1,12/18/2000,64.8,4,100000,,999.9,,84.7,*,63.7, ,8,,0.12,G,9999.9,0,999.9,,999.9,0,75.5,4,13.8,4,4,4
67561099999,"NDOLA SIMON MWANSA KAWEPEWE INTERNATIONAL, ZA",-12.9833333,28.65,1270.1,12/19/2000,64.1,4,0,,999.9,,86.4, ,65.1, ,8,,0.03,G,9999.9,0,999.9,,999.9,0,80.5,4,18.6,4,6,4
67561099999,"NDOLA SIMON MWANSA KAWEPEWE INTERNATIONAL, ZA",-12.9833333,28.65,1270.1,12/20/2000,64.1,5,10,,999.9,,86.4, ,61.5, ,7,,0.94,G,9999.9,0,999.9,,999.9,0,74.4,5,13.8,5,2.4,5
67561099999,"NDOLA SIMON MWANSA KAWEPEWE INTERNATIONAL, ZA",-12.9833333,28.65,1270.1,12/21/2000,63.9,4,10,,999.9,,78.6,*,69.8,*,13,,0,G,9999.9,0,999.9,,999.9,0,75.8,4,8.9,4,6.3,4
67561099999,"NDOLA SIMON MWANSA KAWEPEWE INTERNATIONAL, ZA",-12.9833333,28.65,1270.1,12/23/2000,65.1,4,10010,,999.9,,82.6, ,63.3, ,8,,2.2,G,9999.9,0,999.9,,999.9,0,70,4,13.2,4,4.2,4
67561099999,"NDOLA SIMON MWANSA KAWEPEWE INTERNATIONAL, ZA",-12.9833333,28.65,1270.1,12/24/2000,65.3,4,10010,,999.9,,76.8, ,64, ,9.9,,0.28,G,9999.9,0,999.9,,999.9,0,70.3,4,9.3,4,5,4
67561099999,"NDOLA SIMON MWANSA KAWEPEWE INTERNATIONAL, ZA",-12.9833333,28.65,1270.1,12/27/2000,65.4,4,110010,,999.9,,80.8, ,65.1, ,6,,0.04,G,9999.9,0,999.9,,999.9,0,68.9,4,8.3,4,3.5,4
67561099999,"NDOLA SIMON MWANSA KAWEPEWE INTERNATIONAL, ZA",-12.9833333,28.65,1270.1,12/29/2000,64.2,4,10000,,999.9,,81,*,66.2,*,7,,99.99, ,9999.9,0,999.9,,999.9,0,73.4,4,11.3,4,3.7,4
67561099999,"NDOLA SIMON MWANSA KAWEPEWE INTERNATIONAL, ZA",-12.9833333,28.65,1270.1,12/30/2000,65.7,6,110010,,999.9,,82.6, ,65.7, ,9.9,,0.08,G,9999.9,0,999.9,,999.9,0,70.4,6,5,6,5.6,6
67561099999,"NDOLA SIMON MWANSA KAWEPEWE INTERNATIONAL, ZA",-12.9833333,28.65,1270.1,1/29/2001,66.3,5,110010,,999.9,,82.8, ,64.6, ,2.9,,0.24,G,9999.9,0,999.9,,999.9,0,70.4,5,5.7,5,1.2,5
67561099999,"NDOLA SIMON MWANSA KAWEPEWE INTERNATIONAL, ZA",-12.9833333,28.65,1270.1,2/18/2001,64.8,4,100010,,999.9,,73.8,*,63, ,8,,0.83,G,9999.9,0,999.9,,999.9,0,72.1,4,12,4,4,4
67561099999,"NDOLA SIMON MWANSA KAWEPEWE INTERNATIONAL, ZA",-12.9833333,28.65,1270.1,3/6/2001,63.7,5,0,,999.9,,82.4,*,63.3, ,4.1,,0.02,G,9999.9,0,999.9,,999.9,0,76.1,5,10.7,5,2.8,5
67561099999,"NDOLA SIMON MWANSA KAWEPEWE INTERNATIONAL, ZA",-12.9833333,28.65,1270.1,3/15/2001,63.6,4,0,,999.9,,79,*,60.1, ,9.9,,0.03,G,9999.9,0,999.9,,999.9,0,72.8,4,15.7,4,4.5,4
67561099999,"NDOLA SIMON MWANSA KAWEPEWE INTERNATIONAL, ZA",-12.9833333,28.65,1270.1,3/22/2001,65.1,5,110010,,999.9,,81.7, ,63.7, ,5.1,,0.03,G,9999.9,0,999.9,,999.9,0,71.1,5,10.6,5,1.4,5
67561099999,"NDOLA SIMON MWANSA KAWEPEWE INTERNATIONAL, ZA",-12.9833333,28.65,1270.1,4/21/2001,56.7,4,100000,,999.9,,84.4, ,63, ,4.1,,0,I,9999.9,0,999.9,,999.9,0,76.7,4,16.3,4,2.5,4
67561099999,"NDOLA SIMON MWANSA KAWEPEWE INTERNATIONAL, ZA",-12.9833333,28.65,1270.1,4/27/2001,60.5,4,0,,999.9,,86.4, ,62.6,*,6,,0,I,9999.9,0,999.9,,999.9,0,75.1,4,15.5,4,3,4
67561099999,"NDOLA SIMON MWANSA KAWEPEWE INTERNATIONAL, ZA",-12.9833333,28.65,1270.1,5/3/2001,51.7,4,0,,999.9,,83.3, ,51.6, ,7,,0,I,9999.9,0,999.9,,999.9,0,74.5,4,18.6,4,4.3,4
67561099999,"NDOLA SIMON MWANSA KAWEPEWE INTERNATIONAL, ZA",-12.9833333,28.65,1270.1,5/14/2001,54.5,4,0,,999.9,,78.3, ,51.3, ,9.9,,0,I,9999.9,0,999.9,,999.9,0,70.1,4,18.6,4,6.5,4
67561099999,"NDOLA SIMON MWANSA KAWEPEWE INTERNATIONAL, ZA",-12.9833333,28.65,1270.1,5/19/2001,51.6,4,0,,999.9,,79, ,50.5, ,5.1,,0,I,9999.9,0,999.9,,999.9,0,71.8,4,18.6,4,3.5,4
67561099999,"NDOLA SIMON MWANSA KAWEPEWE INTERNATIONAL, ZA",-12.9833333,28.65,1270.1,8/28/2001,38.4,4,0,,999.9,,89.8, ,50.9, ,11.1,,0,I,9999.9,0,999.9,,999.9,0,79.4,4,4.5,4,7.8,4
67561099999,"NDOLA SIMON MWANSA KAWEPEWE INTERNATIONAL, ZA",-12.9833333,28.65,1270.1,9/3/2001,45.4,4,0,,999.9,,88.5, ,54.5, ,13,,0,I,9999.9,0,999.9,,999.9,0,79.4,4,5.7,4,9.5,4
67561099999,"NDOLA SIMON MWANSA KAWEPEWE INTERNATIONAL, ZA",-12.9833333,28.65,1270.1,10/5/2001,50,4,0,,999.9,,90.3, ,60.3, ,12,,0,I,9999.9,0,999.9,,999.9,0,82.8,4,7.8,4,5.5,4
67561099999,"NDOLA SIMON MWANSA KAWEPEWE INTERNATIONAL, ZA",-12.9833333,28.65,1270.1,10/10/2001,52.1,4,0,,999.9,,85.5, ,59.4, ,11.1,,0,I,9999.9,0,999.9,,999.9,0,73.7,4,9.8,4,6,4
67561099999,"NDOLA SIMON MWANSA KAWEPEWE INTERNATIONAL, ZA",-12.9833333,28.65,1270.1,10/12/2001,48.3,4,0,,999.9,,89.4, ,60.6, ,8.9,,0,I,9999.9,0,999.9,,999.9,0,82.7,4,11.7,4,5.7,4
67561099999,"NDOLA SIMON MWANSA KAWEPEWE INTERNATIONAL, ZA",-12.9833333,28.65,1270.1,10/19/2001,9999.9,0,10,,999.9,,95, ,64.4, ,8,,0,I,9999.9,0,999.9,,999.9,0,81.1,4,8.9,4,5.5,4
67561099999,"NDOLA SIMON MWANSA KAWEPEWE INTERNATIONAL, ZA",-12.9833333,28.65,1270.1,10/28/2001,53.2,4,0,,999.9,,92.8,*,80.6,*,11.1,,0,I,9999.9,0,999.9,,999.9,0,86.8,4,9.3,4,8.5,4
67561099999,"NDOLA SIMON MWANSA KAWEPEWE INTERNATIONAL, ZA",-12.9833333,28.65,1270.1,11/5/2001,57.1,4,0,,999.9,,87.8, ,63.3, ,6,,0,I,9999.9,0,999.9,,999.9,0,85.3,4,15.7,4,3.3,4
67561099999,"NDOLA SIMON MWANSA KAWEPEWE INTERNATIONAL, ZA",-12.9833333,28.65,1270.1,11/7/2001,52.6,5,0,,999.9,,91,*,72.9,*,8.9,,0,I,9999.9,0,999.9,,999.9,0,85.1,5,9.9,5,6.8,5
67561099999,"NDOLA SIMON MWANSA KAWEPEWE INTERNATIONAL, ZA",-12.9833333,28.65,1270.1,11/28/2001,58.6,4,0,,999.9,,88.5,*,67.1, ,9.9,,0,I,9999.9,0,999.9,,999.9,0,79.4,4,18.6,4,6.5,4
67561099999,"NDOLA SIMON MWANSA KAWEPEWE INTERNATIONAL, ZA",-12.9833333,28.65,1270.1,12/1/2001,62.1,4,10,,999.9,,88.9, ,68.4, ,11.1,,0,I,9999.9,0,999.9,,999.9,0,76.7,4,11.8,4,5.5,4
67561099999,"NDOLA SIMON MWANSA KAWEPEWE INTERNATIONAL, ZA",-12.9833333,28.65,1270.1,1/7/2002,66.2,4,0,,999.9,,86.7, ,65.3, ,5.1,,0.63,G,9999.9,0,999.9,,999.9,0,73.9,4,15.7,4,3.3,4
67561099999,"NDOLA SIMON MWANSA KAWEPEWE INTERNATIONAL, ZA",-12.9833333,28.65,1270.1,1/11/2002,67.2,4,10010,,999.9,,86.4, ,64.2, ,5.1,,0.02,G,9999.9,0,999.9,,999.9,0,76.2,4,14.8,4,2.8,4
67561099999,"NDOLA SIMON MWANSA KAWEPEWE INTERNATIONAL, ZA",-12.9833333,28.65,1270.1,1/14/2002,62.9,4,0,,999.9,,81.9, ,61.7, ,5.1,,0.28,G,9999.9,0,999.9,,999.9,0,68.6,4,18.6,4,4.3,4
67561099999,"NDOLA SIMON MWANSA KAWEPEWE INTERNATIONAL, ZA",-12.9833333,28.65,1270.1,1/15/2002,63.7,6,10010,,999.9,,79.2, ,63.3, ,6,,0.12,G,9999.9,0,999.9,,999.9,0,70.4,6,10.1,6,3.9,6
67561099999,"NDOLA SIMON MWANSA KAWEPEWE INTERNATIONAL, ZA",-12.9833333,28.65,1270.1,1/17/2002,64.5,5,0,,999.9,,83.1, ,64, ,5.1,,0.75,G,9999.9,0,999.9,,999.9,0,74.5,5,15.1,5,3.7,5
67561099999,"NDOLA SIMON MWANSA KAWEPEWE INTERNATIONAL, ZA",-12.9833333,28.65,1270.1,1/22/2002,63.9,4,10000,,999.9,,80.2, ,63, ,8.9,,0.43,G,9999.9,0,999.9,,999.9,0,69.3,4,12,4,5,4
67561099999,"NDOLA SIMON MWANSA KAWEPEWE INTERNATIONAL, ZA",-12.9833333,28.65,1270.1,2/1/2002,63,4,10010,,999.9,,83.8, ,63.3, ,20,,0.02,G,9999.9,0,999.9,,999.9,0,67.8,4,12.6,4,5.7,4
67561099999,"NDOLA SIMON MWANSA KAWEPEWE INTERNATIONAL, ZA",-12.9833333,28.65,1270.1,2/2/2002,66.5,4,10010,,999.9,,82.4, ,62.1, ,7,,0.12,G,9999.9,0,999.9,,999.9,0,72.5,4,17.1,4,5.2,4
67561099999,"NDOLA SIMON MWANSA KAWEPEWE INTERNATIONAL, ZA",-12.9833333,28.65,1270.1,2/18/2002,65.6,5,10010,,999.9,,83.8, ,64.4, ,7,,0.12,G,9999.9,0,999.9,,999.9,0,70.9,5,9,5,2.8,5
67561099999,"NDOLA SIMON MWANSA KAWEPEWE INTERNATIONAL, ZA",-12.9833333,28.65,1270.1,2/19/2002,64.9,4,10000,,999.9,,77.2, ,62.4, ,8,,0.28,G,9999.9,0,999.9,,999.9,0,70,4,17.9,4,3.3,4
67561099999,"NDOLA SIMON MWANSA KAWEPEWE INTERNATIONAL, ZA",-12.9833333,28.65,1270.1,2/24/2002,65.8,4,10010,,999.9,,84, ,65.3, ,12,,99.99, ,9999.9,0,999.9,,999.9,0,70,4,12.5,4,4.8,4
67561099999,"NDOLA SIMON MWANSA KAWEPEWE INTERNATIONAL, ZA",-12.9833333,28.65,1270.1,2/27/2002,64.8,4,10,,999.9,,84.2, ,61.5, ,8.9,,0.12,G,9999.9,0,999.9,,999.9,0,76.2,4,17.1,4,3.7,4
67561099999,"NDOLA SIMON MWANSA KAWEPEWE INTERNATIONAL, ZA",-12.9833333,28.65,1270.1,3/1/2002,62.5,6,10,,999.9,,85.3, ,62.4,*,9.9,,0,I,9999.9,0,999.9,,999.9,0,75.7,6,16.7,6,5.2,6
67561099999,"NDOLA SIMON MWANSA KAWEPEWE INTERNATIONAL, ZA",-12.9833333,28.65,1270.1,3/18/2002,63.5,5,10000,,999.9,,84.2, ,63.1, ,6,,0.12,G,9999.9,0,999.9,,999.9,0,71,5,18,5,2.2,5
67561099999,"NDOLA SIMON MWANSA KAWEPEWE INTERNATIONAL, ZA",-12.9833333,28.65,1270.1,3/23/2002,66.6,4,10000,,999.9,,82.8,*,63.5, ,8,,0.12,G,9999.9,0,999.9,,999.9,0,76.1,4,14.9,4,6,4
67561099999,"NDOLA SIMON MWANSA KAWEPEWE INTERNATIONAL, ZA",-12.9833333,28.65,1270.1,3/27/2002,58.8,4,0,,999.9,,83.1, ,58.1, ,5.1,,0,I,9999.9,0,999.9,,999.9,0,77.6,4,15,4,2.3,4
67561099999,"NDOLA SIMON MWANSA KAWEPEWE INTERNATIONAL, ZA",-12.9833333,28.65,1270.1,3/29/2002,60.5,4,0,,999.9,,87.8, ,60.1, ,8,,0,I,9999.9,0,999.9,,999.9,0,78.6,4,14.8,4,3.7,4
67561099999,"NDOLA SIMON MWANSA KAWEPEWE INTERNATIONAL, ZA",-12.9833333,28.65,1270.1,4/3/2002,60.1,4,0,,999.9,,84.2,*,73.4,*,9.9,,0,I,9999.9,0,999.9,,999.9,0,78,4,15.5,4,7.7,4
67561099999,"NDOLA SIMON MWANSA KAWEPEWE INTERNATIONAL, ZA",-12.9833333,28.65,1270.1,4/8/2002,62.8,4,0,,999.9,,84.7, ,61.2, ,15,,0,I,9999.9,0,999.9,,999.9,0,77.8,4,18.6,4,8.7,4
67561099999,"NDOLA SIMON MWANSA KAWEPEWE INTERNATIONAL, ZA",-12.9833333,28.65,1270.1,4/18/2002,59.4,5,0,,999.9,,79.7, ,59.7, ,8,,4.33,G,9999.9,0,999.9,,999.9,0,67.5,5,18.6,5,4.8,5
67561099999,"NDOLA SIMON MWANSA KAWEPEWE INTERNATIONAL, ZA",-12.9833333,28.65,1270.1,4/19/2002,60,4,110000,,999.9,,81.9,*,56.1, ,5.1,,0,G,9999.9,0,999.9,,999.9,0,75.7,4,17.9,4,1.3,4
67561099999,"NDOLA SIMON MWANSA KAWEPEWE INTERNATIONAL, ZA",-12.9833333,28.65,1270.1,4/23/2002,56.8,4,0,,999.9,,85.6, ,54.5, ,5.1,,0,I,9999.9,0,999.9,,999.9,0,69.4,4,13.2,4,2.5,4
67561099999,"NDOLA SIMON MWANSA KAWEPEWE INTERNATIONAL, ZA",-12.9833333,28.65,1270.1,4/25/2002,55.2,4,0,,999.9,,84.7, ,52.2, ,4.1,,0,I,9999.9,0,999.9,,999.9,0,75.7,4,17.9,4,3.2,4
67561099999,"NDOLA SIMON MWANSA KAWEPEWE INTERNATIONAL, ZA",-12.9833333,28.65,1270.1,4/29/2002,47,4,0,,999.9,,82.6, ,50, ,7,,0,I,9999.9,0,999.9,,999.9,0,73.7,4,18.6,4,4,4
67561099999,"NDOLA SIMON MWANSA KAWEPEWE INTERNATIONAL, ZA",-12.9833333,28.65,1270.1,5/27/2002,42.7,5,0,,999.9,,84.9, ,59.2,*,8.9,,0,I,9999.9,0,999.9,,999.9,0,77.4,5,10.5,5,6.2,5
67561099999,"NDOLA SIMON MWANSA KAWEPEWE INTERNATIONAL, ZA",-12.9833333,28.65,1270.1,5/31/2002,55,4,0,,999.9,,85.6, ,54.9, ,8.9,,0,I,9999.9,0,999.9,,999.9,0,75.7,4,999.9,0,4.4,4
67561099999,"NDOLA SIMON MWANSA KAWEPEWE INTERNATIONAL, ZA",-12.9833333,28.65,1270.1,6/9/2002,48.1,4,0,,999.9,,81, ,48, ,5.1,,0,I,9999.9,0,999.9,,999.9,0,72.3,4,17.1,4,2.5,4
67561099999,"NDOLA SIMON MWANSA KAWEPEWE INTERNATIONAL, ZA",-12.9833333,28.65,1270.1,6/14/2002,45.7,6,0,,999.9,,78.8,*,55.6,*,8,,0,I,9999.9,0,999.9,,999.9,0,72.9,6,10.9,6,5.3,6
67561099999,"NDOLA SIMON MWANSA KAWEPEWE INTERNATIONAL, ZA",-12.9833333,28.65,1270.1,6/18/2002,44.2,4,0,,999.9,,76.6, ,47.3, ,9.9,,0,I,9999.9,0,999.9,,999.9,0,67,4,13.2,4,5.5,4
67561099999,"NDOLA SIMON MWANSA KAWEPEWE INTERNATIONAL, ZA",-12.9833333,28.65,1270.1,6/27/2002,43.3,5,0,,999.9,,77.5, ,41, ,5.1,,0,I,9999.9,0,999.9,,999.9,0,70.4,5,8.1,5,2,5
67561099999,"NDOLA SIMON MWANSA KAWEPEWE INTERNATIONAL, ZA",-12.9833333,28.65,1270.1,6/30/2002,46.4,4,0,,999.9,,83.1, ,48.2, ,9.9,,0,I,9999.9,0,999.9,,999.9,0,71.4,4,11,4,4,4
67561099999,"NDOLA SIMON MWANSA KAWEPEWE INTERNATIONAL, ZA",-12.9833333,28.65,1270.1,7/2/2002,46.1,4,0,,999.9,,78.6, ,47.1, ,9.9,,0,I,9999.9,0,999.9,,999.9,0,68.7,4,14.8,4,6.9,4
67561099999,"NDOLA SIMON MWANSA KAWEPEWE INTERNATIONAL, ZA",-12.9833333,28.65,1270.1,7/7/2002,47.8,4,0,,999.9,,85.1, ,46.4, ,6,,0,I,9999.9,0,999.9,,999.9,0,73.8,4,12.1,4,2,4
67561099999,"NDOLA SIMON MWANSA KAWEPEWE INTERNATIONAL, ZA",-12.9833333,28.65,1270.1,7/11/2002,40,4,0,,999.9,,85.8, ,44.8, ,6,,0,I,9999.9,0,999.9,,999.9,0,67.1,4,3.3,4,2.8,4
67561099999,"NDOLA SIMON MWANSA KAWEPEWE INTERNATIONAL, ZA",-12.9833333,28.65,1270.1,7/14/2002,42.1,4,0,,999.9,,83.1, ,49.1,*,8,,0,I,9999.9,0,999.9,,999.9,0,71,4,7.7,4,2.7,4
67561099999,"NDOLA SIMON MWANSA KAWEPEWE INTERNATIONAL, ZA",-12.9833333,28.65,1270.1,7/15/2002,42.4,5,0,,999.9,,83.1, ,55.8,*,7,,0,I,9999.9,0,999.9,,999.9,0,74.8,5,7.9,5,3,5
67561099999,"NDOLA SIMON MWANSA KAWEPEWE INTERNATIONAL, ZA",-12.9833333,28.65,1270.1,7/17/2002,40.6,4,0,,999.9,,82.8,*,45.1, ,999.9,,0,I,9999.9,0,999.9,,999.9,0,69.5,4,7,4,0,4
67561099999,"NDOLA SIMON MWANSA KAWEPEWE INTERNATIONAL, ZA",-12.9833333,28.65,1270.1,8/2/2002,47.4,6,0,,999.9,,77.4, ,52, ,18.1,,0,I,9999.9,0,999.9,,999.9,0,71.5,6,9.3,6,11.3,6
67561099999,"NDOLA SIMON MWANSA KAWEPEWE INTERNATIONAL, ZA",-12.9833333,28.65,1270.1,8/4/2002,42.8,4,0,,999.9,,78.1,*,71.6,*,8.9,,0,I,9999.9,0,999.9,,999.9,0,75.4,4,10.1,4,6.5,4
67561099999,"NDOLA SIMON MWANSA KAWEPEWE INTERNATIONAL, ZA",-12.9833333,28.65,1270.1,8/5/2002,47.7,4,0,,999.9,,89.6, ,55.8, ,11.1,,0,I,9999.9,0,999.9,,999.9,0,68,4,11.6,4,5,4
67561099999,"NDOLA SIMON MWANSA KAWEPEWE INTERNATIONAL, ZA",-12.9833333,28.65,1270.1,8/8/2002,36.8,7,0,,22,,73.8,*,62.6,*,18.1,,0,I,9999.9,0,999.9,,999.9,0,69.3,7,10.2,7,12.4,7
67561099999,"NDOLA SIMON MWANSA KAWEPEWE INTERNATIONAL, ZA",-12.9833333,28.65,1270.1,8/9/2002,42.7,5,0,,999.9,,75.6, ,49.8, ,18.1,,0,I,9999.9,0,999.9,,999.9,0,61.7,5,14.9,5,11.8,5
67561099999,"NDOLA SIMON MWANSA KAWEPEWE INTERNATIONAL, ZA",-12.9833333,28.65,1270.1,8/10/2002,43.5,6,0,,999.9,,73.2,*,59,*,15.9,,0,I,9999.9,0,999.9,,999.9,0,66.8,6,8.2,6,7.5,6
67561099999,"NDOLA SIMON MWANSA KAWEPEWE INTERNATIONAL, ZA",-12.9833333,28.65,1270.1,8/11/2002,46.6,5,0,,999.9,,77.9,*,47.7, ,8,,0,I,9999.9,0,999.9,,999.9,0,66.5,5,11.2,5,3.2,5
67561099999,"NDOLA SIMON MWANSA KAWEPEWE INTERNATIONAL, ZA",-12.9833333,28.65,1270.1,8/16/2002,50.7,4,0,,999.9,,89.6, ,59.2, ,14,,0,I,9999.9,0,999.9,,999.9,0,79.5,4,12.4,4,10,4
67561099999,"NDOLA SIMON MWANSA KAWEPEWE INTERNATIONAL, ZA",-12.9833333,28.65,1270.1,8/17/2002,47.3,4,0,,999.9,,88.2, ,56.1, ,8.9,,0,I,9999.9,0,999.9,,999.9,0,73.6,4,10.1,4,5.7,4
67561099999,"NDOLA SIMON MWANSA KAWEPEWE INTERNATIONAL, ZA",-12.9833333,28.65,1270.1,8/20/2002,40.3,7,0,,999.9,,83.8, ,48.9, ,22,,0,I,9999.9,0,999.9,,999.9,0,73.4,7,10.6,7,14.3,7
67561099999,"NDOLA SIMON MWANSA KAWEPEWE INTERNATIONAL, ZA",-12.9833333,28.65,1270.1,8/23/2002,42.6,7,0,,999.9,,81.7, ,66.9,*,11.1,,0,I,9999.9,0,999.9,,999.9,0,76.4,7,8,7,5.6,7
67561099999,"NDOLA SIMON MWANSA KAWEPEWE INTERNATIONAL, ZA",-12.9833333,28.65,1270.1,8/24/2002,41.6,6,0,,999.9,,82.4,*,55.2, ,12,,0,I,9999.9,0,999.9,,999.9,0,77.1,6,7.7,6,6.5,6
67561099999,"NDOLA SIMON MWANSA KAWEPEWE INTERNATIONAL, ZA",-12.9833333,28.65,1270.1,8/26/2002,48.6,5,0,,999.9,,86.9, ,59.4, ,8.9,,0,I,9999.9,0,999.9,,999.9,0,74.8,5,8.1,5,5,5
67561099999,"NDOLA SIMON MWANSA KAWEPEWE INTERNATIONAL, ZA",-12.9833333,28.65,1270.1,8/29/2002,48.3,5,0,,999.9,,88.5, ,57.2, ,8,,0,I,9999.9,0,999.9,,999.9,0,75.8,5,9.3,5,4.4,5
67561099999,"NDOLA SIMON MWANSA KAWEPEWE INTERNATIONAL, ZA",-12.9833333,28.65,1270.1,9/1/2002,46.8,4,0,,999.9,,87.1, ,56.5, ,15,,0,A,9999.9,0,999.9,,999.9,0,72,4,14,4,9.2,4
67561099999,"NDOLA SIMON MWANSA KAWEPEWE INTERNATIONAL, ZA",-12.9833333,28.65,1270.1,9/2/2002,46,4,0,,999.9,,85.3, ,57.7, ,12,,0,A,9999.9,0,999.9,,999.9,0,75.7,4,12.4,4,10.2,4
67561099999,"NDOLA SIMON MWANSA KAWEPEWE INTERNATIONAL, ZA",-12.9833333,28.65,1270.1,9/6/2002,41.5,4,0,,999.9,,91.4,*,58.1, ,8,,0,A,9999.9,0,999.9,,999.9,0,83.9,4,7.7,4,3.7,4
67561099999,"NDOLA SIMON MWANSA KAWEPEWE INTERNATIONAL, ZA",-12.9833333,28.65,1270.1,9/11/2002,59.1,8,10000,,999.9,,87.8, ,65.1, ,5.1,,0,G,9999.9,0,999.9,,999.9,0,71.3,8,8.1,8,1.8,8
67561099999,"NDOLA SIMON MWANSA KAWEPEWE INTERNATIONAL, ZA",-12.9833333,28.65,1270.1,9/12/2002,40.7,4,0,,999.9,,88.9,*,58.3, ,8.9,,0,A,9999.9,0,999.9,,999.9,0,81.9,4,8.2,4,6.2,4
67561099999,"NDOLA SIMON MWANSA KAWEPEWE INTERNATIONAL, ZA",-12.9833333,28.65,1270.1,9/14/2002,43.7,4,0,,999.9,,86.7, ,55.9, ,19,,0,A,9999.9,0,999.9,,999.9,0,73.4,4,10.9,4,13.5,4
67561099999,"NDOLA SIMON MWANSA KAWEPEWE INTERNATIONAL, ZA",-12.9833333,28.65,1270.1,9/18/2002,49.6,4,0,,999.9,,84.4, ,56.7, ,15,,0,B,9999.9,0,999.9,,999.9,0,74.7,4,15.5,4,7.5,4
67561099999,"NDOLA SIMON MWANSA KAWEPEWE INTERNATIONAL, ZA",-12.9833333,28.65,1270.1,9/25/2002,55,4,10,,999.9,,91, ,61.9, ,13,,0,A,9999.9,0,999.9,,999.9,0,79.9,4,8,4,8.3,4
67561099999,"NDOLA SIMON MWANSA KAWEPEWE INTERNATIONAL, ZA",-12.9833333,28.65,1270.1,9/29/2002,47.2,4,0,,999.9,,95,*,58.8, ,11.1,,0,A,9999.9,0,999.9,,999.9,0,87.4,5,7.3,5,7,5
67561099999,"NDOLA SIMON MWANSA KAWEPEWE INTERNATIONAL, ZA",-12.9833333,28.65,1270.1,9/30/2002,45.5,5,0,,999.9,,96.1,*,61.5, ,9.9,,0,A,9999.9,0,999.9,,999.9,0,88.2,5,9.3,5,5.6,5
67561099999,"NDOLA SIMON MWANSA KAWEPEWE INTERNATIONAL, ZA",-12.9833333,28.65,1270.1,10/1/2002,45.4,4,0,,999.9,,93.2,*,90.5,*,12,,0,I,9999.9,0,999.9,,999.9,0,91.9,4,6.2,4,7.5,4
67561099999,"NDOLA SIMON MWANSA KAWEPEWE INTERNATIONAL, ZA",-12.9833333,28.65,1270.1,10/2/2002,54.1,7,0,,999.9,,94.8, ,61.7, ,9.9,,0.08,G,9999.9,0,999.9,,999.9,0,85.1,7,6.2,7,5.1,7
67561099999,"NDOLA SIMON MWANSA KAWEPEWE INTERNATIONAL, ZA",-12.9833333,28.65,1270.1,10/4/2002,50.8,6,0,,999.9,,91.4,*,68.9,*,15,,0,I,9999.9,0,999.9,,999.9,0,83.5,6,6.8,6,8.6,6
67561099999,"NDOLA SIMON MWANSA KAWEPEWE INTERNATIONAL, ZA",-12.9833333,28.65,1270.1,10/10/2002,56.5,5,0,,999.9,,89.2, ,63.7, ,14,,0,A,9999.9,0,999.9,,999.9,0,80.2,5,8.9,5,10,5
67561099999,"NDOLA SIMON MWANSA KAWEPEWE INTERNATIONAL, ZA",-12.9833333,28.65,1270.1,10/12/2002,48.2,5,0,,999.9,,86.9, ,63.3, ,12,,0,A,9999.9,0,999.9,,999.9,0,78.4,5,14.9,5,9,5
67561099999,"NDOLA SIMON MWANSA KAWEPEWE INTERNATIONAL, ZA",-12.9833333,28.65,1270.1,10/14/2002,51.7,4,0,,999.9,,89.6, ,61, ,15,,0,A,9999.9,0,999.9,,999.9,0,81.9,4,14.8,4,8,4
67561099999,"NDOLA SIMON MWANSA KAWEPEWE INTERNATIONAL, ZA",-12.9833333,28.65,1270.1,10/15/2002,53,4,0,,999.9,,90.7,*,65.1, ,14,,0,A,9999.9,0,999.9,,999.9,0,79.3,4,16.3,4,6.5,4
67561099999,"NDOLA SIMON MWANSA KAWEPEWE INTERNATIONAL, ZA",-12.9833333,28.65,1270.1,10/16/2002,48.7,5,0,,999.9,,93.4, ,65.8, ,22.9,,0,A,9999.9,0,999.9,,999.9,0,86.9,5,10.6,5,9.4,5
67561099999,"NDOLA SIMON MWANSA KAWEPEWE INTERNATIONAL, ZA",-12.9833333,28.65,1270.1,10/19/2002,45,4,0,,999.9,,92.8, ,59, ,11.1,,0,A,9999.9,0,999.9,,999.9,0,85.3,4,9.6,4,7.3,4
67561099999,"NDOLA SIMON MWANSA KAWEPEWE INTERNATIONAL, ZA",-12.9833333,28.65,1270.1,10/21/2002,46.3,4,0,,999.9,,94.3, ,62.6, ,15,,0,A,9999.9,0,999.9,,999.9,0,84.2,4,10.1,4,12.5,4
67561099999,"NDOLA SIMON MWANSA KAWEPEWE INTERNATIONAL, ZA",-12.9833333,28.65,1270.1,10/24/2002,9999.9,0,10,,999.9,,91.4, ,66.6, ,8,,0,G,9999.9,0,999.9,,999.9,0,82.9,4,11.8,4,6,4
67561099999,"NDOLA SIMON MWANSA KAWEPEWE INTERNATIONAL, ZA",-12.9833333,28.65,1270.1,10/25/2002,53.2,4,0,,999.9,,90.5, ,63.5, ,2.9,,0,A,9999.9,0,999.9,,999.9,0,79.3,4,8.5,4,1.5,4
67561099999,"NDOLA SIMON MWANSA KAWEPEWE INTERNATIONAL, ZA",-12.9833333,28.65,1270.1,10/28/2002,58.7,4,0,,999.9,,87.4,*,60.6, ,9.9,,0.02,G,9999.9,0,999.9,,999.9,0,75.4,4,12.4,4,5.5,4
67561099999,"NDOLA SIMON MWANSA KAWEPEWE INTERNATIONAL, ZA",-12.9833333,28.65,1270.1,10/29/2002,57.5,4,0,,999.9,,90.7, ,65.5, ,6,,0,G,9999.9,0,999.9,,999.9,0,83.7,4,10.1,4,5,4
67561099999,"NDOLA SIMON MWANSA KAWEPEWE INTERNATIONAL, ZA",-12.9833333,28.65,1270.1,11/5/2002,61.6,4,0,,999.9,,89.2, ,70.2,*,14,,0,I,9999.9,0,999.9,,999.9,0,80,4,10.1,4,8.5,4
67561099999,"NDOLA SIMON MWANSA KAWEPEWE INTERNATIONAL, ZA",-12.9833333,28.65,1270.1,11/15/2002,60.9,4,0,,999.9,,89.8, ,61, ,12,,0,A,9999.9,0,999.9,,999.9,0,82.6,4,14.8,4,5.8,4
67561099999,"NDOLA SIMON MWANSA KAWEPEWE INTERNATIONAL, ZA",-12.9833333,28.65,1270.1,11/27/2002,62.1,4,0,,999.9,,79.7,*,60.6, ,9.9,,0.47,G,9999.9,0,999.9,,999.9,0,75.7,4,18.6,4,8.4,4
67561099999,"NDOLA SIMON MWANSA KAWEPEWE INTERNATIONAL, ZA",-12.9833333,28.65,1270.1,12/2/2002,59.2,4,0,,999.9,,85.5,*,62.2, ,8.9,,0,A,9999.9,0,999.9,,999.9,0,77.3,4,17.1,4,3.3,4
67561099999,"NDOLA SIMON MWANSA KAWEPEWE INTERNATIONAL, ZA",-12.9833333,28.65,1270.1,12/5/2002,62.6,4,0,,999.9,,88.3, ,63.7, ,8.9,,1.77,G,9999.9,0,999.9,,999.9,0,78.9,4,18.6,4,6.5,4
67561099999,"NDOLA SIMON MWANSA KAWEPEWE INTERNATIONAL, ZA",-12.9833333,28.65,1270.1,12/9/2002,65.5,4,10010,,999.9,,86.5, ,62.2, ,1.9,,0.31,G,9999.9,0,999.9,,999.9,0,73.5,4,13.5,4,0.5,4
67561099999,"NDOLA SIMON MWANSA KAWEPEWE INTERNATIONAL, ZA",-12.9833333,28.65,1270.1,12/14/2002,65.3,4,10,,999.9,,80.2, ,64.6, ,5.1,,0.02,G,9999.9,0,999.9,,999.9,0,73.7,4,18.6,4,2,4
67561099999,"NDOLA SIMON MWANSA KAWEPEWE INTERNATIONAL, ZA",-12.9833333,28.65,1270.1,1/9/2003,66.4,4,10010,,999.9,,80.8, ,65.1, ,6,,0.75,G,9999.9,0,999.9,,999.9,0,75,4,13.4,4,3.5,4
67561099999,"NDOLA SIMON MWANSA KAWEPEWE INTERNATIONAL, ZA",-12.9833333,28.65,1270.1,1/16/2003,65.2,5,0,,999.9,,88, ,58.1, ,9.9,,0,B,9999.9,0,999.9,,999.9,0,76.7,5,18.6,5,3.2,5
67561099999,"NDOLA SIMON MWANSA KAWEPEWE INTERNATIONAL, ZA",-12.9833333,28.65,1270.1,1/22/2003,65.4,4,10010,,999.9,,84.7,*,63.3, ,4.1,,0.08,G,9999.9,0,999.9,,999.9,0,74.9,4,17.9,4,1.7,4
67561099999,"NDOLA SIMON MWANSA KAWEPEWE INTERNATIONAL, ZA",-12.9833333,28.65,1270.1,2/11/2003,65.9,4,100010,,999.9,,85.1, ,64.4, ,6,,0.12,G,9999.9,0,999.9,,999.9,0,73.6,4,17.9,4,2.5,4
67561099999,"NDOLA SIMON MWANSA KAWEPEWE INTERNATIONAL, ZA",-12.9833333,28.65,1270.1,2/20/2003,64.5,4,10000,,999.9,,84.6, ,65.7,*,8,,0.55,G,9999.9,0,999.9,,999.9,0,74.6,4,14.2,4,4.2,4
67561099999,"NDOLA SIMON MWANSA KAWEPEWE INTERNATIONAL, ZA",-12.9833333,28.65,1270.1,2/25/2003,64.1,6,10010,,999.9,,85.1, ,63.9, ,7,,0,H,9999.9,0,999.9,,999.9,0,79.2,6,9.8,6,2.3,6
67561099999,"NDOLA SIMON MWANSA KAWEPEWE INTERNATIONAL, ZA",-12.9833333,28.65,1270.1,2/26/2003,64.3,5,0,,999.9,,86, ,63.5, ,8,,1.06,G,9999.9,0,999.9,,999.9,0,73.9,5,13.6,5,5.4,5
67561099999,"NDOLA SIMON MWANSA KAWEPEWE INTERNATIONAL, ZA",-12.9833333,28.65,1270.1,2/28/2003,63,5,0,,999.9,,84.2,*,62.1, ,4.1,,0,A,9999.9,0,999.9,,999.9,0,77.5,5,12.7,5,2.8,5
67561099999,"NDOLA SIMON MWANSA KAWEPEWE INTERNATIONAL, ZA",-12.9833333,28.65,1270.1,3/17/2003,66.7,5,10,,999.9,,80.8,*,65.1, ,6,,0.12,G,9999.9,0,999.9,,999.9,0,76,5,10.9,5,1.2,5
67561099999,"NDOLA SIMON MWANSA KAWEPEWE INTERNATIONAL, ZA",-12.9833333,28.65,1270.1,3/22/2003,64,6,10,,999.9,,89.6,*,78.8,*,4.1,,0,I,9999.9,0,999.9,,999.9,0,83.5,6,8.9,6,1.7,6
67561099999,"NDOLA SIMON MWANSA KAWEPEWE INTERNATIONAL, ZA",-12.9833333,28.65,1270.1,3/28/2003,65.1,5,10010,,999.9,,83.5, ,61.7, ,8,,0,H,9999.9,0,999.9,,999.9,0,73.9,5,13.2,5,2.2,5
67561099999,"NDOLA SIMON MWANSA KAWEPEWE INTERNATIONAL, ZA",-12.9833333,28.65,1270.1,3/31/2003,65.3,4,0,,999.9,,86,*,61, ,9.9,,0,A,9999.9,0,999.9,,999.9,0,79,4,12.8,4,6.8,4
67561099999,"NDOLA SIMON MWANSA KAWEPEWE INTERNATIONAL, ZA",-12.9833333,28.65,1270.1,4/1/2003,65.3,10,10,,999.9,,82.6, ,64, ,8,,0.47,G,9999.9,0,999.9,,999.9,0,73.8,10,9,10,2.5,10
67561099999,"NDOLA SIMON MWANSA KAWEPEWE INTERNATIONAL, ZA",-12.9833333,28.65,1270.1,4/3/2003,65.4,5,10000,,999.9,,82.4,*,73,*,7,,99.99, ,9999.9,0,999.9,,999.9,0,78.6,5,11.7,5,5,5
67561099999,"NDOLA SIMON MWANSA KAWEPEWE INTERNATIONAL, ZA",-12.9833333,28.65,1270.1,4/11/2003,63.3,6,10000,,999.9,,80.6,*,69.8,*,8,,99.99, ,9999.9,0,999.9,,999.9,0,76.6,6,10.9,6,5,6
67561099999,"NDOLA SIMON MWANSA KAWEPEWE INTERNATIONAL, ZA",-12.9833333,28.65,1270.1,4/14/2003,58.3,9,0,,999.9,,84.2, ,57.7, ,8.9,,0,A,9999.9,0,999.9,,999.9,0,73,9,9.3,9,4.8,9
67561099999,"NDOLA SIMON MWANSA KAWEPEWE INTERNATIONAL, ZA",-12.9833333,28.65,1270.1,4/18/2003,52.7,4,0,,999.9,,82.6, ,48.2,*,6,,0,A,9999.9,0,999.9,,999.9,0,67.6,4,999.9,0,4.3,4
67561099999,"NDOLA SIMON MWANSA KAWEPEWE INTERNATIONAL, ZA",-12.9833333,28.65,1270.1,5/17/2003,51.8,4,0,,999.9,,79.5, ,49.3, ,12,,0,A,9999.9,0,999.9,,999.9,0,69.6,4,15.5,4,7,4
67561099999,"NDOLA SIMON MWANSA KAWEPEWE INTERNATIONAL, ZA",-12.9833333,28.65,1270.1,5/28/2003,50.8,4,0,,999.9,,87.1, ,54.1, ,7,,0,A,9999.9,0,999.9,,999.9,0,79.2,4,10.4,4,3.3,4
67561099999,"NDOLA SIMON MWANSA KAWEPEWE INTERNATIONAL, ZA",-12.9833333,28.65,1270.1,5/30/2003,58.9,4,0,,999.9,,86, ,66.6,*,14,,0,A,9999.9,0,999.9,,999.9,0,76.6,4,8.7,4,9.5,4
67561099999,"NDOLA SIMON MWANSA KAWEPEWE INTERNATIONAL, ZA",-12.9833333,28.65,1270.1,6/11/2003,52.4,4,0,,999.9,,76.5,*,51.6,*,13,,0,I,9999.9,0,999.9,,999.9,0,68.9,4,9.7,4,7.2,4
67561099999,"NDOLA SIMON MWANSA KAWEPEWE INTERNATIONAL, ZA",-12.9833333,28.65,1270.1,6/20/2003,48.5,6,0,,999.9,,78.3, ,58.6,*,9.9,,0,A,9999.9,0,999.9,,999.9,0,68.1,6,11.3,6,6.5,6
67561099999,"NDOLA SIMON MWANSA KAWEPEWE INTERNATIONAL, ZA",-12.9833333,28.65,1270.1,6/21/2003,47.5,5,0,,999.9,,77.7, ,47.3, ,8,,0,A,9999.9,0,999.9,,999.9,0,69.1,5,13.7,5,7,5
67561099999,"NDOLA SIMON MWANSA KAWEPEWE INTERNATIONAL, ZA",-12.9833333,28.65,1270.1,6/22/2003,47.5,4,0,,999.9,,77.9,*,46.4, ,8.9,,0,A,9999.9,0,999.9,,999.9,0,69.4,4,10.1,4,2.2,4
67561099999,"NDOLA SIMON MWANSA KAWEPEWE INTERNATIONAL, ZA",-12.9833333,28.65,1270.1,6/24/2003,51.1,4,0,,999.9,,79.7,*,55.4,*,9.9,,0,I,9999.9,0,999.9,,999.9,0,68.7,4,7.4,4,6,4
67561099999,"NDOLA SIMON MWANSA KAWEPEWE INTERNATIONAL, ZA",-12.9833333,28.65,1270.1,7/2/2003,49.4,4,0,,999.9,,78.4, ,48, ,4.1,,0,A,9999.9,0,999.9,,999.9,0,70.9,4,6.1,4,1,4
67561099999,"NDOLA SIMON MWANSA KAWEPEWE INTERNATIONAL, ZA",-12.9833333,28.65,1270.1,7/23/2003,49.4,4,0,,999.9,,80.8, ,46, ,9.7,,0,A,9999.9,0,999.9,,999.9,0,69.6,4,10.1,4,4.2,4
67561099999,"NDOLA SIMON MWANSA KAWEPEWE INTERNATIONAL, ZA",-12.9833333,28.65,1270.1,8/3/2003,40.1,4,0,,999.9,,78.8,*,60.8,*,15,,0,A,9999.9,0,999.9,,999.9,0,74.3,4,10.1,4,8.7,4
67561099999,"NDOLA SIMON MWANSA KAWEPEWE INTERNATIONAL, ZA",-12.9833333,28.65,1270.1,8/6/2003,41.7,4,0,,999.9,,80.6, ,47.3, ,12,,0,A,9999.9,0,999.9,,999.9,0,70.3,4,8.5,4,9.2,4
67561099999,"NDOLA SIMON MWANSA KAWEPEWE INTERNATIONAL, ZA",-12.9833333,28.65,1270.1,8/8/2003,43.4,5,0,,999.9,,78.8,*,48, ,9.9,,0,A,9999.9,0,999.9,,999.9,0,66.7,5,10.6,5,3.6,5
67561099999,"NDOLA SIMON MWANSA KAWEPEWE INTERNATIONAL, ZA",-12.9833333,28.65,1270.1,10/17/2003,57.3,5,0,,999.9,,92.1,*,70.5,*,5.1,,0,A,9999.9,0,999.9,,999.9,0,82,5,6.7,5,1,5
67561099999,"NDOLA SIMON MWANSA KAWEPEWE INTERNATIONAL, ZA",-12.9833333,28.65,1270.1,10/30/2003,55,4,0,,999.9,,88.9, ,63, ,8.9,,0,A,9999.9,0,999.9,,999.9,0,82.9,4,6.6,4,7.5,4
67561099999,"NDOLA SIMON MWANSA KAWEPEWE INTERNATIONAL, ZA",-12.9833333,28.65,1270.1,11/3/2003,55,4,0,,999.9,,91.6, ,66.2, ,14,,0,A,9999.9,0,999.9,,999.9,0,85.1,4,9.5,4,10,4
67561099999,"NDOLA SIMON MWANSA KAWEPEWE INTERNATIONAL, ZA",-12.9833333,28.65,1270.1,12/9/2003,63.6,6,10,,999.9,,87.4, ,64.9, ,9.9,,0,A,9999.9,0,999.9,,999.9,0,80.1,6,11.4,6,4.7,6
67561099999,"NDOLA SIMON MWANSA KAWEPEWE INTERNATIONAL, ZA",-12.9833333,28.65,1270.1,12/22/2003,66,7,110000,,999.9,,84.4, ,64.4, ,4.1,,0.04,G,9999.9,0,999.9,,999.9,0,75.5,7,8.1,7,1.4,7
67561099999,"NDOLA SIMON MWANSA KAWEPEWE INTERNATIONAL, ZA",-12.9833333,28.65,1270.1,12/27/2003,67,4,0,,999.9,,80.6,*,66.2, ,5.1,,0.04,G,9999.9,0,999.9,,999.9,0,75.9,4,9.9,4,2.5,4
67561099999,"NDOLA SIMON MWANSA KAWEPEWE INTERNATIONAL, ZA",-12.9833333,28.65,1270.1,1/5/2004,9999.9,0,0,,999.9,,83.5,*,73.4,*,9.9,,0,I,9999.9,0,999.9,,999.9,0,77.9,4,12.8,4,7.2,4
67561099999,"NDOLA SIMON MWANSA KAWEPEWE INTERNATIONAL, ZA",-12.9833333,28.65,1270.1,1/9/2004,64,4,10,,999.9,,82.4,*,78.6,*,20,,0,I,9999.9,0,999.9,,999.9,0,80.3,4,12.8,4,6.5,4
67561099999,"NDOLA SIMON MWANSA KAWEPEWE INTERNATIONAL, ZA",-12.9833333,28.65,1270.1,1/25/2004,65.5,7,10010,,999.9,,78.3,*,68,*,9.9,,99.99, ,9999.9,0,999.9,,999.9,0,71,7,8.7,7,5.6,7
67561099999,"NDOLA SIMON MWANSA KAWEPEWE INTERNATIONAL, ZA",-12.9833333,28.65,1270.1,1/26/2004,65.4,5,100010,,999.9,,86,*,64.2, ,7,,0.08,G,9999.9,0,999.9,,999.9,0,79.6,5,8.9,5,4.2,5
67561099999,"NDOLA SIMON MWANSA KAWEPEWE INTERNATIONAL, ZA",-12.9833333,28.65,1270.1,2/9/2004,62,5,10000,,999.9,,77.9,*,66.2,*,9.9,,99.99, ,9999.9,0,999.9,,999.9,0,71.2,5,14,5,5.6,5
67561099999,"NDOLA SIMON MWANSA KAWEPEWE INTERNATIONAL, ZA",-12.9833333,28.65,1270.1,2/20/2004,63.4,7,10000,,999.9,,86, ,61.9, ,5.1,,0.91,G,9999.9,0,999.9,,999.9,0,73.9,7,6.6,7,0.7,7
67561099999,"NDOLA SIMON MWANSA KAWEPEWE INTERNATIONAL, ZA",-12.9833333,28.65,1270.1,2/21/2004,66,4,10000,,999.9,,81, ,63.7, ,5.1,,0.08,G,9999.9,0,999.9,,999.9,0,69.6,4,6.5,4,2.3,4
67561099999,"NDOLA SIMON MWANSA KAWEPEWE INTERNATIONAL, ZA",-12.9833333,28.65,1270.1,2/26/2004,66.2,5,10010,,999.9,,77,*,69.3,*,6,,99.99, ,9999.9,0,999.9,,999.9,0,74.3,5,8.9,5,2.2,5
67561099999,"NDOLA SIMON MWANSA KAWEPEWE INTERNATIONAL, ZA",-12.9833333,28.65,1270.1,2/27/2004,63.6,5,0,,999.9,,81.5, ,65.1, ,9.9,,0,I,9999.9,0,999.9,,999.9,0,74.9,5,14,5,5.6,5
67561099999,"NDOLA SIMON MWANSA KAWEPEWE INTERNATIONAL, ZA",-12.9833333,28.65,1270.1,3/5/2004,66.3,7,10,,999.9,,84.2, ,65.3, ,5.1,,0,A,9999.9,0,999.9,,999.9,0,78.1,7,12,7,2.7,7
67561099999,"NDOLA SIMON MWANSA KAWEPEWE INTERNATIONAL, ZA",-12.9833333,28.65,1270.1,3/13/2004,65.4,5,10010,,999.9,,84.6, ,61.5, ,5.1,,2.01,G,9999.9,0,999.9,,999.9,0,69.3,5,9.3,5,2.8,5
67561099999,"NDOLA SIMON MWANSA KAWEPEWE INTERNATIONAL, ZA",-12.9833333,28.65,1270.1,3/31/2004,64.5,4,10000,,999.9,,84.7, ,61.7, ,8.9,,0,H,9999.9,0,999.9,,999.9,0,75.6,4,12.8,4,3.3,4
67561099999,"NDOLA SIMON MWANSA KAWEPEWE INTERNATIONAL, ZA",-12.9833333,28.65,1270.1,4/1/2004,64,10,10000,,999.9,,82.9,*,69.8,*,9.9,,99.99, ,9999.9,0,999.9,,999.9,0,76.6,10,10.5,10,6.8,10
67561099999,"NDOLA SIMON MWANSA KAWEPEWE INTERNATIONAL, ZA",-12.9833333,28.65,1270.1,4/13/2004,57.6,5,0,,999.9,,79.7,*,56.5, ,13,,0,A,9999.9,0,999.9,,999.9,0,74.3,5,16.3,5,7.6,5
67561099999,"NDOLA SIMON MWANSA KAWEPEWE INTERNATIONAL, ZA",-12.9833333,28.65,1270.1,4/14/2004,60,5,0,,999.9,,80.4, ,57.9, ,8,,0,A,9999.9,0,999.9,,999.9,0,72.1,5,14,5,6.4,5
67561099999,"NDOLA SIMON MWANSA KAWEPEWE INTERNATIONAL, ZA",-12.9833333,28.65,1270.1,4/20/2004,62.9,4,10,,999.9,,85.5, ,60.3, ,6,,0.04,G,9999.9,0,999.9,,999.9,0,77.3,4,12.8,4,4.3,4
67561099999,"NDOLA SIMON MWANSA KAWEPEWE INTERNATIONAL, ZA",-12.9833333,28.65,1270.1,4/27/2004,53.4,7,0,,999.9,,82.6, ,59, ,18.1,,0,A,9999.9,0,999.9,,999.9,0,72.4,7,10.3,7,11.5,7
67561099999,"NDOLA SIMON MWANSA KAWEPEWE INTERNATIONAL, ZA",-12.9833333,28.65,1270.1,4/29/2004,49.5,4,0,,999.9,,77, ,50.7, ,6,,0,A,9999.9,0,999.9,,999.9,0,63.6,4,18.6,4,2.7,4
67561099999,"NDOLA SIMON MWANSA KAWEPEWE INTERNATIONAL, ZA",-12.9833333,28.65,1270.1,5/3/2004,50,4,0,,999.9,,80.2, ,50.2, ,8,,0,A,9999.9,0,999.9,,999.9,0,72.9,4,15,4,3.3,4
67561099999,"NDOLA SIMON MWANSA KAWEPEWE INTERNATIONAL, ZA",-12.9833333,28.65,1270.1,5/6/2004,49,4,0,,999.9,,79.7, ,48, ,7,,0,A,9999.9,0,999.9,,999.9,0,59.4,4,15.5,4,1.7,4
67561099999,"NDOLA SIMON MWANSA KAWEPEWE INTERNATIONAL, ZA",-12.9833333,28.65,1270.1,5/10/2004,47.1,6,0,,999.9,,80.1, ,50.7, ,15.9,,0,A,9999.9,0,999.9,,999.9,0,74.5,6,10.6,6,8.8,6
67561099999,"NDOLA SIMON MWANSA KAWEPEWE INTERNATIONAL, ZA",-12.9833333,28.65,1270.1,5/13/2004,50.1,4,0,,999.9,,80.8, ,49.1, ,1.9,,0,A,9999.9,0,999.9,,999.9,0,66.8,4,9.8,4,0.5,4
67561099999,"NDOLA SIMON MWANSA KAWEPEWE INTERNATIONAL, ZA",-12.9833333,28.65,1270.1,5/17/2004,54.6,6,0,,999.9,,83.3, ,52.9, ,8,,0,A,9999.9,0,999.9,,999.9,0,70.3,6,7.2,6,4.3,6
67561099999,"NDOLA SIMON MWANSA KAWEPEWE INTERNATIONAL, ZA",-12.9833333,28.65,1270.1,5/19/2004,48.8,5,0,,999.9,,80.1, ,47.5, ,4.1,,0,A,9999.9,0,999.9,,999.9,0,60.9,5,13.6,5,0.8,5
67561099999,"NDOLA SIMON MWANSA KAWEPEWE INTERNATIONAL, ZA",-12.9833333,28.65,1270.1,5/27/2004,53.3,4,0,,999.9,,78.4,*,49.3, ,12,,0,A,9999.9,0,999.9,,999.9,0,71.6,4,16.3,4,5.5,4
67561099999,"NDOLA SIMON MWANSA KAWEPEWE INTERNATIONAL, ZA",-12.9833333,28.65,1270.1,6/5/2004,45.4,4,0,,999.9,,77,*,42.1, ,7,,0,A,9999.9,0,999.9,,999.9,0,68.9,4,11.1,4,3.7,4
67561099999,"NDOLA SIMON MWANSA KAWEPEWE INTERNATIONAL, ZA",-12.9833333,28.65,1270.1,6/7/2004,49.6,7,0,,999.9,,82.4,*,45.7, ,8,,0,A,9999.9,0,999.9,,999.9,0,67.7,7,16,7,2.3,7
67561099999,"NDOLA SIMON MWANSA KAWEPEWE INTERNATIONAL, ZA",-12.9833333,28.65,1270.1,6/28/2004,51.6,4,0,,999.9,,80.8,*,52.9, ,8,,0,A,9999.9,0,999.9,,999.9,0,67.4,4,14.8,4,4.7,4
67561099999,"NDOLA SIMON MWANSA KAWEPEWE INTERNATIONAL, ZA",-12.9833333,28.65,1270.1,7/9/2004,42.1,4,0,,999.9,,72.5,*,43.5, ,5.1,,0,A,9999.9,0,999.9,,999.9,0,67.4,4,10.8,4,2.3,4
67561099999,"NDOLA SIMON MWANSA KAWEPEWE INTERNATIONAL, ZA",-12.9833333,28.65,1270.1,7/10/2004,41.1,4,0,,999.9,,75.2,*,41.4, ,13,,0,A,9999.9,0,999.9,,999.9,0,67.3,4,8.5,4,4.8,4
67561099999,"NDOLA SIMON MWANSA KAWEPEWE INTERNATIONAL, ZA",-12.9833333,28.65,1270.1,7/30/2004,52.4,5,0,,999.9,,82.4,*,52, ,6,,0,A,9999.9,0,999.9,,999.9,0,71.7,5,8,5,4.4,5
67561099999,"NDOLA SIMON MWANSA KAWEPEWE INTERNATIONAL, ZA",-12.9833333,28.65,1270.1,8/4/2004,51.2,5,0,,999.9,,80.6,*,53.4, ,12,,0,A,9999.9,0,999.9,,999.9,0,73.8,5,10.1,5,8,5
67561099999,"NDOLA SIMON MWANSA KAWEPEWE INTERNATIONAL, ZA",-12.9833333,28.65,1270.1,8/5/2004,46.2,8,0,,999.9,,80.6,*,66.2,*,12,,0,I,9999.9,0,999.9,,999.9,0,75.2,8,6.3,8,6.5,8
67561099999,"NDOLA SIMON MWANSA KAWEPEWE INTERNATIONAL, ZA",-12.9833333,28.65,1270.1,8/7/2004,47.1,4,0,,999.9,,85.5,*,51.8, ,5.1,,0,A,9999.9,0,999.9,,999.9,0,68.7,4,7.5,4,1.3,4
67561099999,"NDOLA SIMON MWANSA KAWEPEWE INTERNATIONAL, ZA",-12.9833333,28.65,1270.1,8/14/2004,50.1,4,0,,999.9,,81.5,*,56.3, ,999.9,,0,A,9999.9,0,999.9,,999.9,0,74.7,4,15.2,4,0,4
67561099999,"NDOLA SIMON MWANSA KAWEPEWE INTERNATIONAL, ZA",-12.9833333,28.65,1270.1,8/23/2004,46.3,5,0,,999.9,,85.8,*,64.4,*,15,,0,I,9999.9,0,999.9,,999.9,0,76.2,5,7.4,5,10,5
67561099999,"NDOLA SIMON MWANSA KAWEPEWE INTERNATIONAL, ZA",-12.9833333,28.65,1270.1,8/29/2004,42.8,4,0,,999.9,,79,*,71.6,*,16.9,,0,I,9999.9,0,999.9,,999.9,0,75.8,4,7,4,13,4
67561099999,"NDOLA SIMON MWANSA KAWEPEWE INTERNATIONAL, ZA",-12.9833333,28.65,1270.1,9/9/2004,51.7,4,0,,999.9,,85.5,*,59.5, ,15,,0,A,9999.9,0,999.9,,999.9,0,76.5,4,7.2,4,10,4
67561099999,"NDOLA SIMON MWANSA KAWEPEWE INTERNATIONAL, ZA",-12.9833333,28.65,1270.1,9/10/2004,50.5,4,0,,999.9,,87.1,*,61.9, ,15,,0,A,9999.9,0,999.9,,999.9,0,80.6,4,15,4,11,4
67561099999,"NDOLA SIMON MWANSA KAWEPEWE INTERNATIONAL, ZA",-12.9833333,28.65,1270.1,9/11/2004,50.2,4,0,,999.9,,86.2,*,57.4, ,15,,0,A,9999.9,0,999.9,,999.9,0,73.7,4,9,4,8.2,4
67561099999,"NDOLA SIMON MWANSA KAWEPEWE INTERNATIONAL, ZA",-12.9833333,28.65,1270.1,9/22/2004,54.6,4,0,,999.9,,75.2,*,65.8,*,9.9,,0,A,9999.9,0,999.9,,999.9,0,71.7,4,8.2,4,9.9,4
67561099999,"NDOLA SIMON MWANSA KAWEPEWE INTERNATIONAL, ZA",-12.9833333,28.65,1270.1,10/21/2004,55.8,4,0,,999.9,,91.4, ,62.2, ,9.9,,0,A,9999.9,0,999.9,,999.9,0,80.5,4,10.1,4,9.2,4
67561099999,"NDOLA SIMON MWANSA KAWEPEWE INTERNATIONAL, ZA",-12.9833333,28.65,1270.1,11/18/2004,62,6,10010,,999.9,,78.8,*,62.6, ,9.9,,0,G,9999.9,0,999.9,,999.9,0,71.6,6,8.9,6,5.5,6
67561099999,"NDOLA SIMON MWANSA KAWEPEWE INTERNATIONAL, ZA",-12.9833333,28.65,1270.1,12/13/2004,63.5,4,0,,999.9,,85.8, ,64.4, ,5.1,,0,G,9999.9,0,999.9,,999.9,0,74.3,4,9.1,4,2.8,4
67561099999,"NDOLA SIMON MWANSA KAWEPEWE INTERNATIONAL, ZA",-12.9833333,28.65,1270.1,12/23/2004,65.8,4,10000,,999.9,,87.4, ,66, ,6,,0.04,G,9999.9,0,999.9,,999.9,0,74.6,4,10.5,4,3.5,4
67561099999,"NDOLA SIMON MWANSA KAWEPEWE INTERNATIONAL, ZA",-12.9833333,28.65,1270.1,12/25/2004,67.4,4,10010,,999.9,,76.5,*,68,*,5.1,,99.99, ,9999.9,0,999.9,,999.9,0,70.6,4,9.9,4,2.3,4
67561099999,"NDOLA SIMON MWANSA KAWEPEWE INTERNATIONAL, ZA",-12.9833333,28.65,1270.1,12/30/2004,65.6,6,10010,,999.9,,75.2, ,65.3, ,6,,0.16,G,9999.9,0,999.9,,999.9,0,68.4,6,8.7,6,3.9,6
67561099999,"NDOLA SIMON MWANSA KAWEPEWE INTERNATIONAL, ZA",-12.9833333,28.65,1270.1,1/1/2005,65.5,5,0,,999.9,,77.9, ,63.7, ,5.1,,3.9,G,9999.9,0,999.9,,999.9,0,71.3,5,9.3,5,1,5
67561099999,"NDOLA SIMON MWANSA KAWEPEWE INTERNATIONAL, ZA",-12.9833333,28.65,1270.1,1/7/2005,65.8,6,0,,999.9,,82.2, ,63.3, ,6,,0.55,G,9999.9,0,999.9,,999.9,0,73.8,6,14,5,2,5
67561099999,"NDOLA SIMON MWANSA KAWEPEWE INTERNATIONAL, ZA",-12.9833333,28.65,1270.1,1/20/2005,64.8,4,0,,999.9,,78.8,*,75.2,*,13,,0,I,9999.9,0,999.9,,999.9,0,77,4,999.9,0,5.2,4
67561099999,"NDOLA SIMON MWANSA KAWEPEWE INTERNATIONAL, ZA",-12.9833333,28.65,1270.1,1/21/2005,66.3,5,10,,999.9,,86, ,64.2, ,8,,0.08,G,9999.9,0,999.9,,999.9,0,76.1,5,11.7,5,4.4,5
67561099999,"NDOLA SIMON MWANSA KAWEPEWE INTERNATIONAL, ZA",-12.9833333,28.65,1270.1,1/28/2005,61.4,5,0,,18.1,,81.9, ,63.5, ,9.9,,0.83,G,9999.9,0,999.9,,999.9,0,68.5,5,18.6,5,7.6,5
67561099999,"NDOLA SIMON MWANSA KAWEPEWE INTERNATIONAL, ZA",-12.9833333,28.65,1270.1,1/31/2005,66.6,7,0,,999.9,,84.2,*,64.4, ,9.9,,0.16,G,9999.9,0,999.9,,999.9,0,78.2,7,11.1,7,4.1,7
67561099999,"NDOLA SIMON MWANSA KAWEPEWE INTERNATIONAL, ZA",-12.9833333,28.65,1270.1,2/10/2005,63.9,7,0,,999.9,,86,*,77,*,4.1,,0,I,9999.9,0,999.9,,999.9,0,82.7,7,7,7,1.7,7
67561099999,"NDOLA SIMON MWANSA KAWEPEWE INTERNATIONAL, ZA",-12.9833333,28.65,1270.1,2/14/2005,65,4,0,,999.9,,84.2, ,65.3, ,1.9,,0.63,G,9999.9,0,999.9,,999.9,0,71,4,8.4,4,0.5,4
67561099999,"NDOLA SIMON MWANSA KAWEPEWE INTERNATIONAL, ZA",-12.9833333,28.65,1270.1,2/17/2005,62.6,4,10010,,999.9,,87.8, ,63.5, ,11.1,,0,G,9999.9,0,999.9,,999.9,0,65.8,4,7,4,8.7,4
67561099999,"NDOLA SIMON MWANSA KAWEPEWE INTERNATIONAL, ZA",-12.9833333,28.65,1270.1,2/23/2005,65.4,6,0,,999.9,,86,*,62.8, ,6,,1.97,G,9999.9,0,999.9,,999.9,0,75.1,6,10.7,6,1.3,6
67561099999,"NDOLA SIMON MWANSA KAWEPEWE INTERNATIONAL, ZA",-12.9833333,28.65,1270.1,2/24/2005,65.9,4,0,,999.9,,90.5, ,64.2, ,6,,0,G,9999.9,0,999.9,,999.9,0,81.2,4,11.8,4,2.2,4
67561099999,"NDOLA SIMON MWANSA KAWEPEWE INTERNATIONAL, ZA",-12.9833333,28.65,1270.1,4/14/2005,56.5,4,0,,999.9,,88.2, ,58.5, ,9.9,,0,A,9999.9,0,999.9,,999.9,0,66.9,4,10.9,4,2.5,4
67561099999,"NDOLA SIMON MWANSA KAWEPEWE INTERNATIONAL, ZA",-12.9833333,28.65,1270.1,5/23/2005,52.6,7,0,,999.9,,82.4,*,69.8,*,4.1,,0,I,9999.9,0,999.9,,999.9,0,77.8,7,6.3,7,1.6,7
67561099999,"NDOLA SIMON MWANSA KAWEPEWE INTERNATIONAL, ZA",-12.9833333,28.65,1270.1,6/7/2005,46.2,4,0,,999.9,,82.8, ,49.1, ,13,,0,A,9999.9,0,999.9,,999.9,0,75.6,4,8.5,4,7.8,4
67561099999,"NDOLA SIMON MWANSA KAWEPEWE INTERNATIONAL, ZA",-12.9833333,28.65,1270.1,6/8/2005,45.7,4,0,,999.9,,83.5, ,46.6, ,7,,0,A,9999.9,0,999.9,,999.9,0,74.7,4,7.3,4,2.5,4
67561099999,"NDOLA SIMON MWANSA KAWEPEWE INTERNATIONAL, ZA",-12.9833333,28.65,1270.1,6/30/2005,48.2,4,0,,999.9,,79.9, ,50.2, ,9.9,,0,A,9999.9,0,999.9,,999.9,0,67.1,4,6.9,4,4,4
67561099999,"NDOLA SIMON MWANSA KAWEPEWE INTERNATIONAL, ZA",-12.9833333,28.65,1270.1,7/1/2005,43.8,7,0,,999.9,,77,*,68,*,6,,0,I,9999.9,0,999.9,,999.9,0,74.2,7,6.2,7,3.7,7
67561099999,"NDOLA SIMON MWANSA KAWEPEWE INTERNATIONAL, ZA",-12.9833333,28.65,1270.1,7/11/2005,47.8,4,0,,999.9,,75.6, ,52.7, ,14,,0,A,9999.9,0,999.9,,999.9,0,68.5,4,6.6,4,10.4,4
67561099999,"NDOLA SIMON MWANSA KAWEPEWE INTERNATIONAL, ZA",-12.9833333,28.65,1270.1,7/22/2005,39.4,7,0,,999.9,,80.6,*,73.4,*,14,,0,I,9999.9,0,999.9,,999.9,0,77.8,7,7.7,7,10.7,7
67561099999,"NDOLA SIMON MWANSA KAWEPEWE INTERNATIONAL, ZA",-12.9833333,28.65,1270.1,7/25/2005,48.6,5,0,,999.9,,80.6,*,64.4,*,9.9,,0,I,9999.9,0,999.9,,999.9,0,75.6,5,6.2,5,6.2,5
67561099999,"NDOLA SIMON MWANSA KAWEPEWE INTERNATIONAL, ZA",-12.9833333,28.65,1270.1,8/3/2005,45.4,4,0,,999.9,,81.9, ,49.1, ,8.9,,0,I,9999.9,0,999.9,,999.9,0,73.3,4,9.3,4,5.7,4
67561099999,"NDOLA SIMON MWANSA KAWEPEWE INTERNATIONAL, ZA",-12.9833333,28.65,1270.1,8/12/2005,39.9,5,0,,999.9,,84.2,*,80.6,*,8,,0,I,9999.9,0,999.9,,999.9,0,83.1,5,6.2,5,5.4,5
67561099999,"NDOLA SIMON MWANSA KAWEPEWE INTERNATIONAL, ZA",-12.9833333,28.65,1270.1,8/16/2005,43.4,7,0,,999.9,,86,*,59,*,5.1,,0,I,9999.9,0,999.9,,999.9,0,79.6,7,8.2,7,1,7
67561099999,"NDOLA SIMON MWANSA KAWEPEWE INTERNATIONAL, ZA",-12.9833333,28.65,1270.1,8/22/2005,42.9,4,0,,22,,81.5,*,50, ,11.1,,0,I,9999.9,0,999.9,,999.9,0,73.9,4,5.7,4,9,4
67561099999,"NDOLA SIMON MWANSA KAWEPEWE INTERNATIONAL, ZA",-12.9833333,28.65,1270.1,8/30/2005,42.5,4,0,,999.9,,78.8,*,73.4,*,18.1,,0,I,9999.9,0,999.9,,999.9,0,76.6,4,6.9,4,8.8,4
67561099999,"NDOLA SIMON MWANSA KAWEPEWE INTERNATIONAL, ZA",-12.9833333,28.65,1270.1,8/31/2005,46.5,4,0,,999.9,,83.3, ,55.2, ,8,,0,I,9999.9,0,999.9,,999.9,0,74.2,4,8.5,4,5.2,4
67561099999,"NDOLA SIMON MWANSA KAWEPEWE INTERNATIONAL, ZA",-12.9833333,28.65,1270.1,9/7/2005,39.7,4,0,,999.9,,89.6,*,86,*,9.9,,0,I,9999.9,0,999.9,,999.9,0,87.8,4,5.7,4,6.7,4
67561099999,"NDOLA SIMON MWANSA KAWEPEWE INTERNATIONAL, ZA",-12.9833333,28.65,1270.1,9/8/2005,49.6,5,0,,999.9,,88.2, ,56.1, ,14,,0,I,9999.9,0,999.9,,999.9,0,75.6,5,6,5,8.8,5
67561099999,"NDOLA SIMON MWANSA KAWEPEWE INTERNATIONAL, ZA",-12.9833333,28.65,1270.1,9/14/2005,38,4,0,,999.9,,85.1,*,78.8,*,15,,0,I,9999.9,0,999.9,,999.9,0,83.1,4,6.9,4,8.3,4
67561099999,"NDOLA SIMON MWANSA KAWEPEWE INTERNATIONAL, ZA",-12.9833333,28.65,1270.1,9/22/2005,49.8,4,0,,999.9,,91, ,63.9, ,8.9,,0,I,9999.9,0,999.9,,999.9,0,78,4,6.3,4,6.5,4
67561099999,"NDOLA SIMON MWANSA KAWEPEWE INTERNATIONAL, ZA",-12.9833333,28.65,1270.1,9/23/2005,50,5,0,,999.9,,91, ,66.2, ,9.9,,0,I,9999.9,0,999.9,,999.9,0,84.4,5,8.6,5,6,5
67561099999,"NDOLA SIMON MWANSA KAWEPEWE INTERNATIONAL, ZA",-12.9833333,28.65,1270.1,9/27/2005,58.2,5,10,,999.9,,91.4,*,77,*,5.1,,0,I,9999.9,0,999.9,,999.9,0,85.1,5,7.4,5,2.6,5
67561099999,"NDOLA SIMON MWANSA KAWEPEWE INTERNATIONAL, ZA",-12.9833333,28.65,1270.1,9/29/2005,9999.9,0,0,,999.9,,84.2,*,75.2,*,15,,0,I,9999.9,0,999.9,,999.9,0,79.7,4,6.6,4,11.5,4
67561099999,"NDOLA SIMON MWANSA KAWEPEWE INTERNATIONAL, ZA",-12.9833333,28.65,1270.1,9/30/2005,55.4,5,0,,999.9,,84.4, ,57.6, ,12,,0,I,9999.9,0,999.9,,999.9,0,73.2,5,10.4,5,9.2,5
67561099999,"NDOLA SIMON MWANSA KAWEPEWE INTERNATIONAL, ZA",-12.9833333,28.65,1270.1,10/14/2005,52.8,5,0,,999.9,,95.5, ,68.9, ,20,,0,I,9999.9,0,999.9,,999.9,0,83.5,5,7.4,5,14.6,5
67561099999,"NDOLA SIMON MWANSA KAWEPEWE INTERNATIONAL, ZA",-12.9833333,28.65,1270.1,10/21/2005,46.1,6,0,,999.9,,93.2, ,73.9,*,8,,0,I,9999.9,0,999.9,,999.9,0,87,6,6.1,6,2.8,6
67561099999,"NDOLA SIMON MWANSA KAWEPEWE INTERNATIONAL, ZA",-12.9833333,28.65,1270.1,10/28/2005,51.1,5,0,,999.9,,87.8,*,84.2,*,8,,0,I,9999.9,0,999.9,,999.9,0,86.4,5,6.6,4,5.1,5
67561099999,"NDOLA SIMON MWANSA KAWEPEWE INTERNATIONAL, ZA",-12.9833333,28.65,1270.1,11/4/2005,54,4,10010,,999.9,,96.8,*,89.6,*,6,,99.99, ,9999.9,0,999.9,,999.9,0,92.8,4,6.8,4,3.5,4
67561099999,"NDOLA SIMON MWANSA KAWEPEWE INTERNATIONAL, ZA",-12.9833333,28.65,1270.1,11/18/2005,50.9,4,0,,999.9,,89.6,*,84.2,*,18.1,,0,I,9999.9,0,999.9,,999.9,0,87.8,4,6.2,4,13,4
67561099999,"NDOLA SIMON MWANSA KAWEPEWE INTERNATIONAL, ZA",-12.9833333,28.65,1270.1,11/22/2005,56.5,4,0,,999.9,,92.3, ,68, ,7,,0.43,G,9999.9,0,999.9,,999.9,0,86,4,10.3,4,3.8,4
67561099999,"NDOLA SIMON MWANSA KAWEPEWE INTERNATIONAL, ZA",-12.9833333,28.65,1270.1,11/25/2005,59.1,4,0,,999.9,,87.8,*,82.8,*,8,,0,I,9999.9,0,999.9,,999.9,0,86.1,4,8.4,4,2.7,4
67561099999,"NDOLA SIMON MWANSA KAWEPEWE INTERNATIONAL, ZA",-12.9833333,28.65,1270.1,11/28/2005,62.6,5,10,,999.9,,84.2,*,67.1, ,8.9,,0.24,G,9999.9,0,999.9,,999.9,0,78.5,5,11.5,5,6.2,5
67561099999,"NDOLA SIMON MWANSA KAWEPEWE INTERNATIONAL, ZA",-12.9833333,28.65,1270.1,11/29/2005,63.7,4,10,,999.9,,81.3,*,75.2,*,9.9,,0,G,9999.9,0,999.9,,999.9,0,77.4,4,9.7,4,6,4
67561099999,"NDOLA SIMON MWANSA KAWEPEWE INTERNATIONAL, ZA",-12.9833333,28.65,1270.1,4/27/2006,57.2,5,0,,999.9,,75.2,*,73.4,*,15,,0,I,9999.9,0,999.9,,999.9,0,74.1,5,6.8,5,10.2,5
67561099999,"NDOLA SIMON MWANSA KAWEPEWE INTERNATIONAL, ZA",-12.9833333,28.65,1270.1,5/4/2006,58.9,6,0,,999.9,,80.6,*,66.2,*,7,,0,I,9999.9,0,999.9,,999.9,0,75.3,6,8.4,6,3.3,6
67561099999,"NDOLA SIMON MWANSA KAWEPEWE INTERNATIONAL, ZA",-12.9833333,28.65,1270.1,5/9/2006,57.2,5,0,,999.9,,80.6,*,69.8,*,6,,0,I,9999.9,0,999.9,,999.9,0,74.8,5,6.2,4,3,5
67561099999,"NDOLA SIMON MWANSA KAWEPEWE INTERNATIONAL, ZA",-12.9833333,28.65,1270.1,5/10/2006,57.2,4,0,,999.9,,75.2,*,62.6,*,6,,0,I,9999.9,0,999.9,,999.9,0,69.4,4,6.6,4,4.3,4
67561099999,"NDOLA SIMON MWANSA KAWEPEWE INTERNATIONAL, ZA",-12.9833333,28.65,1270.1,5/11/2006,54.1,4,0,,999.9,,77,*,66.2,*,4.1,,0,I,9999.9,0,999.9,,999.9,0,73.4,4,999.9,0,1.7,4
67561099999,"NDOLA SIMON MWANSA KAWEPEWE INTERNATIONAL, ZA",-12.9833333,28.65,1270.1,5/15/2006,56.6,5,0,,999.9,,81.7, ,57.6, ,8,,0,I,9999.9,0,999.9,,999.9,0,74.8,5,7.9,5,2.6,5
67561099999,"NDOLA SIMON MWANSA KAWEPEWE INTERNATIONAL, ZA",-12.9833333,28.65,1270.1,5/23/2006,58.6,5,0,,999.9,,73.4,*,62.6,*,9.9,,0,I,9999.9,0,999.9,,999.9,0,68.4,5,7,5,5,5
67561099999,"NDOLA SIMON MWANSA KAWEPEWE INTERNATIONAL, ZA",-12.9833333,28.65,1270.1,6/8/2006,44.6,4,0,,999.9,,73.4,*,53.6,*,999.9,,0,I,9999.9,0,999.9,,999.9,0,67.6,4,6.2,4,0,4
67561099999,"NDOLA SIMON MWANSA KAWEPEWE INTERNATIONAL, ZA",-12.9833333,28.65,1270.1,6/29/2006,44.2,4,0,,999.9,,75.2,*,71.6,*,8,,0,I,9999.9,0,999.9,,999.9,0,73.8,4,6.2,4,5.7,4
67561099999,"NDOLA SIMON MWANSA KAWEPEWE INTERNATIONAL, ZA",-12.9833333,28.65,1270.1,6/30/2006,48.5,4,0,,999.9,,74.1, ,41.9, ,8,,0,I,9999.9,0,999.9,,999.9,0,64.2,4,10.8,4,4.8,4
67561099999,"NDOLA SIMON MWANSA KAWEPEWE INTERNATIONAL, ZA",-12.9833333,28.65,1270.1,7/12/2006,42.7,4,0,,999.9,,75.2, ,42.3, ,14,,0,I,9999.9,0,999.9,,999.9,0,62.8,4,7.7,4,8,4
67561099999,"NDOLA SIMON MWANSA KAWEPEWE INTERNATIONAL, ZA",-12.9833333,28.65,1270.1,7/31/2006,46.8,4,0,,999.9,,78.8,*,75.2,*,6,,0,I,9999.9,0,999.9,,999.9,0,77.4,4,6.4,4,1.5,4
67561099999,"NDOLA SIMON MWANSA KAWEPEWE INTERNATIONAL, ZA",-12.9833333,28.65,1270.1,9/22/2006,47.8,4,0,,999.9,,80.6,*,68,*,15,,0,I,9999.9,0,999.9,,999.9,0,77,4,6.2,4,5,4
67561099999,"NDOLA SIMON MWANSA KAWEPEWE INTERNATIONAL, ZA",-12.9833333,28.65,1270.1,9/29/2006,47.8,4,0,,999.9,,87.8,*,86,*,12,,0,I,9999.9,0,999.9,,999.9,0,86.9,4,6.2,4,4.8,4
67561099999,"NDOLA SIMON MWANSA KAWEPEWE INTERNATIONAL, ZA",-12.9833333,28.65,1270.1,10/24/2006,53.6,5,0,,999.9,,94.1, ,66.2, ,14,,0,I,9999.9,0,999.9,,999.9,0,86.4,5,7.4,5,7.8,5
67561099999,"NDOLA SIMON MWANSA KAWEPEWE INTERNATIONAL, ZA",-12.9833333,28.65,1270.1,12/13/2006,67.6,4,0,,999.9,,75.2,*,71.6,*,8.9,,0,I,9999.9,0,999.9,,999.9,0,73.4,4,7,4,4.7,4
67561099999,"NDOLA SIMON MWANSA KAWEPEWE INTERNATIONAL, ZA",-12.9833333,28.65,1270.1,12/19/2006,65.1,5,10000,,999.9,,78.8,*,66.2,*,5.1,,99.99, ,9999.9,0,999.9,,999.9,0,73,5,7,5,2.8,5
67561099999,"NDOLA SIMON MWANSA KAWEPEWE INTERNATIONAL, ZA",-12.9833333,28.65,1270.1,12/29/2006,66.6,4,10010,,999.9,,75.2,*,68,*,8,,99.99, ,9999.9,0,999.9,,999.9,0,69.8,4,5.6,4,2.7,4
67561099999,"NDOLA SIMON MWANSA KAWEPEWE INTERNATIONAL, ZA",-12.9833333,28.65,1270.1,4/2/2007,60.8,4,0,,999.9,,86,*,82.4,*,6,,0,I,9999.9,0,999.9,,999.9,0,84.2,4,6.8,4,4.8,4
67561099999,"NDOLA SIMON MWANSA KAWEPEWE INTERNATIONAL, ZA",-12.9833333,28.65,1270.1,4/3/2007,62.6,4,0,,999.9,,78.8,*,71.6,*,11.1,,0,I,9999.9,0,999.9,,999.9,0,74.8,4,6.8,4,8.5,4
67561099999,"NDOLA SIMON MWANSA KAWEPEWE INTERNATIONAL, ZA",-12.9833333,28.65,1270.1,4/18/2007,62.3,6,0,,999.9,,84.2,*,69.8,*,9.9,,0,I,9999.9,0,999.9,,999.9,0,78.2,6,6.9,6,4,5
67561099999,"NDOLA SIMON MWANSA KAWEPEWE INTERNATIONAL, ZA",-12.9833333,28.65,1270.1,4/20/2007,60.8,4,0,,999.9,,84.2,*,68,*,8,,0,I,9999.9,0,999.9,,999.9,0,73.9,4,6.4,4,4.3,4
67561099999,"NDOLA SIMON MWANSA KAWEPEWE INTERNATIONAL, ZA",-12.9833333,28.65,1270.1,4/27/2007,60.3,4,0,,999.9,,84.2,*,73.4,*,5.1,,0,I,9999.9,0,999.9,,999.9,0,79.7,4,6.4,4,1.3,4
67561099999,"NDOLA SIMON MWANSA KAWEPEWE INTERNATIONAL, ZA",-12.9833333,28.65,1270.1,4/28/2007,63.1,4,0,,999.9,,84.2,*,69.8,*,5.1,,0,I,9999.9,0,999.9,,999.9,0,79.7,4,6.8,4,2.7,4
67561099999,"NDOLA SIMON MWANSA KAWEPEWE INTERNATIONAL, ZA",-12.9833333,28.65,1270.1,5/20/2007,47.2,7,0,,999.9,,80.6,*,69.8,*,5.1,,0,I,9999.9,0,999.9,,999.9,0,75.5,7,6.2,7,1.6,7
67561099999,"NDOLA SIMON MWANSA KAWEPEWE INTERNATIONAL, ZA",-12.9833333,28.65,1270.1,5/29/2007,50,4,0,,999.9,,78.8,*,64.4,*,6,,0,I,9999.9,0,999.9,,999.9,0,74.3,4,6.2,4,3,4
67561099999,"NDOLA SIMON MWANSA KAWEPEWE INTERNATIONAL, ZA",-12.9833333,28.65,1270.1,6/13/2007,43.4,6,0,,999.9,,77,*,62.6,*,9.9,,0,I,9999.9,0,999.9,,999.9,0,71.9,6,6.2,6,5.6,6
67561099999,"NDOLA SIMON MWANSA KAWEPEWE INTERNATIONAL, ZA",-12.9833333,28.65,1270.1,6/22/2007,43.2,4,0,,999.9,,73.4,*,71.6,*,8,,0,I,9999.9,0,999.9,,999.9,0,72.5,4,6.4,4,2,4
67561099999,"NDOLA SIMON MWANSA KAWEPEWE INTERNATIONAL, ZA",-12.9833333,28.65,1270.1,6/26/2007,46.4,4,0,,999.9,,78.8,*,55.4,*,8.9,,0,I,9999.9,0,999.9,,999.9,0,68.9,4,6.2,4,2.2,4
67561099999,"NDOLA SIMON MWANSA KAWEPEWE INTERNATIONAL, ZA",-12.9833333,28.65,1270.1,7/10/2007,40.6,5,0,,999.9,,69.8,*,57.2,*,12,,0,I,9999.9,0,999.9,,999.9,0,63.3,5,6.2,5,9,5
67561099999,"NDOLA SIMON MWANSA KAWEPEWE INTERNATIONAL, ZA",-12.9833333,28.65,1270.1,7/11/2007,41.3,6,0,,999.9,,73.4,*,62.6,*,8.9,,0,I,9999.9,0,999.9,,999.9,0,68.3,6,6.2,6,5.3,6
67561099999,"NDOLA SIMON MWANSA KAWEPEWE INTERNATIONAL, ZA",-12.9833333,28.65,1270.1,8/8/2007,37,5,0,,999.9,,75.2,*,60.8,*,15.9,,0,I,9999.9,0,999.9,,999.9,0,69.4,5,6.2,5,9.8,5
67561099999,"NDOLA SIMON MWANSA KAWEPEWE INTERNATIONAL, ZA",-12.9833333,28.65,1270.1,8/16/2007,47,6,0,,999.9,,89.6,*,60.8,*,9.9,,0,I,9999.9,0,999.9,,999.9,0,82.7,6,5.6,6,4,6
67561099999,"NDOLA SIMON MWANSA KAWEPEWE INTERNATIONAL, ZA",-12.9833333,28.65,1270.1,8/22/2007,48.6,4,0,,999.9,,82.4,*,66.2,*,15.9,,0,I,9999.9,0,999.9,,999.9,0,76.1,4,6.2,4,9.7,4
67561099999,"NDOLA SIMON MWANSA KAWEPEWE INTERNATIONAL, ZA",-12.9833333,28.65,1270.1,8/24/2007,47.9,6,0,,999.9,,89.6,*,66.2,*,7,,0,I,9999.9,0,999.9,,999.9,0,82.4,6,6.2,6,5.2,6
67561099999,"NDOLA SIMON MWANSA KAWEPEWE INTERNATIONAL, ZA",-12.9833333,28.65,1270.1,9/5/2007,49.6,5,0,,999.9,,82.4,*,69.8,*,13,,0,I,9999.9,0,999.9,,999.9,0,77.4,5,6.2,5,8.8,5
67561099999,"NDOLA SIMON MWANSA KAWEPEWE INTERNATIONAL, ZA",-12.9833333,28.65,1270.1,9/13/2007,27.1,7,0,,999.9,,86,*,77,*,9.9,,0,I,9999.9,0,999.9,,999.9,0,83.4,7,5.3,7,6.7,7
67561099999,"NDOLA SIMON MWANSA KAWEPEWE INTERNATIONAL, ZA",-12.9833333,28.65,1270.1,10/17/2007,54.6,10,0,,999.9,,93, ,66.6, ,13,,0,I,9999.9,0,999.9,,999.9,0,83.3,10,8.6,7,6.6,10
67561099999,"NDOLA SIMON MWANSA KAWEPEWE INTERNATIONAL, ZA",-12.9833333,28.65,1270.1,10/18/2007,50.7,7,0,,999.9,,89.6, ,61.7, ,9.9,,0,G,9999.9,0,999.9,,999.9,0,84.3,7,6.3,7,5.7,7
67561099999,"NDOLA SIMON MWANSA KAWEPEWE INTERNATIONAL, ZA",-12.9833333,28.65,1270.1,10/19/2007,51.8,7,10000,,999.9,,91.4, ,60.1, ,9.9,,99.99, ,9999.9,0,999.9,,999.9,0,84.6,7,7.5,6,6.3,7
67561099999,"NDOLA SIMON MWANSA KAWEPEWE INTERNATIONAL, ZA",-12.9833333,28.65,1270.1,10/22/2007,53.8,5,0,,999.9,,90.1, ,61, ,8.9,,0,I,9999.9,0,999.9,,999.9,0,80.9,5,8,5,7.4,5
67561099999,"NDOLA SIMON MWANSA KAWEPEWE INTERNATIONAL, ZA",-12.9833333,28.65,1270.1,10/23/2007,55.8,5,0,,999.9,,90, ,62.6, ,14,,0,I,9999.9,0,999.9,,999.9,0,77.1,5,8,5,8.4,5
67561099999,"NDOLA SIMON MWANSA KAWEPEWE INTERNATIONAL, ZA",-12.9833333,28.65,1270.1,10/25/2007,46.1,5,0,,999.9,,93.2,*,84.2,*,13,,0,I,9999.9,0,999.9,,999.9,0,90,5,9.9,5,7.2,5
67561099999,"NDOLA SIMON MWANSA KAWEPEWE INTERNATIONAL, ZA",-12.9833333,28.65,1270.1,10/26/2007,56.9,5,0,,999.9,,94.6, ,66.6, ,15,,0,I,9999.9,0,999.9,,999.9,0,81.4,5,9.2,5,8.8,5
67561099999,"NDOLA SIMON MWANSA KAWEPEWE INTERNATIONAL, ZA",-12.9833333,28.65,1270.1,10/29/2007,58.2,5,0,,999.9,,88.5, ,61.7, ,16.9,,0.08,G,9999.9,0,999.9,,999.9,0,80.9,5,11.7,5,11,5
67561099999,"NDOLA SIMON MWANSA KAWEPEWE INTERNATIONAL, ZA",-12.9833333,28.65,1270.1,10/30/2007,55.3,7,10,,999.9,,87.8, ,63.7, ,8.9,,0,G,9999.9,0,999.9,,999.9,0,84.1,7,10.1,6,4.2,7
67561099999,"NDOLA SIMON MWANSA KAWEPEWE INTERNATIONAL, ZA",-12.9833333,28.65,1270.1,11/2/2007,54.5,4,0,,999.9,,91.8, ,65.5, ,8.9,,0,I,9999.9,0,999.9,,999.9,0,83.5,4,10.3,4,6.3,4
67561099999,"NDOLA SIMON MWANSA KAWEPEWE INTERNATIONAL, ZA",-12.9833333,28.65,1270.1,11/5/2007,62.2,6,0,,999.9,,90.3, ,62.6, ,9.9,,0,G,9999.9,0,999.9,,999.9,0,77.5,6,7.7,5,6.3,6
67561099999,"NDOLA SIMON MWANSA KAWEPEWE INTERNATIONAL, ZA",-12.9833333,28.65,1270.1,11/13/2007,60.5,7,10,,999.9,,86,*,61.9, ,13,,0,I,9999.9,0,999.9,,999.9,0,81.2,7,10.7,6,7.9,7
67561099999,"NDOLA SIMON MWANSA KAWEPEWE INTERNATIONAL, ZA",-12.9833333,28.65,1270.1,11/24/2007,65.1,4,0,,999.9,,86, ,68.2,*,2.9,,0.87,G,9999.9,0,999.9,,999.9,0,77.5,4,9.7,4,0.7,4
67561099999,"NDOLA SIMON MWANSA KAWEPEWE INTERNATIONAL, ZA",-12.9833333,28.65,1270.1,12/2/2007,64.4,6,0,,999.9,,84.2,*,71.6,*,12,,0,I,9999.9,0,999.9,,999.9,0,78.5,6,999.9,0,4.5,6
67561099999,"NDOLA SIMON MWANSA KAWEPEWE INTERNATIONAL, ZA",-12.9833333,28.65,1270.1,12/7/2007,63.5,7,10000,,999.9,,80.6,*,63.5, ,6,,0.2,G,9999.9,0,999.9,,999.9,0,76.8,7,7.8,7,2.3,7
67561099999,"NDOLA SIMON MWANSA KAWEPEWE INTERNATIONAL, ZA",-12.9833333,28.65,1270.1,12/8/2007,64.1,5,10000,,999.9,,82.4, ,65.1, ,5.1,,0.12,G,9999.9,0,999.9,,999.9,0,69.3,5,6.8,5,3.8,5
67561099999,"NDOLA SIMON MWANSA KAWEPEWE INTERNATIONAL, ZA",-12.9833333,28.65,1270.1,12/12/2007,66,4,0,,999.9,,81.1, ,61.5, ,9.9,,0.63,G,9999.9,0,999.9,,999.9,0,76.4,4,8.4,4,6.7,4
67561099999,"NDOLA SIMON MWANSA KAWEPEWE INTERNATIONAL, ZA",-12.9833333,28.65,1270.1,12/13/2007,64.2,6,10000,,999.9,,83.3, ,63.5, ,9.9,,3.74,G,9999.9,0,999.9,,999.9,0,67.6,6,5.9,6,4,6
67561099999,"NDOLA SIMON MWANSA KAWEPEWE INTERNATIONAL, ZA",-12.9833333,28.65,1270.1,12/17/2007,67.4,7,10010,,999.9,,80.6,*,64.4, ,8,,99.99, ,9999.9,0,999.9,,999.9,0,71.8,7,7.9,6,2.6,7
67561099999,"NDOLA SIMON MWANSA KAWEPEWE INTERNATIONAL, ZA",-12.9833333,28.65,1270.1,12/18/2007,65.7,7,10,,999.9,,82.6, ,65.1, ,4.1,,1.18,G,9999.9,0,999.9,,999.9,0,74.5,7,9.8,7,1.6,7
67561099999,"NDOLA SIMON MWANSA KAWEPEWE INTERNATIONAL, ZA",-12.9833333,28.65,1270.1,12/20/2007,62.5,5,0,,999.9,,77,*,64.6, ,9.9,,0.12,G,9999.9,0,999.9,,999.9,0,72.8,5,8.7,5,7.4,5
67561099999,"NDOLA SIMON MWANSA KAWEPEWE INTERNATIONAL, ZA",-12.9833333,28.65,1270.1,12/24/2007,65.8,5,10000,,999.9,,82.2, ,65.1, ,999.9,,1.57,G,9999.9,0,999.9,,999.9,0,68.3,5,5,5,0,5
67561099999,"NDOLA SIMON MWANSA KAWEPEWE INTERNATIONAL, ZA",-12.9833333,28.65,1270.1,12/26/2007,67.4,5,10010,,999.9,,78.1, ,62.8, ,4.1,,0.31,G,9999.9,0,999.9,,999.9,0,69.7,5,10.9,4,2,5
67561099999,"NDOLA SIMON MWANSA KAWEPEWE INTERNATIONAL, ZA",-12.9833333,28.65,1270.1,12/27/2007,65.2,4,0,,999.9,,71.8,*,66.2,*,6,,0,G,9999.9,0,999.9,,999.9,0,68.9,4,9.9,4,3.5,4
67561099999,"NDOLA SIMON MWANSA KAWEPEWE INTERNATIONAL, ZA",-12.9833333,28.65,1270.1,12/31/2007,65.5,6,10000,,999.9,,79.5, ,63.5, ,7,,0.31,G,9999.9,0,999.9,,999.9,0,70.7,6,8.4,6,2.8,6
67561099999,"NDOLA SIMON MWANSA KAWEPEWE INTERNATIONAL, ZA",-12.9833333,28.65,1270.1,1/2/2008,66.6,4,10,,999.9,,80.6, ,64.4, ,7,,0,G,9999.9,0,999.9,,999.9,0,75.3,4,6.8,4,4.3,4
67561099999,"NDOLA SIMON MWANSA KAWEPEWE INTERNATIONAL, ZA",-12.9833333,28.65,1270.1,1/16/2008,65.3,5,10000,,999.9,,77,*,64,*,5.1,,99.99, ,9999.9,0,999.9,,999.9,0,72.6,5,8.4,4,3.6,5
67561099999,"NDOLA SIMON MWANSA KAWEPEWE INTERNATIONAL, ZA",-12.9833333,28.65,1270.1,1/18/2008,63.1,4,0,,999.9,,80.6,*,77,*,6,,0,I,9999.9,0,999.9,,999.9,0,78.6,4,9.9,4,2,4
67561099999,"NDOLA SIMON MWANSA KAWEPEWE INTERNATIONAL, ZA",-12.9833333,28.65,1270.1,1/23/2008,65.6,4,10010,,999.9,,81.5, ,62.8, ,999.9,,99.99, ,9999.9,0,999.9,,999.9,0,70.9,4,7.7,4,999.9,0
67561099999,"NDOLA SIMON MWANSA KAWEPEWE INTERNATIONAL, ZA",-12.9833333,28.65,1270.1,1/24/2008,65.6,4,10010,,999.9,,80.2, ,64, ,7,,1.5,G,9999.9,0,999.9,,999.9,0,69.1,4,12.8,4,1.7,4
67561099999,"NDOLA SIMON MWANSA KAWEPEWE INTERNATIONAL, ZA",-12.9833333,28.65,1270.1,1/25/2008,65.5,5,10010,,999.9,,80.6,*,66.2,*,9.9,,0,G,9999.9,0,999.9,,999.9,0,73,5,9.3,5,5.6,5
67561099999,"NDOLA SIMON MWANSA KAWEPEWE INTERNATIONAL, ZA",-12.9833333,28.65,1270.1,1/28/2008,65,7,10000,,999.9,,77,*,61.9, ,7,,0.71,G,9999.9,0,999.9,,999.9,0,69.1,7,7.9,6,3.7,7
67561099999,"NDOLA SIMON MWANSA KAWEPEWE INTERNATIONAL, ZA",-12.9833333,28.65,1270.1,1/30/2008,62.4,5,10,,999.9,,78.8,*,72.9,*,8,,0,I,9999.9,0,999.9,,999.9,0,75.5,5,9.9,4,5.2,5
67561099999,"NDOLA SIMON MWANSA KAWEPEWE INTERNATIONAL, ZA",-12.9833333,28.65,1270.1,2/4/2008,64.8,4,0,,999.9,,77,*,71.6,*,7,,0,I,9999.9,0,999.9,,999.9,0,74.8,4,6.8,4,3.5,4
67561099999,"NDOLA SIMON MWANSA KAWEPEWE INTERNATIONAL, ZA",-12.9833333,28.65,1270.1,2/6/2008,65.6,6,10010,,999.9,,68.4,*,64.4,*,8.9,,99.99, ,9999.9,0,999.9,,999.9,0,66.6,6,6.3,4,4.3,6
67561099999,"NDOLA SIMON MWANSA KAWEPEWE INTERNATIONAL, ZA",-12.9833333,28.65,1270.1,2/7/2008,59.9,6,0,,999.9,,80.6,*,73.4,*,4.1,,0,I,9999.9,0,999.9,,999.9,0,78.8,6,7,6,0.7,6
67561099999,"NDOLA SIMON MWANSA KAWEPEWE INTERNATIONAL, ZA",-12.9833333,28.65,1270.1,2/12/2008,60.6,9,0,,999.9,,80.6,*,56.3, ,8,,0,I,9999.9,0,999.9,,999.9,0,75.2,9,8.7,9,2.9,8
67561099999,"NDOLA SIMON MWANSA KAWEPEWE INTERNATIONAL, ZA",-12.9833333,28.65,1270.1,2/13/2008,61.9,4,0,,999.9,,82.2, ,59, ,2.9,,0,I,9999.9,0,999.9,,999.9,0,73.8,4,999.9,0,1.5,4
67561099999,"NDOLA SIMON MWANSA KAWEPEWE INTERNATIONAL, ZA",-12.9833333,28.65,1270.1,2/14/2008,62.3,6,0,,999.9,,87.8, ,59.9, ,8,,0,I,9999.9,0,999.9,,999.9,0,74.4,6,6.7,6,5,6
67561099999,"NDOLA SIMON MWANSA KAWEPEWE INTERNATIONAL, ZA",-12.9833333,28.65,1270.1,2/15/2008,52.7,4,0,,999.9,,84.2,*,82.4,*,9.9,,0,I,9999.9,0,999.9,,999.9,0,83.3,4,6.4,4,6.2,4
67561099999,"NDOLA SIMON MWANSA KAWEPEWE INTERNATIONAL, ZA",-12.9833333,28.65,1270.1,2/19/2008,63.5,5,0,,999.9,,87.4, ,59.9, ,8,,0,I,9999.9,0,999.9,,999.9,0,71.5,5,7.7,5,2.6,5
67561099999,"NDOLA SIMON MWANSA KAWEPEWE INTERNATIONAL, ZA",-12.9833333,28.65,1270.1,2/20/2008,65.9,4,10,,999.9,,80.2,*,71.6,*,6,,0,I,9999.9,0,999.9,,999.9,0,76,4,9.1,4,2.5,4
67561099999,"NDOLA SIMON MWANSA KAWEPEWE INTERNATIONAL, ZA",-12.9833333,28.65,1270.1,2/21/2008,65,4,10,,999.9,,83.3, ,62.6, ,4.1,,0.2,G,9999.9,0,999.9,,999.9,0,73.9,4,8.9,4,1,4
67561099999,"NDOLA SIMON MWANSA KAWEPEWE INTERNATIONAL, ZA",-12.9833333,28.65,1270.1,2/26/2008,65.3,4,0,,999.9,,77,*,66.2,*,7,,0,I,9999.9,0,999.9,,999.9,0,72.1,4,7,4,2.5,4
67561099999,"NDOLA SIMON MWANSA KAWEPEWE INTERNATIONAL, ZA",-12.9833333,28.65,1270.1,3/1/2008,61.1,4,0,,999.9,,69.8,*,62.2,*,2.9,,0,I,9999.9,0,999.9,,999.9,0,64.8,4,8.7,4,1.5,4
67561099999,"NDOLA SIMON MWANSA KAWEPEWE INTERNATIONAL, ZA",-12.9833333,28.65,1270.1,3/13/2008,65,4,10000,,999.9,,82.4, ,66.2,*,6,,0.08,G,9999.9,0,999.9,,999.9,0,72.5,4,8.7,4,1.5,4
67561099999,"NDOLA SIMON MWANSA KAWEPEWE INTERNATIONAL, ZA",-12.9833333,28.65,1270.1,3/19/2008,64.2,4,10010,,999.9,,82.4, ,62.2, ,8,,0.08,G,9999.9,0,999.9,,999.9,0,68.5,4,7.8,4,3.5,4
67561099999,"NDOLA SIMON MWANSA KAWEPEWE INTERNATIONAL, ZA",-12.9833333,28.65,1270.1,3/25/2008,61.2,6,0,,999.9,,83.5, ,56.1, ,8,,0,I,9999.9,0,999.9,,999.9,0,72.7,6,7.8,6,4.8,6
67561099999,"NDOLA SIMON MWANSA KAWEPEWE INTERNATIONAL, ZA",-12.9833333,28.65,1270.1,3/26/2008,58,6,0,,999.9,,80.6,*,61.3,*,6,,0,I,9999.9,0,999.9,,999.9,0,74.7,6,7.6,6,3,6
67561099999,"NDOLA SIMON MWANSA KAWEPEWE INTERNATIONAL, ZA",-12.9833333,28.65,1270.1,3/27/2008,54.6,6,0,,999.9,,80.8, ,54.9, ,5.1,,0,I,9999.9,0,999.9,,999.9,0,74.2,6,8.8,6,3,6
67561099999,"NDOLA SIMON MWANSA KAWEPEWE INTERNATIONAL, ZA",-12.9833333,28.65,1270.1,4/8/2008,63.9,4,0,,999.9,,82.4,*,66.2,*,999.9,,0,I,9999.9,0,999.9,,999.9,0,74.3,4,6.8,4,999.9,0
67561099999,"NDOLA SIMON MWANSA KAWEPEWE INTERNATIONAL, ZA",-12.9833333,28.65,1270.1,4/9/2008,61.1,6,0,,999.9,,77,*,64.4,*,9.9,,0,I,9999.9,0,999.9,,999.9,0,72.8,6,6.8,5,7.1,5
67561099999,"NDOLA SIMON MWANSA KAWEPEWE INTERNATIONAL, ZA",-12.9833333,28.65,1270.1,4/22/2008,59.5,4,0,,999.9,,84.2,*,66.2,*,8,,0,I,9999.9,0,999.9,,999.9,0,79.7,4,6.8,4,4.2,4
67561099999,"NDOLA SIMON MWANSA KAWEPEWE INTERNATIONAL, ZA",-12.9833333,28.65,1270.1,5/7/2008,53.2,5,0,,999.9,,84.2,*,75.2,*,5.1,,0,I,9999.9,0,999.9,,999.9,0,80.6,5,6.2,5,3.4,5
67561099999,"NDOLA SIMON MWANSA KAWEPEWE INTERNATIONAL, ZA",-12.9833333,28.65,1270.1,5/13/2008,43.6,7,0,,999.9,,84.2,*,73.4,*,15.9,,0,I,9999.9,0,999.9,,999.9,0,80.9,7,6.2,7,8.4,7
67561099999,"NDOLA SIMON MWANSA KAWEPEWE INTERNATIONAL, ZA",-12.9833333,28.65,1270.1,5/14/2008,49.2,7,0,,999.9,,86.5, ,49.1, ,8.9,,0,I,9999.9,0,999.9,,999.9,0,74.9,7,7.9,7,6.9,7
67561099999,"NDOLA SIMON MWANSA KAWEPEWE INTERNATIONAL, ZA",-12.9833333,28.65,1270.1,5/19/2008,48.2,7,0,,999.9,,78.8,*,64.4,*,8.9,,0,I,9999.9,0,999.9,,999.9,0,73.4,7,6.2,7,6.7,7
67561099999,"NDOLA SIMON MWANSA KAWEPEWE INTERNATIONAL, ZA",-12.9833333,28.65,1270.1,5/20/2008,51.6,5,0,,999.9,,78.8,*,66.2,*,8,,0,I,9999.9,0,999.9,,999.9,0,72.5,5,8.6,5,5.2,5
67561099999,"NDOLA SIMON MWANSA KAWEPEWE INTERNATIONAL, ZA",-12.9833333,28.65,1270.1,5/26/2008,48.2,4,0,,999.9,,80.6,*,69.8,*,8.9,,0,I,9999.9,0,999.9,,999.9,0,75.7,4,6.2,4,4.5,4
67561099999,"NDOLA SIMON MWANSA KAWEPEWE INTERNATIONAL, ZA",-12.9833333,28.65,1270.1,5/28/2008,51.6,4,0,,999.9,,79.9, ,53.8, ,8,,0,I,9999.9,0,999.9,,999.9,0,65.3,4,13.2,4,5,4
67561099999,"NDOLA SIMON MWANSA KAWEPEWE INTERNATIONAL, ZA",-12.9833333,28.65,1270.1,6/2/2008,48.7,7,0,,999.9,,80.6,*,71.6,*,7,,0,I,9999.9,0,999.9,,999.9,0,78.3,7,6.2,7,3.2,7
67561099999,"NDOLA SIMON MWANSA KAWEPEWE INTERNATIONAL, ZA",-12.9833333,28.65,1270.1,6/3/2008,50.1,6,0,,999.9,,82.6, ,48.7, ,8,,0,I,9999.9,0,999.9,,999.9,0,64.2,6,7.6,6,2.3,6
67561099999,"NDOLA SIMON MWANSA KAWEPEWE INTERNATIONAL, ZA",-12.9833333,28.65,1270.1,6/4/2008,45.6,7,0,,999.9,,79.7,*,71.6,*,12,,0,I,9999.9,0,999.9,,999.9,0,76.2,7,8.4,7,4.8,7
67561099999,"NDOLA SIMON MWANSA KAWEPEWE INTERNATIONAL, ZA",-12.9833333,28.65,1270.1,6/6/2008,43.7,4,0,,22.9,,79.7, ,41.9, ,8.9,,0,I,9999.9,0,999.9,,999.9,0,63.5,4,9.6,4,3.5,4
67561099999,"NDOLA SIMON MWANSA KAWEPEWE INTERNATIONAL, ZA",-12.9833333,28.65,1270.1,6/9/2008,36.6,4,0,,999.9,,75.7,*,71.6,*,11.1,,0,I,9999.9,0,999.9,,999.9,0,74.4,4,7.7,4,8.5,4
67561099999,"NDOLA SIMON MWANSA KAWEPEWE INTERNATIONAL, ZA",-12.9833333,28.65,1270.1,6/10/2008,45.4,5,0,,999.9,,76.5, ,46.4, ,12,,0,I,9999.9,0,999.9,,999.9,0,67.1,5,8.6,5,8.6,5
67561099999,"NDOLA SIMON MWANSA KAWEPEWE INTERNATIONAL, ZA",-12.9833333,28.65,1270.1,6/16/2008,50.6,6,0,,999.9,,81.9, ,49.8, ,9.9,,0,I,9999.9,0,999.9,,999.9,0,72.8,6,6.2,6,4.8,6
67561099999,"NDOLA SIMON MWANSA KAWEPEWE INTERNATIONAL, ZA",-12.9833333,28.65,1270.1,6/17/2008,49,7,0,,999.9,,80.6, ,50.9, ,12,,0,I,9999.9,0,999.9,,999.9,0,67.8,7,7,7,8.2,7
67561099999,"NDOLA SIMON MWANSA KAWEPEWE INTERNATIONAL, ZA",-12.9833333,28.65,1270.1,6/18/2008,44.2,8,0,,999.9,,75.9,*,66.2,*,11.1,,0,I,9999.9,0,999.9,,999.9,0,70.8,8,7.3,8,8.4,8
67561099999,"NDOLA SIMON MWANSA KAWEPEWE INTERNATIONAL, ZA",-12.9833333,28.65,1270.1,6/23/2008,41.3,7,0,,999.9,,77,*,59,*,16.9,,0,I,9999.9,0,999.9,,999.9,0,69.7,8,7.7,8,9.3,8
67561099999,"NDOLA SIMON MWANSA KAWEPEWE INTERNATIONAL, ZA",-12.9833333,28.65,1270.1,6/24/2008,41.3,5,0,,999.9,,75.2,*,66.2,*,11.1,,0,I,9999.9,0,999.9,,999.9,0,72.1,5,8,5,7.4,5
67561099999,"NDOLA SIMON MWANSA KAWEPEWE INTERNATIONAL, ZA",-12.9833333,28.65,1270.1,6/25/2008,42.9,5,0,,999.9,,76.3, ,47.7, ,14,,0,I,9999.9,0,999.9,,999.9,0,57.1,5,10.5,5,7.8,5
67561099999,"NDOLA SIMON MWANSA KAWEPEWE INTERNATIONAL, ZA",-12.9833333,28.65,1270.1,7/8/2008,39.7,7,0,,999.9,,86.2, ,58.6,*,8.9,,0,I,9999.9,0,999.9,,999.9,0,74,7,8.4,7,4.9,7
67561099999,"NDOLA SIMON MWANSA KAWEPEWE INTERNATIONAL, ZA",-12.9833333,28.65,1270.1,7/9/2008,45,4,0,,999.9,,83.5, ,47.8, ,8,,0,I,9999.9,0,999.9,,999.9,0,74.7,4,6.7,4,5.2,4
67561099999,"NDOLA SIMON MWANSA KAWEPEWE INTERNATIONAL, ZA",-12.9833333,28.65,1270.1,7/16/2008,43.3,6,0,,999.9,,75.2,*,44.4, ,6,,0,I,9999.9,0,999.9,,999.9,0,68.3,6,11.9,6,2.2,6
67561099999,"NDOLA SIMON MWANSA KAWEPEWE INTERNATIONAL, ZA",-12.9833333,28.65,1270.1,7/17/2008,44.2,5,0,,21,,75.2,*,51.8,*,8,,0,I,9999.9,0,999.9,,999.9,0,65.1,5,6.2,5,4,5
67561099999,"NDOLA SIMON MWANSA KAWEPEWE INTERNATIONAL, ZA",-12.9833333,28.65,1270.1,7/22/2008,47.5,5,0,,999.9,,78.1, ,52.2, ,16.9,,0,I,9999.9,0,999.9,,999.9,0,66.3,5,10.1,5,11.6,5
67561099999,"NDOLA SIMON MWANSA KAWEPEWE INTERNATIONAL, ZA",-12.9833333,28.65,1270.1,7/23/2008,49.1,6,0,,999.9,,76.3, ,55.9, ,15,,0,I,9999.9,0,999.9,,999.9,0,68.6,6,10.3,6,10.1,6
67561099999,"NDOLA SIMON MWANSA KAWEPEWE INTERNATIONAL, ZA",-12.9833333,28.65,1270.1,7/24/2008,48.8,10,0,,999.9,,77,*,51.8,*,15,,0,I,9999.9,0,999.9,,999.9,0,69.5,10,7.1,10,4.7,10
67561099999,"NDOLA SIMON MWANSA KAWEPEWE INTERNATIONAL, ZA",-12.9833333,28.65,1270.1,7/25/2008,48,4,0,,999.9,,78.4, ,52.5, ,13,,0,I,9999.9,0,999.9,,999.9,0,66.9,4,9.3,4,9,4
67561099999,"NDOLA SIMON MWANSA KAWEPEWE INTERNATIONAL, ZA",-12.9833333,28.65,1270.1,7/26/2008,47.3,4,0,,999.9,,79, ,52.5, ,12,,0,I,9999.9,0,999.9,,999.9,0,68.5,4,10.1,4,7.5,4
67561099999,"NDOLA SIMON MWANSA KAWEPEWE INTERNATIONAL, ZA",-12.9833333,28.65,1270.1,7/27/2008,45.1,8,0,,999.9,,78.8, ,53.6,*,9.9,,0,I,9999.9,0,999.9,,999.9,0,67.8,8,8.9,8,5,8
67561099999,"NDOLA SIMON MWANSA KAWEPEWE INTERNATIONAL, ZA",-12.9833333,28.65,1270.1,7/29/2008,48.8,5,0,,22,,73.9,*,69.8,*,14,,0,I,9999.9,0,999.9,,999.9,0,72.1,5,8,5,10,5
67561099999,"NDOLA SIMON MWANSA KAWEPEWE INTERNATIONAL, ZA",-12.9833333,28.65,1270.1,7/30/2008,44.3,5,0,,999.9,,77,*,50,*,6,,0,I,9999.9,0,999.9,,999.9,0,65.5,5,8,5,3.6,5
67561099999,"NDOLA SIMON MWANSA KAWEPEWE INTERNATIONAL, ZA",-12.9833333,28.65,1270.1,8/5/2008,47.9,7,0,,999.9,,73.4,*,57.2,*,8.9,,0,I,9999.9,0,999.9,,999.9,0,68.5,7,6.3,7,6.4,7
67561099999,"NDOLA SIMON MWANSA KAWEPEWE INTERNATIONAL, ZA",-12.9833333,28.65,1270.1,8/7/2008,50.5,4,0,,999.9,,80.6,*,71.6,*,9.9,,0,I,9999.9,0,999.9,,999.9,0,77,4,6.2,4,4.7,4
67561099999,"NDOLA SIMON MWANSA KAWEPEWE INTERNATIONAL, ZA",-12.9833333,28.65,1270.1,8/8/2008,49,7,0,,999.9,,84.2,*,54.3, ,8.9,,0,I,9999.9,0,999.9,,999.9,0,77.4,7,5.7,7,2,7
67561099999,"NDOLA SIMON MWANSA KAWEPEWE INTERNATIONAL, ZA",-12.9833333,28.65,1270.1,8/10/2008,46,5,0,,22.9,,78.8,*,76.3,*,15,,0,I,9999.9,0,999.9,,999.9,0,78.3,5,7.4,5,11.5,5
67561099999,"NDOLA SIMON MWANSA KAWEPEWE INTERNATIONAL, ZA",-12.9833333,28.65,1270.1,8/12/2008,48.4,6,0,,999.9,,78.8,*,73.4,*,8.9,,0,I,9999.9,0,999.9,,999.9,0,77.5,6,10.3,6,4.5,6
67561099999,"NDOLA SIMON MWANSA KAWEPEWE INTERNATIONAL, ZA",-12.9833333,28.65,1270.1,8/18/2008,47.7,6,0,,999.9,,86.7, ,49.5, ,16.9,,0,I,9999.9,0,999.9,,999.9,0,72.9,6,7.2,6,12.8,6
67561099999,"NDOLA SIMON MWANSA KAWEPEWE INTERNATIONAL, ZA",-12.9833333,28.65,1270.1,8/20/2008,42.5,7,0,,999.9,,84.2,*,52, ,9.9,,0,I,9999.9,0,999.9,,999.9,0,76.9,7,7.9,7,8.4,7
67561099999,"NDOLA SIMON MWANSA KAWEPEWE INTERNATIONAL, ZA",-12.9833333,28.65,1270.1,8/21/2008,41.4,6,0,,999.9,,80.6,*,46.9, ,9.9,,0,I,9999.9,0,999.9,,999.9,0,67.8,6,6.7,6,6.1,6
67561099999,"NDOLA SIMON MWANSA KAWEPEWE INTERNATIONAL, ZA",-12.9833333,28.65,1270.1,8/22/2008,43.7,6,0,,999.9,,84.2, ,50, ,13,,0,I,9999.9,0,999.9,,999.9,0,71.8,6,7.2,6,6.2,6
67561099999,"NDOLA SIMON MWANSA KAWEPEWE INTERNATIONAL, ZA",-12.9833333,28.65,1270.1,8/23/2008,43.1,4,0,,999.9,,82.4, ,49.6, ,6,,0,I,9999.9,0,999.9,,999.9,0,66.9,4,8.5,4,2.2,4
67561099999,"NDOLA SIMON MWANSA KAWEPEWE INTERNATIONAL, ZA",-12.9833333,28.65,1270.1,8/26/2008,44.5,4,0,,999.9,,87.4,*,51.8, ,5.1,,0,I,9999.9,0,999.9,,999.9,0,80.5,4,7.4,4,1.3,4
67561099999,"NDOLA SIMON MWANSA KAWEPEWE INTERNATIONAL, ZA",-12.9833333,28.65,1270.1,8/27/2008,41.9,5,0,,999.9,,89.4, ,64.4,*,4.1,,0,I,9999.9,0,999.9,,999.9,0,83.3,5,8,5,3.4,5
67561099999,"NDOLA SIMON MWANSA KAWEPEWE INTERNATIONAL, ZA",-12.9833333,28.65,1270.1,8/28/2008,44.5,5,0,,999.9,,90.1, ,53.8, ,5.1,,0,I,9999.9,0,999.9,,999.9,0,70.8,5,4.2,5,2.6,5
67561099999,"NDOLA SIMON MWANSA KAWEPEWE INTERNATIONAL, ZA",-12.9833333,28.65,1270.1,9/8/2008,45.2,5,0,,16.9,,90.7,*,55.6,*,8,,0,I,9999.9,0,999.9,,999.9,0,76.5,5,5,5,3,5
67561099999,"NDOLA SIMON MWANSA KAWEPEWE INTERNATIONAL, ZA",-12.9833333,28.65,1270.1,9/11/2008,34.2,6,0,,999.9,,92.7, ,65.8,*,6,,0,I,9999.9,0,999.9,,999.9,0,84.4,6,5.3,6,4.4,6
67561099999,"NDOLA SIMON MWANSA KAWEPEWE INTERNATIONAL, ZA",-12.9833333,28.65,1270.1,9/13/2008,44.9,7,0,,999.9,,83.1, ,59.5,*,13,,0,I,9999.9,0,999.9,,999.9,0,73.7,7,6,7,11.3,7
67561099999,"NDOLA SIMON MWANSA KAWEPEWE INTERNATIONAL, ZA",-12.9833333,28.65,1270.1,9/15/2008,39.9,5,0,,23.9,,83.5, ,48.2, ,8.9,,0,I,9999.9,0,999.9,,999.9,0,67.1,5,6.8,5,6,5
67561099999,"NDOLA SIMON MWANSA KAWEPEWE INTERNATIONAL, ZA",-12.9833333,28.65,1270.1,9/16/2008,31.3,8,0,,999.9,,88.2,*,62.2,*,5.1,,0,I,9999.9,0,999.9,,999.9,0,81.5,8,8.9,8,2.2,7
67561099999,"NDOLA SIMON MWANSA KAWEPEWE INTERNATIONAL, ZA",-12.9833333,28.65,1270.1,9/17/2008,31.5,4,0,,999.9,,91.4,*,87.8,*,4.1,,0,I,9999.9,0,999.9,,999.9,0,90.1,4,6.2,4,2.5,4
67561099999,"NDOLA SIMON MWANSA KAWEPEWE INTERNATIONAL, ZA",-12.9833333,28.65,1270.1,10/25/2008,48.6,4,0,,999.9,,87.8,*,61.7,*,9.9,,0,I,9999.9,0,999.9,,999.9,0,80.4,4,5.9,4,3.7,4
67561099999,"NDOLA SIMON MWANSA KAWEPEWE INTERNATIONAL, ZA",-12.9833333,28.65,1270.1,12/2/2008,61.3,4,0,,21,,84.2,*,60.3, ,9.9,,0.04,G,9999.9,0,999.9,,999.9,0,80.2,4,9.9,4,7,4
67561099999,"NDOLA SIMON MWANSA KAWEPEWE INTERNATIONAL, ZA",-12.9833333,28.65,1270.1,1/29/2009,62.9,4,0,,999.9,,86, ,62.6, ,2.9,,0,G,9999.9,0,999.9,,999.9,0,78,4,12.8,4,0.7,4
67561099999,"NDOLA SIMON MWANSA KAWEPEWE INTERNATIONAL, ZA",-12.9833333,28.65,1270.1,2/4/2009,65.4,4,0,,999.9,,80.6, ,63.1, ,999.9,,1.57,G,9999.9,0,999.9,,999.9,0,70.9,4,9.2,4,0,4
67561099999,"NDOLA SIMON MWANSA KAWEPEWE INTERNATIONAL, ZA",-12.9833333,28.65,1270.1,2/9/2009,65,4,10,,999.9,,82.4, ,59, ,5.1,,0,I,9999.9,0,999.9,,999.9,0,76.3,4,9.9,4,2.5,4
67561099999,"NDOLA SIMON MWANSA KAWEPEWE INTERNATIONAL, ZA",-12.9833333,28.65,1270.1,2/11/2009,65.2,5,10010,,999.9,,81.9, ,64.8, ,5.1,,0.16,G,9999.9,0,999.9,,999.9,0,69.8,5,4.5,5,1.6,5
67561099999,"NDOLA SIMON MWANSA KAWEPEWE INTERNATIONAL, ZA",-12.9833333,28.65,1270.1,2/24/2009,65,4,0,,999.9,,79.9, ,63.7, ,5.1,,0,I,9999.9,0,999.9,,999.9,0,72.9,4,999.9,0,1.3,4
67561099999,"NDOLA SIMON MWANSA KAWEPEWE INTERNATIONAL, ZA",-12.9833333,28.65,1270.1,2/25/2009,63.9,4,10000,,999.9,,80.6,*,63.3, ,8,,0.08,G,9999.9,0,999.9,,999.9,0,72.4,4,999.9,0,6,4
67561099999,"NDOLA SIMON MWANSA KAWEPEWE INTERNATIONAL, ZA",-12.9833333,28.65,1270.1,3/4/2009,65.5,5,0,,999.9,,80.6,*,69.8,*,8.9,,0,I,9999.9,0,999.9,,999.9,0,75.6,5,7,5,5,5
67561099999,"NDOLA SIMON MWANSA KAWEPEWE INTERNATIONAL, ZA",-12.9833333,28.65,1270.1,3/17/2009,67.3,7,10010,,999.9,,76.3, ,64.6, ,5.1,,1.38,G,9999.9,0,999.9,,999.9,0,69.8,7,4.6,7,3.2,7
67561099999,"NDOLA SIMON MWANSA KAWEPEWE INTERNATIONAL, ZA",-12.9833333,28.65,1270.1,4/7/2009,56,4,0,,999.9,,79.2,*,74.7,*,6,,0,I,9999.9,0,999.9,,999.9,0,77,4,12.6,4,4.3,4
67561099999,"NDOLA SIMON MWANSA KAWEPEWE INTERNATIONAL, ZA",-12.9833333,28.65,1270.1,5/4/2009,62.3,4,0,,999.9,,85.8, ,60.1, ,6,,0,I,9999.9,0,999.9,,999.9,0,67.8,4,9.5,4,2.5,4
67561099999,"NDOLA SIMON MWANSA KAWEPEWE INTERNATIONAL, ZA",-12.9833333,28.65,1270.1,5/5/2009,62.5,7,110010,,999.9,,88.2, ,61.2, ,7,,0.16,G,9999.9,0,999.9,,999.9,0,78.3,7,9.9,7,1.9,7
67561099999,"NDOLA SIMON MWANSA KAWEPEWE INTERNATIONAL, ZA",-12.9833333,28.65,1270.1,5/6/2009,62.8,5,0,,999.9,,85.6, ,59.4, ,6,,0.08,G,9999.9,0,999.9,,999.9,0,72.3,5,10.1,5,2.8,5
67561099999,"NDOLA SIMON MWANSA KAWEPEWE INTERNATIONAL, ZA",-12.9833333,28.65,1270.1,5/15/2009,55.3,4,0,,999.9,,78.8,*,73.4,*,999.9,,0,I,9999.9,0,999.9,,999.9,0,76.5,4,999.9,0,0,4
67561099999,"NDOLA SIMON MWANSA KAWEPEWE INTERNATIONAL, ZA",-12.9833333,28.65,1270.1,5/18/2009,9999.9,0,0,,999.9,,85.3, ,53.6, ,7,,0,I,9999.9,0,999.9,,999.9,0,69.8,4,9,4,1.7,4
67561099999,"NDOLA SIMON MWANSA KAWEPEWE INTERNATIONAL, ZA",-12.9833333,28.65,1270.1,5/20/2009,53.2,4,0,,999.9,,79.5,*,75.2,*,12,,0,I,9999.9,0,999.9,,999.9,0,77.7,4,11.6,4,8.5,4
67561099999,"NDOLA SIMON MWANSA KAWEPEWE INTERNATIONAL, ZA",-12.9833333,28.65,1270.1,5/25/2009,48.7,4,0,,999.9,,78.8,*,77,*,9.9,,0,I,9999.9,0,999.9,,999.9,0,78.2,4,9.5,4,3.5,4
67561099999,"NDOLA SIMON MWANSA KAWEPEWE INTERNATIONAL, ZA",-12.9833333,28.65,1270.1,6/15/2009,48.1,4,0,,22.9,,81.3,*,77.4,*,8,,0,I,9999.9,0,999.9,,999.9,0,79.5,4,10.8,4,3.3,4
67561099999,"NDOLA SIMON MWANSA KAWEPEWE INTERNATIONAL, ZA",-12.9833333,28.65,1270.1,6/19/2009,50.9,4,0,,999.9,,81.3, ,52.5, ,11.1,,0,I,9999.9,0,999.9,,999.9,0,65.1,4,7.2,4,5.2,4
67561099999,"NDOLA SIMON MWANSA KAWEPEWE INTERNATIONAL, ZA",-12.9833333,28.65,1270.1,6/24/2009,48.1,4,0,,999.9,,82.4,*,50.5, ,5.1,,0,I,9999.9,0,999.9,,999.9,0,75.4,4,5.9,4,2.7,4
67561099999,"NDOLA SIMON MWANSA KAWEPEWE INTERNATIONAL, ZA",-12.9833333,28.65,1270.1,6/25/2009,46.5,4,0,,999.9,,83.7, ,47.5, ,7,,0,I,9999.9,0,999.9,,999.9,0,65.3,4,999.9,0,2.8,4
67561099999,"NDOLA SIMON MWANSA KAWEPEWE INTERNATIONAL, ZA",-12.9833333,28.65,1270.1,6/29/2009,44.5,6,0,,999.9,,78.8,*,66.2,*,7,,0,I,9999.9,0,999.9,,999.9,0,74.5,6,6.9,6,6.2,5
67561099999,"NDOLA SIMON MWANSA KAWEPEWE INTERNATIONAL, ZA",-12.9833333,28.65,1270.1,7/7/2009,46.4,4,0,,999.9,,80.6,*,66.2,*,9.9,,0,I,9999.9,0,999.9,,999.9,0,72.9,4,9.5,4,6,4
67561099999,"NDOLA SIMON MWANSA KAWEPEWE INTERNATIONAL, ZA",-12.9833333,28.65,1270.1,7/9/2009,44,6,0,,999.9,,72.9, ,43.9, ,14,,0,I,9999.9,0,999.9,,999.9,0,65,6,8.2,6,8.3,6
67561099999,"NDOLA SIMON MWANSA KAWEPEWE INTERNATIONAL, ZA",-12.9833333,28.65,1270.1,7/10/2009,47.3,5,0,,999.9,,75.2,*,43.5, ,4.1,,0,I,9999.9,0,999.9,,999.9,0,69.3,5,9.3,5,1.4,5
67561099999,"NDOLA SIMON MWANSA KAWEPEWE INTERNATIONAL, ZA",-12.9833333,28.65,1270.1,7/20/2009,44.2,4,0,,999.9,,73.4, ,42.8, ,5.1,,0,I,9999.9,0,999.9,,999.9,0,71.6,4,6.4,4,3.5,4
67561099999,"NDOLA SIMON MWANSA KAWEPEWE INTERNATIONAL, ZA",-12.9833333,28.65,1270.1,7/28/2009,38.8,4,0,,999.9,,72.9, ,45.7, ,5.1,,0,I,9999.9,0,999.9,,999.9,0,62.7,4,9.3,4,3.5,4
67561099999,"NDOLA SIMON MWANSA KAWEPEWE INTERNATIONAL, ZA",-12.9833333,28.65,1270.1,8/6/2009,44.7,5,0,,999.9,,82.8, ,56.8, ,12,,0,I,9999.9,0,999.9,,999.9,0,74.6,5,8.7,5,8,5
67561099999,"NDOLA SIMON MWANSA KAWEPEWE INTERNATIONAL, ZA",-12.9833333,28.65,1270.1,8/7/2009,44.3,6,0,,999.9,,83.5, ,58.8, ,11.1,,0,I,9999.9,0,999.9,,999.9,0,71.7,6,8.2,6,8,6
67561099999,"NDOLA SIMON MWANSA KAWEPEWE INTERNATIONAL, ZA",-12.9833333,28.65,1270.1,8/10/2009,49,5,0,,999.9,,82, ,52.2, ,7,,0,I,9999.9,0,999.9,,999.9,0,76.1,5,10.5,5,4.6,5
67561099999,"NDOLA SIMON MWANSA KAWEPEWE INTERNATIONAL, ZA",-12.9833333,28.65,1270.1,8/18/2009,40.8,4,0,,999.9,,79,*,77,*,5.1,,0,I,9999.9,0,999.9,,999.9,0,78.4,4,7.7,4,2.5,4
67561099999,"NDOLA SIMON MWANSA KAWEPEWE INTERNATIONAL, ZA",-12.9833333,28.65,1270.1,8/19/2009,41.8,4,0,,999.9,,82.4,*,46.8, ,8,,0,I,9999.9,0,999.9,,999.9,0,75.5,4,4.9,4,3.5,4
67561099999,"NDOLA SIMON MWANSA KAWEPEWE INTERNATIONAL, ZA",-12.9833333,28.65,1270.1,8/25/2009,48.8,4,0,,999.9,,83.8, ,54.9, ,14,,0,I,9999.9,0,999.9,,999.9,0,70.6,4,6.2,4,7.8,4
67561099999,"NDOLA SIMON MWANSA KAWEPEWE INTERNATIONAL, ZA",-12.9833333,28.65,1270.1,8/31/2009,33,6,0,,999.9,,86,*,50.7, ,12,,0,I,9999.9,0,999.9,,999.9,0,79.8,6,7.4,6,7.2,6
67561099999,"NDOLA SIMON MWANSA KAWEPEWE INTERNATIONAL, ZA",-12.9833333,28.65,1270.1,9/1/2009,28.3,4,0,,999.9,,86.9, ,48.2, ,13,,0,I,9999.9,0,999.9,,999.9,0,77.4,4,5.6,4,3.3,4
67561099999,"NDOLA SIMON MWANSA KAWEPEWE INTERNATIONAL, ZA",-12.9833333,28.65,1270.1,9/3/2009,40.5,4,0,,20,,85.6, ,54.9, ,8,,0,I,9999.9,0,999.9,,999.9,0,77.9,4,4.7,4,6.5,4
67561099999,"NDOLA SIMON MWANSA KAWEPEWE INTERNATIONAL, ZA",-12.9833333,28.65,1270.1,9/14/2009,45.5,5,0,,21,,89.6, ,62.2, ,9.9,,0,I,9999.9,0,999.9,,999.9,0,83,5,11.8,5,5.4,5
67561099999,"NDOLA SIMON MWANSA KAWEPEWE INTERNATIONAL, ZA",-12.9833333,28.65,1270.1,9/17/2009,48.2,4,0,,999.9,,92.5,*,80.6,*,9.9,,0,I,9999.9,0,999.9,,999.9,0,87.3,4,5.1,4,3.7,4
67561099999,"NDOLA SIMON MWANSA KAWEPEWE INTERNATIONAL, ZA",-12.9833333,28.65,1270.1,9/18/2009,45.5,4,0,,999.9,,95, ,60.1, ,8,,0,I,9999.9,0,999.9,,999.9,0,81.5,4,5.3,4,3.3,4
67561099999,"NDOLA SIMON MWANSA KAWEPEWE INTERNATIONAL, ZA",-12.9833333,28.65,1270.1,9/25/2009,49.3,5,0,,999.9,,93.6, ,62.4, ,15,,0,I,9999.9,0,999.9,,999.9,0,86.9,5,8,5,9.6,5
67561099999,"NDOLA SIMON MWANSA KAWEPEWE INTERNATIONAL, ZA",-12.9833333,28.65,1270.1,10/5/2009,60.8,5,0,,999.9,,91.4, ,64, ,6,,0.2,G,9999.9,0,999.9,,999.9,0,83.6,5,8.6,5,2.2,5
67561099999,"NDOLA SIMON MWANSA KAWEPEWE INTERNATIONAL, ZA",-12.9833333,28.65,1270.1,10/16/2009,53.9,5,0,,999.9,,93, ,62.6, ,8,,0,I,9999.9,0,999.9,,999.9,0,81.6,5,5.4,5,3.2,5
67561099999,"NDOLA SIMON MWANSA KAWEPEWE INTERNATIONAL, ZA",-12.9833333,28.65,1270.1,11/13/2009,64.6,4,0,,999.9,,84.2, ,62.2, ,9.9,,0,G,9999.9,0,999.9,,999.9,0,78.4,4,9.9,4,7,4
67561099999,"NDOLA SIMON MWANSA KAWEPEWE INTERNATIONAL, ZA",-12.9833333,28.65,1270.1,11/27/2009,64.4,5,10,,999.9,,88.3, ,63.7, ,5.1,,0,I,9999.9,0,999.9,,999.9,0,75.6,5,6.7,5,2,5
67561099999,"NDOLA SIMON MWANSA KAWEPEWE INTERNATIONAL, ZA",-12.9833333,28.65,1270.1,12/1/2009,63.2,5,0,,13,,84.4,*,64.4,*,5.1,,0,I,9999.9,0,999.9,,999.9,0,76.7,5,9.2,5,3,5
67561099999,"NDOLA SIMON MWANSA KAWEPEWE INTERNATIONAL, ZA",-12.9833333,28.65,1270.1,12/2/2009,63.2,4,10010,,999.9,,86.9, ,64.2, ,8.9,,0.04,G,9999.9,0,999.9,,999.9,0,74.1,4,12.8,4,4.8,4
67561099999,"NDOLA SIMON MWANSA KAWEPEWE INTERNATIONAL, ZA",-12.9833333,28.65,1270.1,12/8/2009,59.8,4,0,,999.9,,86.9, ,63.7, ,8,,0,I,9999.9,0,999.9,,999.9,0,83.3,4,12.8,4,6.2,4
67561099999,"NDOLA SIMON MWANSA KAWEPEWE INTERNATIONAL, ZA",-12.9833333,28.65,1270.1,12/13/2009,64.5,6,10,,19,,80.6,*,73.4,*,8.9,,0,I,9999.9,0,999.9,,999.9,0,78,6,8.8,6,5.6,5
67561099999,"NDOLA SIMON MWANSA KAWEPEWE INTERNATIONAL, ZA",-12.9833333,28.65,1270.1,12/14/2009,64.5,6,0,,999.9,,82.8, ,61.7, ,7,,3.43,G,9999.9,0,999.9,,999.9,0,77.7,6,12.8,6,5,6
67561099999,"NDOLA SIMON MWANSA KAWEPEWE INTERNATIONAL, ZA",-12.9833333,28.65,1270.1,12/21/2009,63.5,4,0,,999.9,,83.8, ,63.5, ,5.1,,0,I,9999.9,0,999.9,,999.9,0,70.9,5,12.4,4,1,5
67561099999,"NDOLA SIMON MWANSA KAWEPEWE INTERNATIONAL, ZA",-12.9833333,28.65,1270.1,12/22/2009,65,9,0,,999.9,,77,*,68,*,6,,0,I,9999.9,0,999.9,,999.9,0,73.6,9,999.9,0,2.3,9
67561099999,"NDOLA SIMON MWANSA KAWEPEWE INTERNATIONAL, ZA",-12.9833333,28.65,1270.1,12/23/2009,65.3,4,0,,999.9,,77,*,66.2,*,45.8,,0,I,9999.9,0,999.9,,999.9,0,71.6,4,4.9,4,13.5,4
67561099999,"NDOLA SIMON MWANSA KAWEPEWE INTERNATIONAL, ZA",-12.9833333,28.65,1270.1,12/24/2009,63.9,4,10,,999.9,,80.6,*,69.8,*,8.9,,0,I,9999.9,0,999.9,,999.9,0,75.6,4,9.9,4,3,4
67561099999,"NDOLA SIMON MWANSA KAWEPEWE INTERNATIONAL, ZA",-12.9833333,28.65,1270.1,12/25/2009,66.7,4,10010,,999.9,,75.2,*,66.2,*,9.9,,99.99, ,9999.9,0,999.9,,999.9,0,70.2,4,6.5,4,6.5,4
67561099999,"NDOLA SIMON MWANSA KAWEPEWE INTERNATIONAL, ZA",-12.9833333,28.65,1270.1,12/27/2009,63.5,4,0,,999.9,,77,*,66.2,*,8,,0,I,9999.9,0,999.9,,999.9,0,71.2,4,999.9,0,3.5,4
67561099999,"NDOLA SIMON MWANSA KAWEPEWE INTERNATIONAL, ZA",-12.9833333,28.65,1270.1,12/28/2009,66.1,9,110010,,999.9,,85.1, ,63.7, ,5.1,,0.03,G,9999.9,0,999.9,,999.9,0,73.3,9,6.4,5,0.9,9
67561099999,"NDOLA SIMON MWANSA KAWEPEWE INTERNATIONAL, ZA",-12.9833333,28.65,1270.1,12/30/2009,65.7,6,10010,,999.9,,77.5, ,64, ,6,,0.28,G,9999.9,0,999.9,,999.9,0,70.8,6,8.4,6,4.9,6
67561099999,"NDOLA SIMON MWANSA KAWEPEWE INTERNATIONAL, ZA",-12.9833333,28.65,1270.1,12/31/2009,64.3,7,10010,,999.9,,81.9, ,64.4,*,7,,0,G,9999.9,0,999.9,,999.9,0,68,7,6.7,7,5,7
67561099999,"NDOLA SIMON MWANSA KAWEPEWE INTERNATIONAL, ZA",-12.9833333,28.65,1270.1,1/1/2010,64.7,7,10,,999.9,,81,*,73.4,*,8,,0,I,9999.9,0,999.9,,999.9,0,77.6,7,8.7,7,2.6,7
67561099999,"NDOLA SIMON MWANSA KAWEPEWE INTERNATIONAL, ZA",-12.9833333,28.65,1270.1,1/2/2010,65.5,5,0,,999.9,,82, ,63.3, ,11.1,,0,I,9999.9,0,999.9,,999.9,0,75.2,5,999.9,0,3.4,5
67561099999,"NDOLA SIMON MWANSA KAWEPEWE INTERNATIONAL, ZA",-12.9833333,28.65,1270.1,1/3/2010,62.9,7,0,,999.9,,84.2,*,66.2,*,2.9,,0,I,9999.9,0,999.9,,999.9,0,77.3,7,7,4,1.1,7
67561099999,"NDOLA SIMON MWANSA KAWEPEWE INTERNATIONAL, ZA",-12.9833333,28.65,1270.1,1/6/2010,65.3,9,10,,999.9,,85.8, ,64.2, ,12,,0,G,9999.9,0,999.9,,999.9,0,77.8,9,7.7,8,5.2,9
67561099999,"NDOLA SIMON MWANSA KAWEPEWE INTERNATIONAL, ZA",-12.9833333,28.65,1270.1,1/8/2010,65.7,6,10000,,999.9,,82.4, ,66.2, ,999.9,,99.99, ,9999.9,0,999.9,,999.9,0,69.2,6,4.8,6,0,6
67561099999,"NDOLA SIMON MWANSA KAWEPEWE INTERNATIONAL, ZA",-12.9833333,28.65,1270.1,1/9/2010,65.5,5,100000,,999.9,,84.2,*,66.2,*,7,,0,I,9999.9,0,999.9,,999.9,0,73.4,5,999.9,0,5,5
67561099999,"NDOLA SIMON MWANSA KAWEPEWE INTERNATIONAL, ZA",-12.9833333,28.65,1270.1,1/11/2010,65.7,5,10,,999.9,,82.4,*,64.4, ,6,,0.04,G,9999.9,0,999.9,,999.9,0,76.4,5,6.8,5,2.6,5
67561099999,"NDOLA SIMON MWANSA KAWEPEWE INTERNATIONAL, ZA",-12.9833333,28.65,1270.1,1/12/2010,65.4,8,100000,,999.9,,84.2,*,65.8, ,7,,0.2,G,9999.9,0,999.9,,999.9,0,77.6,8,7.3,8,2.4,7
67561099999,"NDOLA SIMON MWANSA KAWEPEWE INTERNATIONAL, ZA",-12.9833333,28.65,1270.1,1/14/2010,64.8,5,0,,999.9,,80.6,*,62.6,*,8,,0,G,9999.9,0,999.9,,999.9,0,74.1,5,999.9,0,4.4,5
67561099999,"NDOLA SIMON MWANSA KAWEPEWE INTERNATIONAL, ZA",-12.9833333,28.65,1270.1,1/15/2010,64.8,7,10000,,999.9,,88.7, ,66.6, ,5.1,,0.43,G,9999.9,0,999.9,,999.9,0,70.7,7,9.9,4,2.9,7
67561099999,"NDOLA SIMON MWANSA KAWEPEWE INTERNATIONAL, ZA",-12.9833333,28.65,1270.1,1/17/2010,64.1,6,10010,,999.9,,71.6,*,66.2,*,8.9,,99.99, ,9999.9,0,999.9,,999.9,0,69.5,6,6.6,6,3.3,6
67561099999,"NDOLA SIMON MWANSA KAWEPEWE INTERNATIONAL, ZA",-12.9833333,28.65,1270.1,1/18/2010,65.4,7,110010,,999.9,,80.4, ,63, ,999.9,,0.67,G,9999.9,0,999.9,,999.9,0,71.2,8,6.8,8,0,8
67561099999,"NDOLA SIMON MWANSA KAWEPEWE INTERNATIONAL, ZA",-12.9833333,28.65,1270.1,1/19/2010,64.7,7,10010,,999.9,,78.8,*,64.4, ,9.9,,0,G,9999.9,0,999.9,,999.9,0,72.4,7,6.6,6,4.1,7
67561099999,"NDOLA SIMON MWANSA KAWEPEWE INTERNATIONAL, ZA",-12.9833333,28.65,1270.1,1/20/2010,64.8,4,0,,999.9,,78.8,*,66.2,*,5.1,,0,I,9999.9,0,999.9,,999.9,0,72.5,4,999.9,0,1.3,4
67561099999,"NDOLA SIMON MWANSA KAWEPEWE INTERNATIONAL, ZA",-12.9833333,28.65,1270.1,1/21/2010,63.4,7,0,,999.9,,82.4,*,64.4,*,5.1,,0,I,9999.9,0,999.9,,999.9,0,76.2,7,7,5,1.9,7
67561099999,"NDOLA SIMON MWANSA KAWEPEWE INTERNATIONAL, ZA",-12.9833333,28.65,1270.1,1/25/2010,63.9,6,100000,,999.9,,82.4,*,59.9, ,2.9,,0,I,9999.9,0,999.9,,999.9,0,73.9,6,5.5,6,0.5,6
67561099999,"NDOLA SIMON MWANSA KAWEPEWE INTERNATIONAL, ZA",-12.9833333,28.65,1270.1,1/26/2010,66.6,4,0,,999.9,,89.1, ,64.6, ,2.9,,0.16,G,9999.9,0,999.9,,999.9,0,78,4,9.1,4,0.7,4
67561099999,"NDOLA SIMON MWANSA KAWEPEWE INTERNATIONAL, ZA",-12.9833333,28.65,1270.1,1/27/2010,66,8,10010,,999.9,,80.6,*,66.2,*,8.9,,0,G,9999.9,0,999.9,,999.9,0,70.7,8,6.6,4,4.5,8
67561099999,"NDOLA SIMON MWANSA KAWEPEWE INTERNATIONAL, ZA",-12.9833333,28.65,1270.1,1/28/2010,66.5,6,0,,999.9,,82.4,*,78.8,*,8,,0,I,9999.9,0,999.9,,999.9,0,81.2,6,7,6,3,6
67561099999,"NDOLA SIMON MWANSA KAWEPEWE INTERNATIONAL, ZA",-12.9833333,28.65,1270.1,1/29/2010,65.8,8,0,,999.9,,84.2, ,63.7, ,7,,1.1,G,9999.9,0,999.9,,999.9,0,74.8,8,7.8,8,4.3,8
67561099999,"NDOLA SIMON MWANSA KAWEPEWE INTERNATIONAL, ZA",-12.9833333,28.65,1270.1,2/1/2010,66.7,7,10000,,999.9,,84.4, ,63, ,2.9,,0.55,G,9999.9,0,999.9,,999.9,0,69.7,7,8.4,7,0.7,7
67561099999,"NDOLA SIMON MWANSA KAWEPEWE INTERNATIONAL, ZA",-12.9833333,28.65,1270.1,2/2/2010,65.2,12,0,,999.9,,84.4, ,64.8, ,8.9,,0.08,G,9999.9,0,999.9,,999.9,0,76.3,12,9.8,10,5.7,12
67561099999,"NDOLA SIMON MWANSA KAWEPEWE INTERNATIONAL, ZA",-12.9833333,28.65,1270.1,2/4/2010,66.1,5,10000,,999.9,,82.8, ,65.5, ,9.9,,0.24,G,9999.9,0,999.9,,999.9,0,69.7,5,7.1,5,6.8,5
67561099999,"NDOLA SIMON MWANSA KAWEPEWE INTERNATIONAL, ZA",-12.9833333,28.65,1270.1,2/5/2010,65.2,5,0,,16.9,,78.1, ,63.3, ,8.9,,0.04,G,9999.9,0,999.9,,999.9,0,70.2,5,9.8,5,4.8,5
67561099999,"NDOLA SIMON MWANSA KAWEPEWE INTERNATIONAL, ZA",-12.9833333,28.65,1270.1,2/8/2010,64.1,9,0,,999.9,,84.2,*,65.5, ,9.9,,0.08,G,9999.9,0,999.9,,999.9,0,78.4,9,8.2,7,6.1,8
67561099999,"NDOLA SIMON MWANSA KAWEPEWE INTERNATIONAL, ZA",-12.9833333,28.65,1270.1,2/9/2010,64,8,10,,999.9,,82.4,*,69.8,*,9.9,,0,G,9999.9,0,999.9,,999.9,0,77.8,8,8.3,8,6.4,8
67561099999,"NDOLA SIMON MWANSA KAWEPEWE INTERNATIONAL, ZA",-12.9833333,28.65,1270.1,2/10/2010,63.7,8,10010,,999.9,,87.8,*,63.5, ,9.9,,0,G,9999.9,0,999.9,,999.9,0,75.4,8,6.6,8,4.5,8
67561099999,"NDOLA SIMON MWANSA KAWEPEWE INTERNATIONAL, ZA",-12.9833333,28.65,1270.1,2/11/2010,63.9,7,10,,999.9,,82.4,*,62.4, ,8,,0.43,G,9999.9,0,999.9,,999.9,0,76.5,7,10.3,7,3.3,7
67561099999,"NDOLA SIMON MWANSA KAWEPEWE INTERNATIONAL, ZA",-12.9833333,28.65,1270.1,2/12/2010,65.1,5,10010,,999.9,,84.2,*,75.2,*,5.1,,0,G,9999.9,0,999.9,,999.9,0,81.7,5,7,5,4,5
67561099999,"NDOLA SIMON MWANSA KAWEPEWE INTERNATIONAL, ZA",-12.9833333,28.65,1270.1,2/14/2010,67.3,5,10000,,999.9,,86,*,71.6,*,8.9,,99.99, ,9999.9,0,999.9,,999.9,0,81,6,6.6,4,3.2,6
67561099999,"NDOLA SIMON MWANSA KAWEPEWE INTERNATIONAL, ZA",-12.9833333,28.65,1270.1,2/15/2010,66.9,9,10,,999.9,,87.1, ,64.9, ,6,,0.16,G,9999.9,0,999.9,,999.9,0,79.7,9,7.9,9,3.6,9
67561099999,"NDOLA SIMON MWANSA KAWEPEWE INTERNATIONAL, ZA",-12.9833333,28.65,1270.1,2/16/2010,65.6,11,10,,999.9,,86.5, ,65.1, ,5.1,,0.28,G,9999.9,0,999.9,,999.9,0,73.4,11,7.5,10,2.5,11
67561099999,"NDOLA SIMON MWANSA KAWEPEWE INTERNATIONAL, ZA",-12.9833333,28.65,1270.1,2/18/2010,64.3,5,0,,999.9,,80.6, ,65.3, ,999.9,,0.12,G,9999.9,0,999.9,,999.9,0,69.9,5,7.8,5,0,5
67561099999,"NDOLA SIMON MWANSA KAWEPEWE INTERNATIONAL, ZA",-12.9833333,28.65,1270.1,2/19/2010,67.1,8,10010,,999.9,,84, ,66.2, ,8.9,,2.2,G,9999.9,0,999.9,,999.9,0,76.3,8,6.2,8,4.8,8
67561099999,"NDOLA SIMON MWANSA KAWEPEWE INTERNATIONAL, ZA",-12.9833333,28.65,1270.1,2/21/2010,67.1,5,10000,,999.9,,69.8,*,68,*,6,,99.99, ,9999.9,0,999.9,,999.9,0,68.4,5,2.9,5,3.4,5
67561099999,"NDOLA SIMON MWANSA KAWEPEWE INTERNATIONAL, ZA",-12.9833333,28.65,1270.1,2/22/2010,66.2,9,110010,,999.9,,70.3, ,65.1, ,999.9,,0.94,G,9999.9,0,999.9,,999.9,0,67,9,4.8,9,0,9
67561099999,"NDOLA SIMON MWANSA KAWEPEWE INTERNATIONAL, ZA",-12.9833333,28.65,1270.1,2/23/2010,66.6,10,10010,,999.9,,85.3, ,66.2,*,7,,1.38,G,9999.9,0,999.9,,999.9,0,70,10,7.5,10,3.7,10
67561099999,"NDOLA SIMON MWANSA KAWEPEWE INTERNATIONAL, ZA",-12.9833333,28.65,1270.1,2/25/2010,65.2,7,10000,,999.9,,80.4, ,63.9, ,5.1,,3.82,G,9999.9,0,999.9,,999.9,0,68.4,7,4.6,7,1.3,7
67561099999,"NDOLA SIMON MWANSA KAWEPEWE INTERNATIONAL, ZA",-12.9833333,28.65,1270.1,2/26/2010,65.6,10,10010,,999.9,,80.6,*,62.6,*,6,,0,G,9999.9,0,999.9,,999.9,0,71.3,10,7.2,7,3,10
67561099999,"NDOLA SIMON MWANSA KAWEPEWE INTERNATIONAL, ZA",-12.9833333,28.65,1270.1,3/1/2010,67.3,6,0,,999.9,,84.2, ,63.5, ,2.9,,0.35,G,9999.9,0,999.9,,999.9,0,74.4,6,8.8,6,0.5,6
67561099999,"NDOLA SIMON MWANSA KAWEPEWE INTERNATIONAL, ZA",-12.9833333,28.65,1270.1,3/2/2010,66.9,6,10000,,999.9,,81, ,65.1, ,9.9,,0.87,G,9999.9,0,999.9,,999.9,0,68.3,6,5.6,4,4.1,6
67561099999,"NDOLA SIMON MWANSA KAWEPEWE INTERNATIONAL, ZA",-12.9833333,28.65,1270.1,3/3/2010,65.2,4,100000,,999.9,,73.4,*,64.4, ,8.9,,1.06,G,9999.9,0,999.9,,999.9,0,68.3,4,999.9,0,3.5,4
67561099999,"NDOLA SIMON MWANSA KAWEPEWE INTERNATIONAL, ZA",-12.9833333,28.65,1270.1,3/5/2010,9999.9,0,0,,999.9,,73.4,*,68,*,7,,0,G,9999.9,0,999.9,,999.9,0,71.2,4,7,4,4.8,4
67561099999,"NDOLA SIMON MWANSA KAWEPEWE INTERNATIONAL, ZA",-12.9833333,28.65,1270.1,3/6/2010,64.4,4,10000,,999.9,,80.6,*,64.4,*,5.1,,99.99, ,9999.9,0,999.9,,999.9,0,75.2,4,6.5,4,3.8,4
67561099999,"NDOLA SIMON MWANSA KAWEPEWE INTERNATIONAL, ZA",-12.9833333,28.65,1270.1,3/7/2010,63,4,0,,999.9,,77,*,75.2,*,6,,0,I,9999.9,0,999.9,,999.9,0,76.6,4,7,4,2.5,4
67561099999,"NDOLA SIMON MWANSA KAWEPEWE INTERNATIONAL, ZA",-12.9833333,28.65,1270.1,3/8/2010,63.3,5,0,,999.9,,78.8,*,71.6,*,9.9,,0,I,9999.9,0,999.9,,999.9,0,75.2,5,7,5,8.2,5
67561099999,"NDOLA SIMON MWANSA KAWEPEWE INTERNATIONAL, ZA",-12.9833333,28.65,1270.1,3/9/2010,65.4,11,10000,,999.9,,86,*,63.5, ,6,,0,G,9999.9,0,999.9,,999.9,0,79,11,6.3,10,1.8,11
67561099999,"NDOLA SIMON MWANSA KAWEPEWE INTERNATIONAL, ZA",-12.9833333,28.65,1270.1,3/10/2010,64.7,6,10000,,999.9,,82.4,*,66.2,*,6,,99.99, ,9999.9,0,999.9,,999.9,0,75.5,6,6.6,4,1,6
67561099999,"NDOLA SIMON MWANSA KAWEPEWE INTERNATIONAL, ZA",-12.9833333,28.65,1270.1,3/11/2010,67.2,7,110010,,999.9,,86, ,66, ,7,,0,G,9999.9,0,999.9,,999.9,0,72.2,7,5.6,7,1,7
67561099999,"NDOLA SIMON MWANSA KAWEPEWE INTERNATIONAL, ZA",-12.9833333,28.65,1270.1,3/12/2010,67.6,5,0,,999.9,,82.4,*,69.8,*,7,,0,I,9999.9,0,999.9,,999.9,0,76.6,5,6.7,5,2,5
67561099999,"NDOLA SIMON MWANSA KAWEPEWE INTERNATIONAL, ZA",-12.9833333,28.65,1270.1,3/13/2010,61.6,7,0,,999.9,,86,*,61.7, ,8,,0.43,G,9999.9,0,999.9,,999.9,0,81.6,7,7.9,6,3.3,6
67561099999,"NDOLA SIMON MWANSA KAWEPEWE INTERNATIONAL, ZA",-12.9833333,28.65,1270.1,3/15/2010,66,5,10,,999.9,,80.6,*,68.7,*,4.1,,0,I,9999.9,0,999.9,,999.9,0,74.6,5,8.1,5,1.4,5
67561099999,"NDOLA SIMON MWANSA KAWEPEWE INTERNATIONAL, ZA",-12.9833333,28.65,1270.1,3/16/2010,65.8,6,10,,999.9,,82.8, ,66.2, ,15,,0,I,9999.9,0,999.9,,999.9,0,76.9,6,6.9,6,6,6
67561099999,"NDOLA SIMON MWANSA KAWEPEWE INTERNATIONAL, ZA",-12.9833333,28.65,1270.1,3/18/2010,65.3,8,10000,,999.9,,83.3, ,66.2,*,5.1,,0.47,G,9999.9,0,999.9,,999.9,0,71.7,8,6.1,8,1.3,8
67561099999,"NDOLA SIMON MWANSA KAWEPEWE INTERNATIONAL, ZA",-12.9833333,28.65,1270.1,3/19/2010,65.3,7,110010,,999.9,,80.6, ,64.4,*,7,,0,G,9999.9,0,999.9,,999.9,0,66.8,7,3.4,7,1.7,7
67561099999,"NDOLA SIMON MWANSA KAWEPEWE INTERNATIONAL, ZA",-12.9833333,28.65,1270.1,3/22/2010,67.4,10,10,,999.9,,82.8, ,63.5, ,6,,0,I,9999.9,0,999.9,,999.9,0,73.8,10,7.2,9,2.6,10
67561099999,"NDOLA SIMON MWANSA KAWEPEWE INTERNATIONAL, ZA",-12.9833333,28.65,1270.1,3/23/2010,66.5,8,10010,,999.9,,81.5, ,63, ,9.9,,99.99, ,9999.9,0,999.9,,999.9,0,74.7,8,6.4,8,1.6,8
67561099999,"NDOLA SIMON MWANSA KAWEPEWE INTERNATIONAL, ZA",-12.9833333,28.65,1270.1,3/24/2010,64.9,4,10010,,999.9,,72.1,*,64.4,*,6,,99.99, ,9999.9,0,999.9,,999.9,0,67.7,4,8.7,4,2.5,4
67561099999,"NDOLA SIMON MWANSA KAWEPEWE INTERNATIONAL, ZA",-12.9833333,28.65,1270.1,3/25/2010,66.2,10,10000,,999.9,,82.4,*,65.3, ,5.1,,99.99, ,9999.9,0,999.9,,999.9,0,76.6,10,6.8,9,2.4,10
67561099999,"NDOLA SIMON MWANSA KAWEPEWE INTERNATIONAL, ZA",-12.9833333,28.65,1270.1,3/28/2010,62.6,4,10010,,999.9,,82.4,*,62.6,*,999.9,,99.99, ,9999.9,0,999.9,,999.9,0,68.4,4,999.9,0,999.9,0
67561099999,"NDOLA SIMON MWANSA KAWEPEWE INTERNATIONAL, ZA",-12.9833333,28.65,1270.1,3/29/2010,65.3,4,100000,,999.9,,78.8,*,66.2,*,4.1,,0.12,G,9999.9,0,999.9,,999.9,0,73,4,6.5,4,1,4
67561099999,"NDOLA SIMON MWANSA KAWEPEWE INTERNATIONAL, ZA",-12.9833333,28.65,1270.1,3/30/2010,65.9,6,0,,999.9,,80.6,*,66.2,*,8.9,,0,G,9999.9,0,999.9,,999.9,0,74.9,6,6.7,6,5.2,6
67561099999,"NDOLA SIMON MWANSA KAWEPEWE INTERNATIONAL, ZA",-12.9833333,28.65,1270.1,4/1/2010,65.1,6,0,,999.9,,85.5, ,62.8, ,9.9,,0,I,9999.9,0,999.9,,999.9,0,75.2,6,8.8,6,4.8,6
67561099999,"NDOLA SIMON MWANSA KAWEPEWE INTERNATIONAL, ZA",-12.9833333,28.65,1270.1,4/3/2010,9999.9,0,0,,999.9,,78.8,*,69.8,*,8,,0,I,9999.9,0,999.9,,999.9,0,75.7,4,6.8,4,5,4
67561099999,"NDOLA SIMON MWANSA KAWEPEWE INTERNATIONAL, ZA",-12.9833333,28.65,1270.1,4/4/2010,62.6,5,0,,999.9,,82.4,*,69.8,*,9.9,,0,I,9999.9,0,999.9,,999.9,0,76.3,5,6.5,5,5.6,5
67561099999,"NDOLA SIMON MWANSA KAWEPEWE INTERNATIONAL, ZA",-12.9833333,28.65,1270.1,4/5/2010,64.2,9,0,,999.9,,84.2,*,62.6,*,5.1,,0,I,9999.9,0,999.9,,999.9,0,77.4,9,6.8,9,2.2,9
67561099999,"NDOLA SIMON MWANSA KAWEPEWE INTERNATIONAL, ZA",-12.9833333,28.65,1270.1,4/9/2010,63.6,11,0,,999.9,,85.3, ,62.6, ,12,,0,I,9999.9,0,999.9,,999.9,0,78.1,11,9.8,8,5.8,11
67561099999,"NDOLA SIMON MWANSA KAWEPEWE INTERNATIONAL, ZA",-12.9833333,28.65,1270.1,4/12/2010,63.6,6,0,,999.9,,84.9, ,61.7, ,9.9,,0,I,9999.9,0,999.9,,999.9,0,72.9,6,6.6,6,7.3,6
67561099999,"NDOLA SIMON MWANSA KAWEPEWE INTERNATIONAL, ZA",-12.9833333,28.65,1270.1,4/13/2010,61.9,7,10000,,999.9,,81.9, ,59.9, ,8.9,,0.35,G,9999.9,0,999.9,,999.9,0,72.2,7,8.7,7,6.7,7
67561099999,"NDOLA SIMON MWANSA KAWEPEWE INTERNATIONAL, ZA",-12.9833333,28.65,1270.1,4/15/2010,62.5,9,0,,999.9,,82.4,*,58.8, ,5.1,,0,I,9999.9,0,999.9,,999.9,0,75.5,9,7.8,7,2.2,9
67561099999,"NDOLA SIMON MWANSA KAWEPEWE INTERNATIONAL, ZA",-12.9833333,28.65,1270.1,4/16/2010,62.9,10,0,,999.9,,84.2,*,59, ,13,,0,I,9999.9,0,999.9,,999.9,0,78.1,10,7.3,10,4,10
67561099999,"NDOLA SIMON MWANSA KAWEPEWE INTERNATIONAL, ZA",-12.9833333,28.65,1270.1,4/20/2010,67,5,0,,999.9,,87.8, ,63.3, ,4.1,,0,I,9999.9,0,999.9,,999.9,0,73.3,5,6.8,5,0.8,5
67561099999,"NDOLA SIMON MWANSA KAWEPEWE INTERNATIONAL, ZA",-12.9833333,28.65,1270.1,4/21/2010,64,5,0,,999.9,,84.2,*,68,*,5.1,,0,I,9999.9,0,999.9,,999.9,0,77.9,5,999.9,0,2,5
67561099999,"NDOLA SIMON MWANSA KAWEPEWE INTERNATIONAL, ZA",-12.9833333,28.65,1270.1,4/22/2010,65.4,10,0,,999.9,,87.3, ,62.2, ,6,,0,I,9999.9,0,999.9,,999.9,0,77.2,11,6.8,10,2.7,10
67561099999,"NDOLA SIMON MWANSA KAWEPEWE INTERNATIONAL, ZA",-12.9833333,28.65,1270.1,4/23/2010,63.8,7,0,,999.9,,84, ,60.1, ,8,,0,I,9999.9,0,999.9,,999.9,0,73.3,7,6.5,7,4.2,7
67561099999,"NDOLA SIMON MWANSA KAWEPEWE INTERNATIONAL, ZA",-12.9833333,28.65,1270.1,4/26/2010,61.5,5,0,,999.9,,75.2,*,69.8,*,8,,0,I,9999.9,0,999.9,,999.9,0,73,5,6.8,5,6.2,5
67561099999,"NDOLA SIMON MWANSA KAWEPEWE INTERNATIONAL, ZA",-12.9833333,28.65,1270.1,4/27/2010,61.8,7,0,,999.9,,77,*,68,*,9.9,,0,I,9999.9,0,999.9,,999.9,0,72.9,7,6.8,4,6.5,7
67561099999,"NDOLA SIMON MWANSA KAWEPEWE INTERNATIONAL, ZA",-12.9833333,28.65,1270.1,4/28/2010,60.4,4,0,,999.9,,77,*,66.2,*,8.9,,0,I,9999.9,0,999.9,,999.9,0,73.8,4,6.8,4,6.2,4
67561099999,"NDOLA SIMON MWANSA KAWEPEWE INTERNATIONAL, ZA",-12.9833333,28.65,1270.1,4/29/2010,62.5,7,0,,999.9,,82.8, ,59.7, ,7,,0,I,9999.9,0,999.9,,999.9,0,76.6,7,8.7,7,5.4,5
67561099999,"NDOLA SIMON MWANSA KAWEPEWE INTERNATIONAL, ZA",-12.9833333,28.65,1270.1,4/30/2010,62.3,10,100000,,21,,83.5, ,59,*,9.9,,0,I,9999.9,0,999.9,,999.9,0,72.7,10,6.5,10,5.2,10
67561099999,"NDOLA SIMON MWANSA KAWEPEWE INTERNATIONAL, ZA",-12.9833333,28.65,1270.1,5/3/2010,53.2,4,0,,999.9,,77,*,59,*,8,,0,I,9999.9,0,999.9,,999.9,0,68.9,4,6.2,4,4.8,4
67561099999,"NDOLA SIMON MWANSA KAWEPEWE INTERNATIONAL, ZA",-12.9833333,28.65,1270.1,5/5/2010,59.5,7,0,,999.9,,87.3, ,55.4, ,2.9,,0,I,9999.9,0,999.9,,999.9,0,78.7,7,6.2,7,0.4,7
67561099999,"NDOLA SIMON MWANSA KAWEPEWE INTERNATIONAL, ZA",-12.9833333,28.65,1270.1,5/6/2010,60.1,8,0,,999.9,,86.4, ,56.8, ,5.1,,0,I,9999.9,0,999.9,,999.9,0,78.6,8,6.4,8,2.4,8
67561099999,"NDOLA SIMON MWANSA KAWEPEWE INTERNATIONAL, ZA",-12.9833333,28.65,1270.1,5/7/2010,57.4,8,0,,999.9,,82.4,*,68,*,8,,0,I,9999.9,0,999.9,,999.9,0,78.3,8,6.3,8,4.4,8
67561099999,"NDOLA SIMON MWANSA KAWEPEWE INTERNATIONAL, ZA",-12.9833333,28.65,1270.1,5/9/2010,52.2,5,0,,999.9,,80.6,*,75.2,*,6,,0,I,9999.9,0,999.9,,999.9,0,79.5,5,999.9,0,2,5
67561099999,"NDOLA SIMON MWANSA KAWEPEWE INTERNATIONAL, ZA",-12.9833333,28.65,1270.1,5/10/2010,48.2,8,0,,999.9,,80.6,*,59,*,6,,0,I,9999.9,0,999.9,,999.9,0,74.1,10,6,10,2.4,10
67561099999,"NDOLA SIMON MWANSA KAWEPEWE INTERNATIONAL, ZA",-12.9833333,28.65,1270.1,5/11/2010,50.1,7,0,,999.9,,82.4, ,46.8, ,7,,0,I,9999.9,0,999.9,,999.9,0,67.1,7,6.6,7,1.7,7
67561099999,"NDOLA SIMON MWANSA KAWEPEWE INTERNATIONAL, ZA",-12.9833333,28.65,1270.1,5/12/2010,51.4,5,100000,,999.9,,83.5, ,47.3, ,9.9,,0,I,9999.9,0,999.9,,999.9,0,67.9,5,5.5,5,3,5
67561099999,"NDOLA SIMON MWANSA KAWEPEWE INTERNATIONAL, ZA",-12.9833333,28.65,1270.1,5/13/2010,47.7,7,0,,999.9,,83.8, ,48.4, ,9.9,,0,I,9999.9,0,999.9,,999.9,0,76.4,7,7.2,7,7.4,7
67561099999,"NDOLA SIMON MWANSA KAWEPEWE INTERNATIONAL, ZA",-12.9833333,28.65,1270.1,5/14/2010,55.8,5,0,,999.9,,82.4,*,69.8,*,8,,0,I,9999.9,0,999.9,,999.9,0,78.1,5,6.7,5,3.8,5
67561099999,"NDOLA SIMON MWANSA KAWEPEWE INTERNATIONAL, ZA",-12.9833333,28.65,1270.1,5/15/2010,56.6,6,0,,999.9,,80.6,*,64.4,*,8,,0,I,9999.9,0,999.9,,999.9,0,75.8,6,6.7,5,3.3,6
67561099999,"NDOLA SIMON MWANSA KAWEPEWE INTERNATIONAL, ZA",-12.9833333,28.65,1270.1,5/17/2010,46.9,7,0,,999.9,,77,*,50,*,8,,0,I,9999.9,0,999.9,,999.9,0,70.6,7,6.8,7,5.3,7
67561099999,"NDOLA SIMON MWANSA KAWEPEWE INTERNATIONAL, ZA",-12.9833333,28.65,1270.1,5/20/2010,50.8,7,0,,999.9,,81.7, ,50.4, ,6,,0,I,9999.9,0,999.9,,999.9,0,75.5,7,7.9,7,1.9,7
67561099999,"NDOLA SIMON MWANSA KAWEPEWE INTERNATIONAL, ZA",-12.9833333,28.65,1270.1,5/21/2010,51.7,11,0,,999.9,,82.4, ,49.8, ,8,,0,I,9999.9,0,999.9,,999.9,0,76.2,11,7.3,10,4.8,11
67561099999,"NDOLA SIMON MWANSA KAWEPEWE INTERNATIONAL, ZA",-12.9833333,28.65,1270.1,5/22/2010,45.5,4,0,,999.9,,82.4,*,48.2,*,8.9,,0,I,9999.9,0,999.9,,999.9,0,66.2,4,6.6,4,3.5,4
67561099999,"NDOLA SIMON MWANSA KAWEPEWE INTERNATIONAL, ZA",-12.9833333,28.65,1270.1,5/24/2010,53.1,8,0,,999.9,,83.7, ,50, ,999.9,,0,I,9999.9,0,999.9,,999.9,0,74.2,9,9.1,9,0,9
67561099999,"NDOLA SIMON MWANSA KAWEPEWE INTERNATIONAL, ZA",-12.9833333,28.65,1270.1,5/25/2010,56.3,6,0,,999.9,,80.6,*,55.4,*,6,,0,I,9999.9,0,999.9,,999.9,0,71,6,5.9,6,2.7,6
67561099999,"NDOLA SIMON MWANSA KAWEPEWE INTERNATIONAL, ZA",-12.9833333,28.65,1270.1,5/27/2010,56.2,7,0,,999.9,,82.4,*,60.8,*,5.1,,0,I,9999.9,0,999.9,,999.9,0,76.5,7,6.3,7,2.4,7
67561099999,"NDOLA SIMON MWANSA KAWEPEWE INTERNATIONAL, ZA",-12.9833333,28.65,1270.1,5/31/2010,54.8,6,0,,999.9,,77,*,64.4,*,9.9,,0,I,9999.9,0,999.9,,999.9,0,72.2,6,6.6,6,5.5,6
67561099999,"NDOLA SIMON MWANSA KAWEPEWE INTERNATIONAL, ZA",-12.9833333,28.65,1270.1,6/2/2010,52.6,7,0,,999.9,,73.4,*,59,*,6,,0,I,9999.9,0,999.9,,999.9,0,67.7,7,6.8,7,4.7,7
67561099999,"NDOLA SIMON MWANSA KAWEPEWE INTERNATIONAL, ZA",-12.9833333,28.65,1270.1,6/3/2010,48.2,12,0,,25.1,,76.6, ,47.1, ,9.9,,0,I,9999.9,0,999.9,,999.9,0,70.2,12,6.5,12,4.1,12
67561099999,"NDOLA SIMON MWANSA KAWEPEWE INTERNATIONAL, ZA",-12.9833333,28.65,1270.1,6/4/2010,45.5,4,0,,999.9,,75.2,*,66.2,*,999.9,,0,I,9999.9,0,999.9,,999.9,0,70.7,4,5.9,4,0,4
67561099999,"NDOLA SIMON MWANSA KAWEPEWE INTERNATIONAL, ZA",-12.9833333,28.65,1270.1,6/7/2010,46.4,7,0,,999.9,,75.2,*,64.4,*,6,,0,I,9999.9,0,999.9,,999.9,0,71.9,7,6.2,7,3.3,7
67561099999,"NDOLA SIMON MWANSA KAWEPEWE INTERNATIONAL, ZA",-12.9833333,28.65,1270.1,6/8/2010,48.6,9,0,,999.9,,77,*,45.3, ,6,,0,I,9999.9,0,999.9,,999.9,0,68.7,9,7.2,9,1.2,9
67561099999,"NDOLA SIMON MWANSA KAWEPEWE INTERNATIONAL, ZA",-12.9833333,28.65,1270.1,6/9/2010,52.7,4,0,,999.9,,77,*,57.2,*,5.1,,0,I,9999.9,0,999.9,,999.9,0,68.9,4,5.4,4,2.5,4
67561099999,"NDOLA SIMON MWANSA KAWEPEWE INTERNATIONAL, ZA",-12.9833333,28.65,1270.1,6/10/2010,53.9,6,0,,999.9,,80.6,*,48.2,*,7,,0,I,9999.9,0,999.9,,999.9,0,73.1,6,6,6,3.2,5
67561099999,"NDOLA SIMON MWANSA KAWEPEWE INTERNATIONAL, ZA",-12.9833333,28.65,1270.1,6/11/2010,58.1,6,0,,999.9,,82.4,*,66.2,*,5.1,,0,I,9999.9,0,999.9,,999.9,0,76.7,6,6.6,6,3.2,6
67561099999,"NDOLA SIMON MWANSA KAWEPEWE INTERNATIONAL, ZA",-12.9833333,28.65,1270.1,6/14/2010,48.2,9,0,,999.9,,78.8,*,50,*,6,,0,I,9999.9,0,999.9,,999.9,0,70,9,6.1,9,2.1,9
67561099999,"NDOLA SIMON MWANSA KAWEPEWE INTERNATIONAL, ZA",-12.9833333,28.65,1270.1,6/15/2010,47.4,9,0,,999.9,,80.6,*,57.2,*,8,,0,I,9999.9,0,999.9,,999.9,0,74,9,6.2,9,2.3,9
67561099999,"NDOLA SIMON MWANSA KAWEPEWE INTERNATIONAL, ZA",-12.9833333,28.65,1270.1,6/16/2010,45.7,5,0,,999.9,,78.8,*,73.4,*,7,,0,I,9999.9,0,999.9,,999.9,0,77.4,5,6.2,5,3.4,5
67561099999,"NDOLA SIMON MWANSA KAWEPEWE INTERNATIONAL, ZA",-12.9833333,28.65,1270.1,6/17/2010,47.1,5,0,,999.9,,82, ,55.8, ,9.9,,0,I,9999.9,0,999.9,,999.9,0,70.5,5,7.4,5,8.5,5
67561099999,"NDOLA SIMON MWANSA KAWEPEWE INTERNATIONAL, ZA",-12.9833333,28.65,1270.1,6/28/2010,48.2,4,0,,999.9,,78.8,*,48.2,*,6,,0,I,9999.9,0,999.9,,999.9,0,68.4,4,6.2,4,2.8,4
67561099999,"NDOLA SIMON MWANSA KAWEPEWE INTERNATIONAL, ZA",-12.9833333,28.65,1270.1,8/16/2010,39.7,4,0,,999.9,,81.3, ,41, ,9.9,,0,I,9999.9,0,999.9,,999.9,0,58.5,4,6.2,4,2.5,4
67561099999,"NDOLA SIMON MWANSA KAWEPEWE INTERNATIONAL, ZA",-12.9833333,28.65,1270.1,9/14/2010,45,4,0,,999.9,,84.2, ,52.5, ,9.9,,0,I,9999.9,0,999.9,,999.9,0,68.5,4,6.2,4,8.2,4
67561099999,"NDOLA SIMON MWANSA KAWEPEWE INTERNATIONAL, ZA",-12.9833333,28.65,1270.1,9/16/2010,44.2,4,0,,999.9,,89.6,*,86,*,5.1,,0,I,9999.9,0,999.9,,999.9,0,88.7,4,6.2,4,4.3,4
67561099999,"NDOLA SIMON MWANSA KAWEPEWE INTERNATIONAL, ZA",-12.9833333,28.65,1270.1,9/17/2010,43.7,8,0,,999.9,,93.2, ,58.8, ,11.1,,0,I,9999.9,0,999.9,,999.9,0,84.1,8,6.2,8,8.1,8
67561099999,"NDOLA SIMON MWANSA KAWEPEWE INTERNATIONAL, ZA",-12.9833333,28.65,1270.1,9/18/2010,45,5,0,,999.9,,82.4,*,68,*,15,,0,I,9999.9,0,999.9,,999.9,0,77.4,5,5.7,5,9.6,5
67561099999,"NDOLA SIMON MWANSA KAWEPEWE INTERNATIONAL, ZA",-12.9833333,28.65,1270.1,9/19/2010,45,4,0,,999.9,,80.6,*,55.4,*,9.9,,0,I,9999.9,0,999.9,,999.9,0,69.4,4,6.2,4,4.8,4
67561099999,"NDOLA SIMON MWANSA KAWEPEWE INTERNATIONAL, ZA",-12.9833333,28.65,1270.1,9/22/2010,37.8,7,0,,999.9,,92.3, ,55.6, ,12,,0,I,9999.9,0,999.9,,999.9,0,85.4,7,6.2,7,6.7,7
67561099999,"NDOLA SIMON MWANSA KAWEPEWE INTERNATIONAL, ZA",-12.9833333,28.65,1270.1,9/23/2010,35.6,8,0,,999.9,,91.6, ,57.6, ,9.9,,0,I,9999.9,0,999.9,,999.9,0,83.9,8,5.9,8,5.8,7
67561099999,"NDOLA SIMON MWANSA KAWEPEWE INTERNATIONAL, ZA",-12.9833333,28.65,1270.1,9/25/2010,48.8,4,0,,999.9,,87.4, ,56.7, ,9.9,,0,I,9999.9,0,999.9,,999.9,0,71,4,6.2,4,6.2,4
67561099999,"NDOLA SIMON MWANSA KAWEPEWE INTERNATIONAL, ZA",-12.9833333,28.65,1270.1,9/28/2010,38.5,5,0,,999.9,,89.6,*,80.6,*,15,,0,I,9999.9,0,999.9,,999.9,0,86.7,5,4.3,5,11.6,5
67561099999,"NDOLA SIMON MWANSA KAWEPEWE INTERNATIONAL, ZA",-12.9833333,28.65,1270.1,10/4/2010,43.5,6,0,,999.9,,93.2, ,58.6, ,8.9,,0,I,9999.9,0,999.9,,999.9,0,87.9,6,6.1,6,6,6
67561099999,"NDOLA SIMON MWANSA KAWEPEWE INTERNATIONAL, ZA",-12.9833333,28.65,1270.1,10/5/2010,50.9,6,0,,999.9,,94.6, ,61, ,6,,0,I,9999.9,0,999.9,,999.9,0,84.1,6,4.8,6,3.5,6
67561099999,"NDOLA SIMON MWANSA KAWEPEWE INTERNATIONAL, ZA",-12.9833333,28.65,1270.1,10/6/2010,53.6,6,0,,999.9,,86,*,66.2,*,12,,0,I,9999.9,0,999.9,,999.9,0,77.9,6,4.3,6,6.6,6
67561099999,"NDOLA SIMON MWANSA KAWEPEWE INTERNATIONAL, ZA",-12.9833333,28.65,1270.1,10/7/2010,45,5,0,,999.9,,87.8,*,48.2,*,9.9,,0,I,9999.9,0,999.9,,999.9,0,75.5,6,5.5,6,7.8,6
67561099999,"NDOLA SIMON MWANSA KAWEPEWE INTERNATIONAL, ZA",-12.9833333,28.65,1270.1,10/10/2010,48.3,4,0,,999.9,,95,*,80.6,*,999.9,,0,I,9999.9,0,999.9,,999.9,0,89.4,4,6.2,4,0,4
67561099999,"NDOLA SIMON MWANSA KAWEPEWE INTERNATIONAL, ZA",-12.9833333,28.65,1270.1,10/11/2010,49.9,8,0,,999.9,,96.1, ,62.6, ,5.1,,0,I,9999.9,0,999.9,,999.9,0,87.3,9,5.8,9,1.7,9
67561099999,"NDOLA SIMON MWANSA KAWEPEWE INTERNATIONAL, ZA",-12.9833333,28.65,1270.1,10/12/2010,50.9,4,0,,999.9,,93.2,*,75.2,*,8.9,,0,I,9999.9,0,999.9,,999.9,0,84.2,4,5.7,4,4,4
67561099999,"NDOLA SIMON MWANSA KAWEPEWE INTERNATIONAL, ZA",-12.9833333,28.65,1270.1,10/16/2010,54.1,7,0,,999.9,,93.2,*,73.4,*,5.1,,0,I,9999.9,0,999.9,,999.9,0,89.1,7,6.2,7,0.7,7
67561099999,"NDOLA SIMON MWANSA KAWEPEWE INTERNATIONAL, ZA",-12.9833333,28.65,1270.1,10/17/2010,49.1,4,0,,999.9,,91.4,*,86,*,15,,0,I,9999.9,0,999.9,,999.9,0,89.6,4,5.9,4,10.2,4
67561099999,"NDOLA SIMON MWANSA KAWEPEWE INTERNATIONAL, ZA",-12.9833333,28.65,1270.1,10/18/2010,49.3,8,0,,999.9,,93.9, ,61, ,999.9,,0,I,9999.9,0,999.9,,999.9,0,84.1,8,7.3,8,14.9,8
67561099999,"NDOLA SIMON MWANSA KAWEPEWE INTERNATIONAL, ZA",-12.9833333,28.65,1270.1,10/20/2010,48.5,7,0,,999.9,,91.4,*,61.2, ,15,,0,I,9999.9,0,999.9,,999.9,0,83.8,7,9.7,7,6.9,7
67561099999,"NDOLA SIMON MWANSA KAWEPEWE INTERNATIONAL, ZA",-12.9833333,28.65,1270.1,10/24/2010,53.6,5,0,,999.9,,91.4,*,78.8,*,7,,0,I,9999.9,0,999.9,,999.9,0,85.6,5,6,5,3.6,5
67561099999,"NDOLA SIMON MWANSA KAWEPEWE INTERNATIONAL, ZA",-12.9833333,28.65,1270.1,10/25/2010,49.7,7,0,,999.9,,93.2, ,61.5, ,14,,0,I,9999.9,0,999.9,,999.9,0,82.2,7,6.2,7,5.6,7
67561099999,"NDOLA SIMON MWANSA KAWEPEWE INTERNATIONAL, ZA",-12.9833333,28.65,1270.1,10/26/2010,51.9,7,0,,999.9,,95, ,65.1, ,7,,0,I,9999.9,0,999.9,,999.9,0,89.1,7,6.1,7,3.3,7
67561099999,"NDOLA SIMON MWANSA KAWEPEWE INTERNATIONAL, ZA",-12.9833333,28.65,1270.1,10/27/2010,48.8,4,0,,19,,95.2, ,65.8, ,9.9,,0,I,9999.9,0,999.9,,999.9,0,81.7,4,6.2,4,8.4,4
67561099999,"NDOLA SIMON MWANSA KAWEPEWE INTERNATIONAL, ZA",-12.9833333,28.65,1270.1,10/28/2010,48.3,5,0,,999.9,,93.2,*,82.4,*,9.9,,0,I,9999.9,0,999.9,,999.9,0,90.2,5,6.8,5,4.8,5
67561099999,"NDOLA SIMON MWANSA KAWEPEWE INTERNATIONAL, ZA",-12.9833333,28.65,1270.1,10/31/2010,51.4,4,0,,999.9,,91.4,*,69.8,*,8.9,,0,I,9999.9,0,999.9,,999.9,0,84.2,4,6.2,4,5.5,4
67561099999,"NDOLA SIMON MWANSA KAWEPEWE INTERNATIONAL, ZA",-12.9833333,28.65,1270.1,11/1/2010,55,7,0,,999.9,,95.7, ,71.6, ,15,,0,I,9999.9,0,999.9,,999.9,0,86.9,7,6.4,7,7.9,7
67561099999,"NDOLA SIMON MWANSA KAWEPEWE INTERNATIONAL, ZA",-12.9833333,28.65,1270.1,11/2/2010,57.7,6,0,,999.9,,94.3, ,65.1, ,8,,0,I,9999.9,0,999.9,,999.9,0,78.8,6,7.7,4,2.7,6
67561099999,"NDOLA SIMON MWANSA KAWEPEWE INTERNATIONAL, ZA",-12.9833333,28.65,1270.1,11/4/2010,61.4,5,0,,999.9,,92.1, ,64.2, ,4.1,,0.55,G,9999.9,0,999.9,,999.9,0,77.5,5,5.9,4,0.8,5
67561099999,"NDOLA SIMON MWANSA KAWEPEWE INTERNATIONAL, ZA",-12.9833333,28.65,1270.1,11/5/2010,61,6,0,,999.9,,87.8,*,68, ,6,,0,G,9999.9,0,999.9,,999.9,0,79.7,6,5.4,6,3,6
67561099999,"NDOLA SIMON MWANSA KAWEPEWE INTERNATIONAL, ZA",-12.9833333,28.65,1270.1,11/7/2010,54.9,6,0,,999.9,,89.6,*,80.6,*,11.1,,0,I,9999.9,0,999.9,,999.9,0,86.2,6,7.9,6,8,6
67561099999,"NDOLA SIMON MWANSA KAWEPEWE INTERNATIONAL, ZA",-12.9833333,28.65,1270.1,11/8/2010,53.9,8,0,,15.9,,91.8, ,66.9, ,8,,0,I,9999.9,0,999.9,,999.9,0,84.5,8,8.4,7,3.6,8
67561099999,"NDOLA SIMON MWANSA KAWEPEWE INTERNATIONAL, ZA",-12.9833333,28.65,1270.1,11/12/2010,57.6,4,0,,15,,89.6,*,63.9, ,8.9,,0,I,9999.9,0,999.9,,999.9,0,85.2,4,15,4,6.8,4
67561099999,"NDOLA SIMON MWANSA KAWEPEWE INTERNATIONAL, ZA",-12.9833333,28.65,1270.1,11/22/2010,62.6,4,10,,999.9,,84.2,*,69.8,*,5.1,,0,I,9999.9,0,999.9,,999.9,0,78.4,4,999.9,0,3.8,4
67561099999,"NDOLA SIMON MWANSA KAWEPEWE INTERNATIONAL, ZA",-12.9833333,28.65,1270.1,11/28/2010,59.8,4,0,,999.9,,90.7, ,64.2, ,11.1,,0,I,9999.9,0,999.9,,999.9,0,85.2,4,9.1,4,7.3,4
67561099999,"NDOLA SIMON MWANSA KAWEPEWE INTERNATIONAL, ZA",-12.9833333,28.65,1270.1,11/29/2010,64.4,4,10010,,999.9,,87.8,*,69.8,*,12,,99.99, ,9999.9,0,999.9,,999.9,0,80.2,4,6.8,4,6,4
67561099999,"NDOLA SIMON MWANSA KAWEPEWE INTERNATIONAL, ZA",-12.9833333,28.65,1270.1,11/30/2010,63.4,4,0,,999.9,,88.9, ,60.8, ,999.9,,1.26,G,9999.9,0,999.9,,999.9,0,67.8,4,6.8,4,0,4
67561099999,"NDOLA SIMON MWANSA KAWEPEWE INTERNATIONAL, ZA",-12.9833333,28.65,1270.1,12/3/2010,64.8,4,10010,,999.9,,86, ,63.5, ,9.9,,0.59,G,9999.9,0,999.9,,999.9,0,70.8,4,6.3,4,5,4
67561099999,"NDOLA SIMON MWANSA KAWEPEWE INTERNATIONAL, ZA",-12.9833333,28.65,1270.1,12/10/2010,62.7,4,110000,,999.9,,71.6,*,64.4,*,5.1,,99.99, ,9999.9,0,999.9,,999.9,0,67.4,4,5.2,4,2.7,4
67561099999,"NDOLA SIMON MWANSA KAWEPEWE INTERNATIONAL, ZA",-12.9833333,28.65,1270.1,2/25/2011,64,5,10,,999.9,,78.8,*,68,*,9.9,,0,I,9999.9,0,999.9,,999.9,0,74.1,5,7,5,5.2,5
67561099999,"NDOLA SIMON MWANSA KAWEPEWE INTERNATIONAL, ZA",-12.9833333,28.65,1270.1,3/14/2011,63.9,5,10000,,999.9,,83.5, ,61.9, ,9.9,,99.99, ,9999.9,0,999.9,,999.9,0,76.8,5,9,5,4.6,5
67561099999,"NDOLA SIMON MWANSA KAWEPEWE INTERNATIONAL, ZA",-12.9833333,28.65,1270.1,3/15/2011,60.8,6,0,,999.9,,84.2,*,71.6,*,4.1,,0,I,9999.9,0,999.9,,999.9,0,80.9,6,6.9,6,3.4,6
67561099999,"NDOLA SIMON MWANSA KAWEPEWE INTERNATIONAL, ZA",-12.9833333,28.65,1270.1,3/16/2011,59.4,5,0,,999.9,,82.4,*,73.4,*,15,,0,I,9999.9,0,999.9,,999.9,0,79.2,5,7,4,6,5
67561099999,"NDOLA SIMON MWANSA KAWEPEWE INTERNATIONAL, ZA",-12.9833333,28.65,1270.1,3/21/2011,65.4,6,110010,,999.9,,79.3, ,63.5, ,4.1,,0.16,G,9999.9,0,999.9,,999.9,0,67.8,6,6.3,6,0.7,6
67561099999,"NDOLA SIMON MWANSA KAWEPEWE INTERNATIONAL, ZA",-12.9833333,28.65,1270.1,3/23/2011,64.8,4,10010,,999.9,,77,*,66.2,*,5.1,,99.99, ,9999.9,0,999.9,,999.9,0,68.9,4,6.3,4,2.3,4
67561099999,"NDOLA SIMON MWANSA KAWEPEWE INTERNATIONAL, ZA",-12.9833333,28.65,1270.1,3/28/2011,63.6,7,0,,999.9,,80.6,*,60.8,*,12,,0,I,9999.9,0,999.9,,999.9,0,73.9,7,6.9,7,4.9,7
67561099999,"NDOLA SIMON MWANSA KAWEPEWE INTERNATIONAL, ZA",-12.9833333,28.65,1270.1,3/29/2011,63,8,0,,999.9,,83.3, ,59, ,12,,0,I,9999.9,0,999.9,,999.9,0,71.8,8,6.7,8,4.5,8
67561099999,"NDOLA SIMON MWANSA KAWEPEWE INTERNATIONAL, ZA",-12.9833333,28.65,1270.1,3/30/2011,63.5,6,0,,999.9,,82.4, ,57, ,8.9,,0,I,9999.9,0,999.9,,999.9,0,72.2,6,6.3,6,4.8,6
67561099999,"NDOLA SIMON MWANSA KAWEPEWE INTERNATIONAL, ZA",-12.9833333,28.65,1270.1,4/4/2011,64.4,5,0,,999.9,,83.3, ,60.1, ,7,,0,I,9999.9,0,999.9,,999.9,0,76.5,6,6.9,6,3.7,6
67561099999,"NDOLA SIMON MWANSA KAWEPEWE INTERNATIONAL, ZA",-12.9833333,28.65,1270.1,4/5/2011,63.4,5,0,,999.9,,80.6,*,62.2, ,15.9,,0,I,9999.9,0,999.9,,999.9,0,76.5,5,11.7,5,9.6,5
67561099999,"NDOLA SIMON MWANSA KAWEPEWE INTERNATIONAL, ZA",-12.9833333,28.65,1270.1,4/6/2011,63,6,10000,,999.9,,78.8,*,62.6,*,7,,99.99, ,9999.9,0,999.9,,999.9,0,72.4,6,6,6,2.3,6
67561099999,"NDOLA SIMON MWANSA KAWEPEWE INTERNATIONAL, ZA",-12.9833333,28.65,1270.1,4/8/2011,64.4,6,10,,999.9,,73.4,*,66.2,*,8,,0,I,9999.9,0,999.9,,999.9,0,70.4,6,6.9,6,3.9,6
67561099999,"NDOLA SIMON MWANSA KAWEPEWE INTERNATIONAL, ZA",-12.9833333,28.65,1270.1,4/11/2011,60.4,5,0,,999.9,,79.7, ,59, ,9.9,,0,I,9999.9,0,999.9,,999.9,0,70.3,5,9,5,5,5
67561099999,"NDOLA SIMON MWANSA KAWEPEWE INTERNATIONAL, ZA",-12.9833333,28.65,1270.1,4/15/2011,58,4,0,,999.9,,82.8, ,55.2, ,4.1,,0,I,9999.9,0,999.9,,999.9,0,74,4,11.8,4,1,4
67561099999,"NDOLA SIMON MWANSA KAWEPEWE INTERNATIONAL, ZA",-12.9833333,28.65,1270.1,4/18/2011,60.9,6,0,,999.9,,85.1, ,59.7, ,15,,0,I,9999.9,0,999.9,,999.9,0,73.7,6,10.5,6,8,6
67561099999,"NDOLA SIMON MWANSA KAWEPEWE INTERNATIONAL, ZA",-12.9833333,28.65,1270.1,4/21/2011,61,7,0,,999.9,,83.1, ,57.2, ,8,,0,I,9999.9,0,999.9,,999.9,0,74.2,7,6.5,7,3.6,7
67561099999,"NDOLA SIMON MWANSA KAWEPEWE INTERNATIONAL, ZA",-12.9833333,28.65,1270.1,4/26/2011,58.2,4,0,,999.9,,86, ,62.6, ,8.9,,0,I,9999.9,0,999.9,,999.9,0,76.6,4,6.4,4,6.8,4
67561099999,"NDOLA SIMON MWANSA KAWEPEWE INTERNATIONAL, ZA",-12.9833333,28.65,1270.1,5/3/2011,54.3,4,0,,999.9,,78.1, ,55.4,*,9.9,,0,I,9999.9,0,999.9,,999.9,0,64.9,4,9.7,4,5.7,4
67561099999,"NDOLA SIMON MWANSA KAWEPEWE INTERNATIONAL, ZA",-12.9833333,28.65,1270.1,5/4/2011,52.9,6,0,,999.9,,78.8,*,50.4, ,5.1,,0,I,9999.9,0,999.9,,999.9,0,71.1,6,6.5,6,2.2,6
67561099999,"NDOLA SIMON MWANSA KAWEPEWE INTERNATIONAL, ZA",-12.9833333,28.65,1270.1,5/5/2011,52.3,5,0,,999.9,,80.6, ,50, ,5.1,,0,I,9999.9,0,999.9,,999.9,0,66.5,5,9.5,5,2,5
67561099999,"NDOLA SIMON MWANSA KAWEPEWE INTERNATIONAL, ZA",-12.9833333,28.65,1270.1,5/10/2011,52.7,4,0,,999.9,,82, ,49.1, ,5.1,,0,I,9999.9,0,999.9,,999.9,0,75.7,4,7.7,4,3.8,4
67561099999,"NDOLA SIMON MWANSA KAWEPEWE INTERNATIONAL, ZA",-12.9833333,28.65,1270.1,5/26/2011,61.2,4,100000,,999.9,,85.5, ,61.7, ,999.9,,0,I,9999.9,0,999.9,,999.9,0,76.3,4,6.4,4,0,4
67561099999,"NDOLA SIMON MWANSA KAWEPEWE INTERNATIONAL, ZA",-12.9833333,28.65,1270.1,5/27/2011,58.7,5,0,,999.9,,87.8, ,56.5, ,8.9,,0,I,9999.9,0,999.9,,999.9,0,71.1,5,7.9,5,4.2,5
67561099999,"NDOLA SIMON MWANSA KAWEPEWE INTERNATIONAL, ZA",-12.9833333,28.65,1270.1,5/30/2011,57.9,6,0,,999.9,,84.9, ,56.1, ,8.9,,0,I,9999.9,0,999.9,,999.9,0,72.7,6,6.6,6,4,6
67561099999,"NDOLA SIMON MWANSA KAWEPEWE INTERNATIONAL, ZA",-12.9833333,28.65,1270.1,6/4/2011,54.4,4,100000,,999.9,,79.9, ,51.8, ,9.9,,0,I,9999.9,0,999.9,,999.9,0,64.3,4,7.8,4,5,4
67561099999,"NDOLA SIMON MWANSA KAWEPEWE INTERNATIONAL, ZA",-12.9833333,28.65,1270.1,6/11/2011,42.8,4,0,,999.9,,80.6,*,78.8,*,5.1,,0,I,9999.9,0,999.9,,999.9,0,80.2,4,6.2,4,2.3,4
67561099999,"NDOLA SIMON MWANSA KAWEPEWE INTERNATIONAL, ZA",-12.9833333,28.65,1270.1,6/16/2011,47.3,4,0,,999.9,,77.5, ,40.6, ,999.9,,0,I,9999.9,0,999.9,,999.9,0,68,4,5.9,4,0,4
67561099999,"NDOLA SIMON MWANSA KAWEPEWE INTERNATIONAL, ZA",-12.9833333,28.65,1270.1,6/17/2011,48.5,7,0,,22,,80.6,*,44.8, ,8.9,,0,I,9999.9,0,999.9,,999.9,0,71.5,7,6.5,7,3.7,7
67561099999,"NDOLA SIMON MWANSA KAWEPEWE INTERNATIONAL, ZA",-12.9833333,28.65,1270.1,6/28/2011,48.2,5,0,,999.9,,86,*,42.8, ,5.1,,0,I,9999.9,0,999.9,,999.9,0,69.5,5,5.4,4,2.6,5
67561099999,"NDOLA SIMON MWANSA KAWEPEWE INTERNATIONAL, ZA",-12.9833333,28.65,1270.1,6/29/2011,43.3,7,0,,999.9,,83.1,*,44.6,*,9.9,,0,I,9999.9,0,999.9,,999.9,0,74,7,6,7,5.3,7
67561099999,"NDOLA SIMON MWANSA KAWEPEWE INTERNATIONAL, ZA",-12.9833333,28.65,1270.1,7/16/2011,48.7,4,0,,999.9,,80.6,*,69.8,*,9.9,,0,I,9999.9,0,999.9,,999.9,0,76.6,4,6.2,4,7.7,4
67561099999,"NDOLA SIMON MWANSA KAWEPEWE INTERNATIONAL, ZA",-12.9833333,28.65,1270.1,7/17/2011,49.6,5,0,,999.9,,78.8,*,71.6,*,5.1,,0,I,9999.9,0,999.9,,999.9,0,76,5,6.2,5,2,5
67561099999,"NDOLA SIMON MWANSA KAWEPEWE INTERNATIONAL, ZA",-12.9833333,28.65,1270.1,7/22/2011,41,4,0,,999.9,,81.7, ,44.6, ,12,,0,I,9999.9,0,999.9,,999.9,0,69.2,4,6.2,4,8,4
67561099999,"NDOLA SIMON MWANSA KAWEPEWE INTERNATIONAL, ZA",-12.9833333,28.65,1270.1,7/23/2011,38.9,7,0,,999.9,,78.8,*,44.6,*,9.9,,0,I,9999.9,0,999.9,,999.9,0,70.3,7,6.2,7,7.5,7
67561099999,"NDOLA SIMON MWANSA KAWEPEWE INTERNATIONAL, ZA",-12.9833333,28.65,1270.1,7/28/2011,40.8,8,0,,999.9,,86,*,73.4,*,11.1,,0,I,9999.9,0,999.9,,999.9,0,81.7,8,5.3,8,5.1,8
67561099999,"NDOLA SIMON MWANSA KAWEPEWE INTERNATIONAL, ZA",-12.9833333,28.65,1270.1,8/4/2011,47.8,5,0,,999.9,,78.3, ,49.1, ,9.9,,0,I,9999.9,0,999.9,,999.9,0,65.6,5,7.4,5,5.6,5
67561099999,"NDOLA SIMON MWANSA KAWEPEWE INTERNATIONAL, ZA",-12.9833333,28.65,1270.1,8/5/2011,42.4,6,0,,999.9,,84.2,*,47.5, ,6,,0,I,9999.9,0,999.9,,999.9,0,76.3,6,7.2,6,4.7,6
67561099999,"NDOLA SIMON MWANSA KAWEPEWE INTERNATIONAL, ZA",-12.9833333,28.65,1270.1,8/7/2011,45.5,4,0,,999.9,,80.6,*,59,*,999.9,,0,I,9999.9,0,999.9,,999.9,0,69.4,4,6,4,999.9,0
67561099999,"NDOLA SIMON MWANSA KAWEPEWE INTERNATIONAL, ZA",-12.9833333,28.65,1270.1,8/10/2011,39.3,4,0,,999.9,,82.4, ,53.6,*,5.1,,0,I,9999.9,0,999.9,,999.9,0,77.3,4,6.2,4,3.5,4
67561099999,"NDOLA SIMON MWANSA KAWEPEWE INTERNATIONAL, ZA",-12.9833333,28.65,1270.1,8/11/2011,43.9,6,0,,999.9,,83.1, ,48.7, ,8.9,,0,I,9999.9,0,999.9,,999.9,0,68.4,6,5.6,5,4.6,5
67561099999,"NDOLA SIMON MWANSA KAWEPEWE INTERNATIONAL, ZA",-12.9833333,28.65,1270.1,8/17/2011,42.3,5,0,,999.9,,81.9, ,50, ,8,,0,I,9999.9,0,999.9,,999.9,0,70.5,5,5.6,5,5.4,5
67561099999,"NDOLA SIMON MWANSA KAWEPEWE INTERNATIONAL, ZA",-12.9833333,28.65,1270.1,8/19/2011,39.1,4,0,,999.9,,78.8,*,73.4,*,7,,0,I,9999.9,0,999.9,,999.9,0,76.6,4,7.4,4,1.7,4
67561099999,"NDOLA SIMON MWANSA KAWEPEWE INTERNATIONAL, ZA",-12.9833333,28.65,1270.1,9/7/2011,43.7,6,0,,999.9,,84.2,*,73.4,*,9.9,,0,I,9999.9,0,999.9,,999.9,0,80.6,6,6.2,6,5.8,6
67561099999,"NDOLA SIMON MWANSA KAWEPEWE INTERNATIONAL, ZA",-12.9833333,28.65,1270.1,9/12/2011,40.7,6,0,,999.9,,84.2,*,71.6,*,5.1,,0,I,9999.9,0,999.9,,999.9,0,80.6,6,6.2,6,1.3,6
67561099999,"NDOLA SIMON MWANSA KAWEPEWE INTERNATIONAL, ZA",-12.9833333,28.65,1270.1,9/19/2011,45.6,7,0,,999.9,,86,*,78.8,*,6,,0,I,9999.9,0,999.9,,999.9,0,82.7,7,6.5,7,1,6
67561099999,"NDOLA SIMON MWANSA KAWEPEWE INTERNATIONAL, ZA",-12.9833333,28.65,1270.1,10/7/2011,52.7,7,0,,999.9,,83.1, ,61.7, ,15,,0,I,9999.9,0,999.9,,999.9,0,71.6,7,6.3,7,8.4,7
67561099999,"NDOLA SIMON MWANSA KAWEPEWE INTERNATIONAL, ZA",-12.9833333,28.65,1270.1,10/30/2011,45.6,4,0,,999.9,,91.4,*,77,*,5.1,,0,I,9999.9,0,999.9,,999.9,0,89.6,4,6.2,4,1.3,4
67561099999,"NDOLA SIMON MWANSA KAWEPEWE INTERNATIONAL, ZA",-12.9833333,28.65,1270.1,11/4/2011,62.4,6,0,,999.9,,87.4, ,59.9, ,6,,0,I,9999.9,0,999.9,,999.9,0,77.2,6,6.3,6,1.8,6
67561099999,"NDOLA SIMON MWANSA KAWEPEWE INTERNATIONAL, ZA",-12.9833333,28.65,1270.1,11/8/2011,61.7,4,0,,999.9,,84.9, ,72.7, ,14,,0.28,G,9999.9,0,999.9,,999.9,0,75.9,4,11.3,4,11.7,4
67561099999,"NDOLA SIMON MWANSA KAWEPEWE INTERNATIONAL, ZA",-12.9833333,28.65,1270.1,11/9/2011,58.2,4,0,,999.9,,84.2,*,82.4,*,6,,0,G,9999.9,0,999.9,,999.9,0,83.1,4,6.6,4,3.8,4
67561099999,"NDOLA SIMON MWANSA KAWEPEWE INTERNATIONAL, ZA",-12.9833333,28.65,1270.1,11/13/2011,53.6,5,0,,999.9,,91.4,*,84.2,*,5.1,,0,I,9999.9,0,999.9,,999.9,0,88.5,5,6.8,5,3,5
67561099999,"NDOLA SIMON MWANSA KAWEPEWE INTERNATIONAL, ZA",-12.9833333,28.65,1270.1,11/14/2011,58.6,5,0,,999.9,,92.8, ,62.6, ,5.1,,0,I,9999.9,0,999.9,,999.9,0,80.6,5,7.1,5,2.6,5
67561099999,"NDOLA SIMON MWANSA KAWEPEWE INTERNATIONAL, ZA",-12.9833333,28.65,1270.1,11/24/2011,64.8,5,10,,999.9,,77,*,68,*,7,,0,I,9999.9,0,999.9,,999.9,0,71.6,5,7,5,4.4,5
67561099999,"NDOLA SIMON MWANSA KAWEPEWE INTERNATIONAL, ZA",-12.9833333,28.65,1270.1,11/28/2011,57,4,0,,999.9,,86,*,62.8, ,8,,0,I,9999.9,0,999.9,,999.9,0,75.9,4,12.6,4,6.3,4
67561099999,"NDOLA SIMON MWANSA KAWEPEWE INTERNATIONAL, ZA",-12.9833333,28.65,1270.1,11/29/2011,64,6,10010,,999.9,,84.2,*,61.5, ,8.9,,0,G,9999.9,0,999.9,,999.9,0,75.4,6,6.9,6,4.7,6
67561099999,"NDOLA SIMON MWANSA KAWEPEWE INTERNATIONAL, ZA",-12.9833333,28.65,1270.1,12/13/2011,65.4,4,10000,,999.9,,76.3, ,65.1, ,8,,0.2,G,9999.9,0,999.9,,999.9,0,70.7,4,9.1,4,3.5,4
67561099999,"NDOLA SIMON MWANSA KAWEPEWE INTERNATIONAL, ZA",-12.9833333,28.65,1270.1,12/14/2011,63,4,10,,999.9,,78.8,*,73.4,*,8,,0,G,9999.9,0,999.9,,999.9,0,76.1,4,7,4,6.3,4
67561099999,"NDOLA SIMON MWANSA KAWEPEWE INTERNATIONAL, ZA",-12.9833333,28.65,1270.1,12/19/2011,65.2,9,10,,999.9,,77,*,69.8,*,8,,0,I,9999.9,0,999.9,,999.9,0,74,9,7,9,2.2,9
67561099999,"NDOLA SIMON MWANSA KAWEPEWE INTERNATIONAL, ZA",-12.9833333,28.65,1270.1,12/28/2011,65.2,5,0,,999.9,,86.9, ,64.6, ,9.9,,0,I,9999.9,0,999.9,,999.9,0,76.7,5,9,5,7.8,5
67561099999,"NDOLA SIMON MWANSA KAWEPEWE INTERNATIONAL, ZA",-12.9833333,28.65,1270.1,12/29/2011,66.4,4,0,,999.9,,84.2,*,68,*,7,,0,I,9999.9,0,999.9,,999.9,0,76.5,4,8.4,4,4.5,4
67561099999,"NDOLA SIMON MWANSA KAWEPEWE INTERNATIONAL, ZA",-12.9833333,28.65,1270.1,1/3/2012,65.6,5,10000,,999.9,,80.6,*,64.2, ,5.1,,0.83,G,9999.9,0,999.9,,999.9,0,74,5,9.2,5,1,5
67561099999,"NDOLA SIMON MWANSA KAWEPEWE INTERNATIONAL, ZA",-12.9833333,28.65,1270.1,1/8/2012,64,5,10,,999.9,,77,*,69.8,*,8.9,,0,I,9999.9,0,999.9,,999.9,0,72.7,5,7,5,4.2,5
67561099999,"NDOLA SIMON MWANSA KAWEPEWE INTERNATIONAL, ZA",-12.9833333,28.65,1270.1,1/17/2012,63.8,4,100000,,999.9,,79.3, ,64.2, ,2.9,,0.04,G,9999.9,0,999.9,,999.9,0,69.7,4,4.7,4,0.7,4
67561099999,"NDOLA SIMON MWANSA KAWEPEWE INTERNATIONAL, ZA",-12.9833333,28.65,1270.1,1/18/2012,64.8,4,10000,,999.9,,75.2,*,72.7,*,2.9,,0,G,9999.9,0,999.9,,999.9,0,74.1,4,6.8,4,0.7,4
67561099999,"NDOLA SIMON MWANSA KAWEPEWE INTERNATIONAL, ZA",-12.9833333,28.65,1270.1,1/22/2012,64.1,4,100000,,999.9,,84.9, ,61.5, ,2.9,,0.2,G,9999.9,0,999.9,,999.9,0,70.2,4,6.9,4,0.7,4
67561099999,"NDOLA SIMON MWANSA KAWEPEWE INTERNATIONAL, ZA",-12.9833333,28.65,1270.1,1/23/2012,62.6,4,10010,,999.9,,80.6,*,68,*,5.1,,0,G,9999.9,0,999.9,,999.9,0,71.6,4,7,4,3.8,4
67561099999,"NDOLA SIMON MWANSA KAWEPEWE INTERNATIONAL, ZA",-12.9833333,28.65,1270.1,2/7/2012,65.6,4,0,,999.9,,83.3, ,66.2,*,7,,0,I,9999.9,0,999.9,,999.9,0,71.3,4,9.7,4,5.2,4
67561099999,"NDOLA SIMON MWANSA KAWEPEWE INTERNATIONAL, ZA",-12.9833333,28.65,1270.1,2/8/2012,65.3,4,10010,,999.9,,77,*,66.7,*,6,,99.99, ,9999.9,0,999.9,,999.9,0,70.4,4,5.7,4,3.3,4
67561099999,"NDOLA SIMON MWANSA KAWEPEWE INTERNATIONAL, ZA",-12.9833333,28.65,1270.1,2/13/2012,64.1,4,0,,999.9,,82.9, ,62.6, ,5.1,,0.24,G,9999.9,0,999.9,,999.9,0,69,4,6.6,4,3.3,4
67561099999,"NDOLA SIMON MWANSA KAWEPEWE INTERNATIONAL, ZA",-12.9833333,28.65,1270.1,2/14/2012,66.1,6,10,,999.9,,83.1, ,66.4, ,7,,0,G,9999.9,0,999.9,,999.9,0,72.7,6,7.8,6,3.6,5
67561099999,"NDOLA SIMON MWANSA KAWEPEWE INTERNATIONAL, ZA",-12.9833333,28.65,1270.1,2/16/2012,61.7,4,10,,999.9,,84.2,*,64.4,*,8,,0,I,9999.9,0,999.9,,999.9,0,75.9,5,6.8,5,3.8,5
67561099999,"NDOLA SIMON MWANSA KAWEPEWE INTERNATIONAL, ZA",-12.9833333,28.65,1270.1,2/17/2012,63.5,6,10010,,999.9,,78.8,*,66.2,*,8.9,,99.99, ,9999.9,0,999.9,,999.9,0,71.9,6,6.5,6,5.3,6
67561099999,"NDOLA SIMON MWANSA KAWEPEWE INTERNATIONAL, ZA",-12.9833333,28.65,1270.1,2/21/2012,64.7,5,10,,999.9,,84.2,*,61.9, ,9.9,,0,I,9999.9,0,999.9,,999.9,0,76.4,6,8,6,3,6
67561099999,"NDOLA SIMON MWANSA KAWEPEWE INTERNATIONAL, ZA",-12.9833333,28.65,1270.1,2/23/2012,66.2,6,10,,999.9,,86, ,63.1, ,8,,0,I,9999.9,0,999.9,,999.9,0,79.3,6,6.7,6,4.2,6
67561099999,"NDOLA SIMON MWANSA KAWEPEWE INTERNATIONAL, ZA",-12.9833333,28.65,1270.1,2/24/2012,64.6,4,0,,999.9,,88.2, ,63.7, ,999.9,,0.16,G,9999.9,0,999.9,,999.9,0,74.7,4,10.9,4,999.9,0
67561099999,"NDOLA SIMON MWANSA KAWEPEWE INTERNATIONAL, ZA",-12.9833333,28.65,1270.1,2/25/2012,64.1,7,10010,,999.9,,84.2, ,63.3, ,1.9,,2.76,G,9999.9,0,999.9,,999.9,0,68.7,7,6.1,7,0.3,7
67561099999,"NDOLA SIMON MWANSA KAWEPEWE INTERNATIONAL, ZA",-12.9833333,28.65,1270.1,2/27/2012,63.9,4,0,,999.9,,86,*,62.6, ,6,,0.16,G,9999.9,0,999.9,,999.9,0,76,4,6.8,4,1,4
67561099999,"NDOLA SIMON MWANSA KAWEPEWE INTERNATIONAL, ZA",-12.9833333,28.65,1270.1,3/5/2012,9999.9,0,10010,,999.9,,71.6,*,62.6,*,6,,99.99, ,9999.9,0,999.9,,999.9,0,68,4,5.5,4,3.8,4
67561099999,"NDOLA SIMON MWANSA KAWEPEWE INTERNATIONAL, ZA",-12.9833333,28.65,1270.1,3/6/2012,63.7,5,100000,,999.9,,78.8,*,62.6,*,4.1,,0,I,9999.9,0,999.9,,999.9,0,71.6,5,6.1,5,0.8,5
67561099999,"NDOLA SIMON MWANSA KAWEPEWE INTERNATIONAL, ZA",-12.9833333,28.65,1270.1,3/7/2012,64,5,100000,,999.9,,73.4,*,62.6,*,999.9,,0,I,9999.9,0,999.9,,999.9,0,69.1,5,5.8,4,0,4
67561099999,"NDOLA SIMON MWANSA KAWEPEWE INTERNATIONAL, ZA",-12.9833333,28.65,1270.1,3/8/2012,64.1,5,10000,,999.9,,76.6, ,63.5, ,6,,0,G,9999.9,0,999.9,,999.9,0,68,5,6.2,5,2.2,5
67561099999,"NDOLA SIMON MWANSA KAWEPEWE INTERNATIONAL, ZA",-12.9833333,28.65,1270.1,3/9/2012,63.4,5,0,,999.9,,78.6,*,61.7, ,5.1,,0.08,G,9999.9,0,999.9,,999.9,0,70.8,5,11,5,3.7,5
67561099999,"NDOLA SIMON MWANSA KAWEPEWE INTERNATIONAL, ZA",-12.9833333,28.65,1270.1,3/10/2012,62.6,4,0,,999.9,,80.6,*,64.4,*,999.9,,0,G,9999.9,0,999.9,,999.9,0,70.2,4,7,4,0,4
67561099999,"NDOLA SIMON MWANSA KAWEPEWE INTERNATIONAL, ZA",-12.9833333,28.65,1270.1,3/11/2012,63.5,4,10,,999.9,,78.8,*,62.6,*,9.9,,0,I,9999.9,0,999.9,,999.9,0,69.4,4,7,4,3,4
67561099999,"NDOLA SIMON MWANSA KAWEPEWE INTERNATIONAL, ZA",-12.9833333,28.65,1270.1,3/13/2012,65.3,4,10010,,999.9,,78.8,*,75.2,*,9.9,,99.99, ,9999.9,0,999.9,,999.9,0,76.1,4,6.6,4,6.5,4
67561099999,"NDOLA SIMON MWANSA KAWEPEWE INTERNATIONAL, ZA",-12.9833333,28.65,1270.1,3/14/2012,65,6,100010,,999.9,,86,*,64.4, ,6,,0,G,9999.9,0,999.9,,999.9,0,74.6,7,9.3,7,1.1,7
67561099999,"NDOLA SIMON MWANSA KAWEPEWE INTERNATIONAL, ZA",-12.9833333,28.65,1270.1,3/15/2012,64.9,4,0,,999.9,,84.2,*,69.8,*,8,,0,I,9999.9,0,999.9,,999.9,0,76.6,4,7,4,5.2,4
67561099999,"NDOLA SIMON MWANSA KAWEPEWE INTERNATIONAL, ZA",-12.9833333,28.65,1270.1,3/16/2012,65.9,6,0,,999.9,,82.4,*,77,*,8,,0,I,9999.9,0,999.9,,999.9,0,79.7,6,6.7,6,5.5,6
67561099999,"NDOLA SIMON MWANSA KAWEPEWE INTERNATIONAL, ZA",-12.9833333,28.65,1270.1,3/17/2012,63.5,4,0,,999.9,,78.8,*,64.4,*,2.9,,0,I,9999.9,0,999.9,,999.9,0,72.1,4,6.8,4,1.5,4
67561099999,"NDOLA SIMON MWANSA KAWEPEWE INTERNATIONAL, ZA",-12.9833333,28.65,1270.1,3/18/2012,59.9,4,10,,999.9,,86,*,71.6,*,6,,0,I,9999.9,0,999.9,,999.9,0,77.9,4,999.9,0,1.5,4
67561099999,"NDOLA SIMON MWANSA KAWEPEWE INTERNATIONAL, ZA",-12.9833333,28.65,1270.1,3/20/2012,63.9,4,0,,999.9,,84, ,63.1, ,6,,1.73,G,9999.9,0,999.9,,999.9,0,67.4,4,9.9,4,4,4
67561099999,"NDOLA SIMON MWANSA KAWEPEWE INTERNATIONAL, ZA",-12.9833333,28.65,1270.1,3/26/2012,64.7,7,0,,999.9,,80.6,*,63.5, ,8,,0,G,9999.9,0,999.9,,999.9,0,75.3,7,9,7,5.6,7
67561099999,"NDOLA SIMON MWANSA KAWEPEWE INTERNATIONAL, ZA",-12.9833333,28.65,1270.1,3/27/2012,64.8,4,0,,999.9,,84.2,*,68,*,8.9,,0,I,9999.9,0,999.9,,999.9,0,77.4,4,6.8,4,5.2,4
67561099999,"NDOLA SIMON MWANSA KAWEPEWE INTERNATIONAL, ZA",-12.9833333,28.65,1270.1,3/28/2012,63.3,4,10000,,999.9,,84.9, ,61, ,8,,0.55,G,9999.9,0,999.9,,999.9,0,67.6,4,6.3,4,4,4
67561099999,"NDOLA SIMON MWANSA KAWEPEWE INTERNATIONAL, ZA",-12.9833333,28.65,1270.1,3/29/2012,64.4,10,100000,,999.9,,84.2,*,62.6,*,9.9,,0,G,9999.9,0,999.9,,999.9,0,76.6,10,6.6,10,2.5,10
67561099999,"NDOLA SIMON MWANSA KAWEPEWE INTERNATIONAL, ZA",-12.9833333,28.65,1270.1,3/30/2012,65.1,5,10000,,15,,84.2,*,64.4,*,9.9,,99.99, ,9999.9,0,999.9,,999.9,0,71.2,5,5.9,5,3,5
67561099999,"NDOLA SIMON MWANSA KAWEPEWE INTERNATIONAL, ZA",-12.9833333,28.65,1270.1,4/1/2012,64.4,4,0,,999.9,,78.8,*,66.2,*,5.1,,0,I,9999.9,0,999.9,,999.9,0,73.4,4,7,4,1.3,4
67561099999,"NDOLA SIMON MWANSA KAWEPEWE INTERNATIONAL, ZA",-12.9833333,28.65,1270.1,4/2/2012,62.9,5,0,,999.9,,80.6, ,58.3, ,8.9,,0.79,G,9999.9,0,999.9,,999.9,0,71.6,5,8.1,5,6.2,5
67561099999,"NDOLA SIMON MWANSA KAWEPEWE INTERNATIONAL, ZA",-12.9833333,28.65,1270.1,4/5/2012,59.7,4,0,,999.9,,77,*,55.4,*,9.9,,0,I,9999.9,0,999.9,,999.9,0,67.9,4,6.6,4,4,4
67561099999,"NDOLA SIMON MWANSA KAWEPEWE INTERNATIONAL, ZA",-12.9833333,28.65,1270.1,4/6/2012,56.8,4,0,,999.9,,69.8,*,64.4,*,8.9,,0,I,9999.9,0,999.9,,999.9,0,66.2,4,6.6,4,3.7,4
67561099999,"NDOLA SIMON MWANSA KAWEPEWE INTERNATIONAL, ZA",-12.9833333,28.65,1270.1,4/7/2012,60,6,0,,999.9,,82, ,57, ,6,,0,I,9999.9,0,999.9,,999.9,0,69.2,6,8.7,6,3.4,6
67561099999,"NDOLA SIMON MWANSA KAWEPEWE INTERNATIONAL, ZA",-12.9833333,28.65,1270.1,4/8/2012,62.2,5,0,,999.9,,77,*,62.6,*,4.1,,0,I,9999.9,0,999.9,,999.9,0,69.8,5,6.5,5,1.6,5
67561099999,"NDOLA SIMON MWANSA KAWEPEWE INTERNATIONAL, ZA",-12.9833333,28.65,1270.1,4/13/2012,56.1,4,0,,999.9,,81.5, ,60.8, ,12,,0,I,9999.9,0,999.9,,999.9,0,68.5,4,11.3,4,7.2,4
67561099999,"NDOLA SIMON MWANSA KAWEPEWE INTERNATIONAL, ZA",-12.9833333,28.65,1270.1,4/15/2012,55.8,4,0,,999.9,,80.6,*,78.8,*,8,,0,I,9999.9,0,999.9,,999.9,0,79.2,4,6.4,4,2.7,4
67561099999,"NDOLA SIMON MWANSA KAWEPEWE INTERNATIONAL, ZA",-12.9833333,28.65,1270.1,4/16/2012,57.1,7,0,,999.9,,80.6,*,55.4,*,5.1,,0,I,9999.9,0,999.9,,999.9,0,72.8,7,8.2,7,2.3,7
67561099999,"NDOLA SIMON MWANSA KAWEPEWE INTERNATIONAL, ZA",-12.9833333,28.65,1270.1,4/17/2012,59.3,6,0,,999.9,,82.4,*,57.2,*,5.1,,0,I,9999.9,0,999.9,,999.9,0,72.5,6,6.4,6,2,6
67561099999,"NDOLA SIMON MWANSA KAWEPEWE INTERNATIONAL, ZA",-12.9833333,28.65,1270.1,4/18/2012,58.1,4,100000,,999.9,,80.6,*,57.2,*,1.9,,0,I,9999.9,0,999.9,,999.9,0,68.4,4,6.1,4,0.5,4
67561099999,"NDOLA SIMON MWANSA KAWEPEWE INTERNATIONAL, ZA",-12.9833333,28.65,1270.1,4/21/2012,50.6,10,0,,999.9,,78.8, ,53.6,*,9.9,,0,I,9999.9,0,999.9,,999.9,0,71.1,10,7.7,10,6,10
67561099999,"NDOLA SIMON MWANSA KAWEPEWE INTERNATIONAL, ZA",-12.9833333,28.65,1270.1,4/22/2012,53.8,8,0,,999.9,,84.2,*,50,*,2.9,,0,I,9999.9,0,999.9,,999.9,0,71.4,8,6.3,8,0.8,8
67561099999,"NDOLA SIMON MWANSA KAWEPEWE INTERNATIONAL, ZA",-12.9833333,28.65,1270.1,4/23/2012,49.8,4,0,,999.9,,81.3, ,46.9, ,6,,0,I,9999.9,0,999.9,,999.9,0,72.7,4,6.2,4,3.5,4
67561099999,"NDOLA SIMON MWANSA KAWEPEWE INTERNATIONAL, ZA",-12.9833333,28.65,1270.1,4/27/2012,53,5,0,,999.9,,79.7, ,49.8, ,4.1,,0,I,9999.9,0,999.9,,999.9,0,68.5,5,10.9,5,1.2,5
67561099999,"NDOLA SIMON MWANSA KAWEPEWE INTERNATIONAL, ZA",-12.9833333,28.65,1270.1,4/28/2012,54.3,6,0,,999.9,,82.4,*,47.7, ,999.9,,0,I,9999.9,0,999.9,,999.9,0,76.6,6,6.2,6,0,6
67561099999,"NDOLA SIMON MWANSA KAWEPEWE INTERNATIONAL, ZA",-12.9833333,28.65,1270.1,5/1/2012,57.6,5,0,,999.9,,80.6,*,78.8,*,6,,0,I,9999.9,0,999.9,,999.9,0,79.9,5,6.7,5,4.6,5
67561099999,"NDOLA SIMON MWANSA KAWEPEWE INTERNATIONAL, ZA",-12.9833333,28.65,1270.1,5/2/2012,55.6,6,0,,999.9,,82.8, ,54.5, ,8.9,,0,I,9999.9,0,999.9,,999.9,0,78,6,7.7,6,4.3,6
67561099999,"NDOLA SIMON MWANSA KAWEPEWE INTERNATIONAL, ZA",-12.9833333,28.65,1270.1,5/3/2012,57.7,5,0,,999.9,,83.8, ,49.3, ,5.1,,0,I,9999.9,0,999.9,,999.9,0,73.7,5,8.2,5,2.6,5
67561099999,"NDOLA SIMON MWANSA KAWEPEWE INTERNATIONAL, ZA",-12.9833333,28.65,1270.1,5/5/2012,53.6,4,0,,999.9,,82.4,*,53.6,*,4.1,,0,I,9999.9,0,999.9,,999.9,0,68.9,4,6.2,4,2,4
67561099999,"NDOLA SIMON MWANSA KAWEPEWE INTERNATIONAL, ZA",-12.9833333,28.65,1270.1,5/7/2012,56.3,4,0,,999.9,,78.8,*,66.2,*,11.1,,0,I,9999.9,0,999.9,,999.9,0,72.5,4,6.8,4,9.2,4
67561099999,"NDOLA SIMON MWANSA KAWEPEWE INTERNATIONAL, ZA",-12.9833333,28.65,1270.1,5/9/2012,50.3,9,0,,999.9,,73.4,*,55.4,*,16.9,,0,I,9999.9,0,999.9,,999.9,0,66.9,9,9.3,9,9.8,9
67561099999,"NDOLA SIMON MWANSA KAWEPEWE INTERNATIONAL, ZA",-12.9833333,28.65,1270.1,5/10/2012,53.4,8,0,,999.9,,78.1, ,59,*,14,,0,I,9999.9,0,999.9,,999.9,0,68.9,8,7.9,8,5.4,8
67561099999,"NDOLA SIMON MWANSA KAWEPEWE INTERNATIONAL, ZA",-12.9833333,28.65,1270.1,5/11/2012,54.9,11,0,,999.9,,83.7, ,57.2,*,12,,0,I,9999.9,0,999.9,,999.9,0,66,11,7.1,11,4.2,11
67561099999,"NDOLA SIMON MWANSA KAWEPEWE INTERNATIONAL, ZA",-12.9833333,28.65,1270.1,5/12/2012,52.7,4,0,,999.9,,57.2,*,53.6,*,999.9,,0,I,9999.9,0,999.9,,999.9,0,55.4,4,7.7,4,0,4
67561099999,"NDOLA SIMON MWANSA KAWEPEWE INTERNATIONAL, ZA",-12.9833333,28.65,1270.1,5/13/2012,55.4,4,0,,999.9,,80.6,*,77,*,5.1,,0,I,9999.9,0,999.9,,999.9,0,78.4,4,6.8,4,4.8,4
67561099999,"NDOLA SIMON MWANSA KAWEPEWE INTERNATIONAL, ZA",-12.9833333,28.65,1270.1,5/14/2012,54.6,15,0,,999.9,,81.5, ,52.9, ,8,,0,I,9999.9,0,999.9,,999.9,0,69.1,15,7.9,15,2.1,15
67561099999,"NDOLA SIMON MWANSA KAWEPEWE INTERNATIONAL, ZA",-12.9833333,28.65,1270.1,5/15/2012,53.8,13,0,,999.9,,82.4,*,54.9, ,9.9,,0,I,9999.9,0,999.9,,999.9,0,69.1,13,8.7,13,3.6,13
67561099999,"NDOLA SIMON MWANSA KAWEPEWE INTERNATIONAL, ZA",-12.9833333,28.65,1270.1,5/16/2012,54.3,17,0,,999.9,,80.6,*,59,*,8.9,,0,I,9999.9,0,999.9,,999.9,0,72.4,17,9.1,17,5.1,17
67561099999,"NDOLA SIMON MWANSA KAWEPEWE INTERNATIONAL, ZA",-12.9833333,28.65,1270.1,5/17/2012,48.9,10,0,,999.9,,78.8,*,50,*,8.9,,0,I,9999.9,0,999.9,,999.9,0,64,10,6.2,10,2.8,10
67561099999,"NDOLA SIMON MWANSA KAWEPEWE INTERNATIONAL, ZA",-12.9833333,28.65,1270.1,5/18/2012,45.2,6,0,,999.9,,79.9, ,45.5, ,6,,0,I,9999.9,0,999.9,,999.9,0,60.1,6,6.7,6,2,6
67561099999,"NDOLA SIMON MWANSA KAWEPEWE INTERNATIONAL, ZA",-12.9833333,28.65,1270.1,5/19/2012,46.8,7,0,,999.9,,80.6,*,45, ,4.1,,0,I,9999.9,0,999.9,,999.9,0,68,7,5.7,7,0.6,7
67561099999,"NDOLA SIMON MWANSA KAWEPEWE INTERNATIONAL, ZA",-12.9833333,28.65,1270.1,5/20/2012,52.2,8,0,,999.9,,81.5, ,47.3, ,999.9,,0,I,9999.9,0,999.9,,999.9,0,64,8,5.8,8,0,8
67561099999,"NDOLA SIMON MWANSA KAWEPEWE INTERNATIONAL, ZA",-12.9833333,28.65,1270.1,5/21/2012,50.4,13,0,,999.9,,83.8, ,49.3, ,5.1,,0,I,9999.9,0,999.9,,999.9,0,70.3,13,6.2,13,2.6,13
67561099999,"NDOLA SIMON MWANSA KAWEPEWE INTERNATIONAL, ZA",-12.9833333,28.65,1270.1,5/22/2012,44.6,7,0,,999.9,,80.6,*,51.8,*,11.1,,0,I,9999.9,0,999.9,,999.9,0,66.5,7,6.1,7,4.5,7
67561099999,"NDOLA SIMON MWANSA KAWEPEWE INTERNATIONAL, ZA",-12.9833333,28.65,1270.1,5/23/2012,45.3,8,0,,999.9,,80.6,*,50.2,*,8,,0,I,9999.9,0,999.9,,999.9,0,68.8,8,7.7,8,4.4,8
67561099999,"NDOLA SIMON MWANSA KAWEPEWE INTERNATIONAL, ZA",-12.9833333,28.65,1270.1,5/24/2012,43.9,8,0,,999.9,,78.8,*,44.6,*,8.9,,0,I,9999.9,0,999.9,,999.9,0,67.8,8,5.7,8,1.6,8
67561099999,"NDOLA SIMON MWANSA KAWEPEWE INTERNATIONAL, ZA",-12.9833333,28.65,1270.1,5/25/2012,42.6,8,0,,999.9,,79.3, ,41.4, ,8,,0,I,9999.9,0,999.9,,999.9,0,68.7,9,6.2,9,3.8,9
67561099999,"NDOLA SIMON MWANSA KAWEPEWE INTERNATIONAL, ZA",-12.9833333,28.65,1270.1,5/26/2012,47.8,5,0,,999.9,,80.2, ,43, ,9.9,,0,I,9999.9,0,999.9,,999.9,0,69.8,5,10.5,5,4.6,5
67561099999,"NDOLA SIMON MWANSA KAWEPEWE INTERNATIONAL, ZA",-12.9833333,28.65,1270.1,5/27/2012,45.5,8,0,,999.9,,78.8,*,62.6,*,11.1,,0,I,9999.9,0,999.9,,999.9,0,71.6,8,6.2,8,5.1,8
67561099999,"NDOLA SIMON MWANSA KAWEPEWE INTERNATIONAL, ZA",-12.9833333,28.65,1270.1,5/28/2012,46.1,7,0,,999.9,,75.2,*,48.2,*,8.9,,0,I,9999.9,0,999.9,,999.9,0,65.4,7,6.2,7,3.9,7
67561099999,"NDOLA SIMON MWANSA KAWEPEWE INTERNATIONAL, ZA",-12.9833333,28.65,1270.1,5/30/2012,52.5,5,0,,999.9,,77,*,66.2,*,8,,0,I,9999.9,0,999.9,,999.9,0,70.9,5,6.3,5,6.4,5
67561099999,"NDOLA SIMON MWANSA KAWEPEWE INTERNATIONAL, ZA",-12.9833333,28.65,1270.1,5/31/2012,52.8,5,0,,999.9,,80.8, ,50.2, ,11.1,,0,I,9999.9,0,999.9,,999.9,0,71.9,5,8.5,5,5.4,5
67561099999,"NDOLA SIMON MWANSA KAWEPEWE INTERNATIONAL, ZA",-12.9833333,28.65,1270.1,6/1/2012,51.7,14,0,,999.9,,81.1, ,50, ,8.9,,0,I,9999.9,0,999.9,,999.9,0,69.6,14,7.2,14,4.9,14
67561099999,"NDOLA SIMON MWANSA KAWEPEWE INTERNATIONAL, ZA",-12.9833333,28.65,1270.1,6/2/2012,46.9,10,0,,999.9,,77,*,50,*,9.9,,0,I,9999.9,0,999.9,,999.9,0,63.3,10,6.2,10,3.5,10
67561099999,"NDOLA SIMON MWANSA KAWEPEWE INTERNATIONAL, ZA",-12.9833333,28.65,1270.1,6/3/2012,44.8,10,0,,999.9,,78.3, ,46.4, ,12,,0,I,9999.9,0,999.9,,999.9,0,66.2,10,8.6,10,7,10
67561099999,"NDOLA SIMON MWANSA KAWEPEWE INTERNATIONAL, ZA",-12.9833333,28.65,1270.1,6/4/2012,44.2,6,0,,999.9,,72,*,51.8,*,12,,0,I,9999.9,0,999.9,,999.9,0,65.1,6,8.1,6,7.5,6
67561099999,"NDOLA SIMON MWANSA KAWEPEWE INTERNATIONAL, ZA",-12.9833333,28.65,1270.1,6/5/2012,48.4,7,0,,999.9,,73.6,*,44.6,*,9.9,,0,I,9999.9,0,999.9,,999.9,0,58.3,7,7.9,7,2.4,7
67561099999,"NDOLA SIMON MWANSA KAWEPEWE INTERNATIONAL, ZA",-12.9833333,28.65,1270.1,6/6/2012,46.8,12,0,,999.9,,77,*,43.9, ,7,,0,I,9999.9,0,999.9,,999.9,0,66.4,12,7.1,12,4,12
67561099999,"NDOLA SIMON MWANSA KAWEPEWE INTERNATIONAL, ZA",-12.9833333,28.65,1270.1,6/7/2012,44.5,7,0,,999.9,,77,*,46.2, ,9.9,,0,I,9999.9,0,999.9,,999.9,0,71.4,7,5.9,7,4,7
67561099999,"NDOLA SIMON MWANSA KAWEPEWE INTERNATIONAL, ZA",-12.9833333,28.65,1270.1,6/8/2012,49.3,5,0,,999.9,,77,*,53.6,*,5.1,,0,I,9999.9,0,999.9,,999.9,0,69.8,5,5.1,5,2.6,5
67561099999,"NDOLA SIMON MWANSA KAWEPEWE INTERNATIONAL, ZA",-12.9833333,28.65,1270.1,6/9/2012,44.4,6,0,,999.9,,80.6,*,48.2,*,8,,0,I,9999.9,0,999.9,,999.9,0,72.9,6,5.3,6,5.2,6
67561099999,"NDOLA SIMON MWANSA KAWEPEWE INTERNATIONAL, ZA",-12.9833333,28.65,1270.1,6/10/2012,40.5,5,0,,999.9,,80.6,*,68,*,8,,0,I,9999.9,0,999.9,,999.9,0,76.5,5,6.8,5,5.4,5
67561099999,"NDOLA SIMON MWANSA KAWEPEWE INTERNATIONAL, ZA",-12.9833333,28.65,1270.1,6/11/2012,36.5,5,0,,999.9,,77.5,*,66.2,*,14,,0,I,9999.9,0,999.9,,999.9,0,72.8,5,8,5,10.6,5
67561099999,"NDOLA SIMON MWANSA KAWEPEWE INTERNATIONAL, ZA",-12.9833333,28.65,1270.1,6/13/2012,45.1,9,0,,999.9,,74.7, ,43, ,8.9,,0,I,9999.9,0,999.9,,999.9,0,66.5,9,8.2,9,5,9
67561099999,"NDOLA SIMON MWANSA KAWEPEWE INTERNATIONAL, ZA",-12.9833333,28.65,1270.1,6/14/2012,45,9,0,,999.9,,76.3, ,44.1, ,9.9,,0,I,9999.9,0,999.9,,999.9,0,64.1,9,8.8,9,7.2,9
67561099999,"NDOLA SIMON MWANSA KAWEPEWE INTERNATIONAL, ZA",-12.9833333,28.65,1270.1,6/15/2012,48.3,9,0,,999.9,,73.9, ,45.7, ,8.9,,0,I,9999.9,0,999.9,,999.9,0,61.9,9,7.1,9,4,9
67561099999,"NDOLA SIMON MWANSA KAWEPEWE INTERNATIONAL, ZA",-12.9833333,28.65,1270.1,6/16/2012,49,4,0,,999.9,,75.6, ,47.1, ,2.9,,0,I,9999.9,0,999.9,,999.9,0,56.1,4,7.2,4,1.5,4
67561099999,"NDOLA SIMON MWANSA KAWEPEWE INTERNATIONAL, ZA",-12.9833333,28.65,1270.1,6/17/2012,49.1,4,0,,999.9,,57.2,*,46.4,*,1.9,,0,I,9999.9,0,999.9,,999.9,0,52.3,4,5.1,4,0.5,4
67561099999,"NDOLA SIMON MWANSA KAWEPEWE INTERNATIONAL, ZA",-12.9833333,28.65,1270.1,6/18/2012,49.3,5,0,,999.9,,80.6,*,71.6,*,7,,0,I,9999.9,0,999.9,,999.9,0,76.3,5,6.2,5,3.4,5
67561099999,"NDOLA SIMON MWANSA KAWEPEWE INTERNATIONAL, ZA",-12.9833333,28.65,1270.1,6/19/2012,49.4,7,0,,999.9,,81.7, ,48.9, ,12,,0,I,9999.9,0,999.9,,999.9,0,69.7,7,7.4,7,7.1,7
67561099999,"NDOLA SIMON MWANSA KAWEPEWE INTERNATIONAL, ZA",-12.9833333,28.65,1270.1,6/20/2012,49.8,8,0,,999.9,,79, ,48.2,*,9.9,,0,I,9999.9,0,999.9,,999.9,0,66.2,8,10.8,8,5.7,8
67561099999,"NDOLA SIMON MWANSA KAWEPEWE INTERNATIONAL, ZA",-12.9833333,28.65,1270.1,6/21/2012,48,7,0,,999.9,,79, ,48.9, ,49.9,,0,I,9999.9,0,999.9,,999.9,0,65.5,7,11.1,7,10.4,7
67561099999,"NDOLA SIMON MWANSA KAWEPEWE INTERNATIONAL, ZA",-12.9833333,28.65,1270.1,6/22/2012,50.2,6,0,,999.9,,79,*,62.6,*,9.9,,0,I,9999.9,0,999.9,,999.9,0,74.3,6,8.4,6,6,6
67561099999,"NDOLA SIMON MWANSA KAWEPEWE INTERNATIONAL, ZA",-12.9833333,28.65,1270.1,6/23/2012,50.6,6,0,,999.9,,77,*,50,*,8.9,,0,I,9999.9,0,999.9,,999.9,0,63.8,6,6.3,6,4.3,6
67561099999,"NDOLA SIMON MWANSA KAWEPEWE INTERNATIONAL, ZA",-12.9833333,28.65,1270.1,6/24/2012,44.9,6,0,,999.9,,82.4,*,48.2,*,7,,0,I,9999.9,0,999.9,,999.9,0,69.2,6,6.2,6,2.8,6
67561099999,"NDOLA SIMON MWANSA KAWEPEWE INTERNATIONAL, ZA",-12.9833333,28.65,1270.1,6/25/2012,45.3,4,0,,999.9,,82.9, ,45.3, ,7,,0,I,9999.9,0,999.9,,999.9,0,72,4,6.2,4,2.8,4
67561099999,"NDOLA SIMON MWANSA KAWEPEWE INTERNATIONAL, ZA",-12.9833333,28.65,1270.1,6/27/2012,51.9,7,0,,999.9,,82.4,*,51.8,*,8.9,,0,I,9999.9,0,999.9,,999.9,0,73.6,7,9.4,7,5.9,7
67561099999,"NDOLA SIMON MWANSA KAWEPEWE INTERNATIONAL, ZA",-12.9833333,28.65,1270.1,6/28/2012,52.1,6,0,,999.9,,82.2, ,54.5, ,6,,0,I,9999.9,0,999.9,,999.9,0,74.6,6,10.5,6,2.8,6
67561099999,"NDOLA SIMON MWANSA KAWEPEWE INTERNATIONAL, ZA",-12.9833333,28.65,1270.1,6/29/2012,50.9,6,0,,999.9,,75.2,*,55.4,*,9.9,,0,I,9999.9,0,999.9,,999.9,0,62.3,6,6.3,6,5.8,6
67561099999,"NDOLA SIMON MWANSA KAWEPEWE INTERNATIONAL, ZA",-12.9833333,28.65,1270.1,6/30/2012,44.6,4,0,,999.9,,77,*,48.2,*,7,,0,I,9999.9,0,999.9,,999.9,0,68.9,4,6.6,4,4.5,4
67561099999,"NDOLA SIMON MWANSA KAWEPEWE INTERNATIONAL, ZA",-12.9833333,28.65,1270.1,7/1/2012,45.7,5,0,,999.9,,73.4,*,57.2,*,8,,0,I,9999.9,0,999.9,,999.9,0,69.1,5,6.2,5,3,5
67561099999,"NDOLA SIMON MWANSA KAWEPEWE INTERNATIONAL, ZA",-12.9833333,28.65,1270.1,7/3/2012,52.3,6,0,,999.9,,80.6,*,48.7, ,999.9,,0,I,9999.9,0,999.9,,999.9,0,68.5,6,5.4,6,0,6
67561099999,"NDOLA SIMON MWANSA KAWEPEWE INTERNATIONAL, ZA",-12.9833333,28.65,1270.1,7/4/2012,49.1,5,0,,999.9,,79.5,*,72,*,12,,0,I,9999.9,0,999.9,,999.9,0,76.9,5,10.5,5,3.4,5
67561099999,"NDOLA SIMON MWANSA KAWEPEWE INTERNATIONAL, ZA",-12.9833333,28.65,1270.1,7/6/2012,42.5,11,0,,999.9,,78.8,*,50,*,11.1,,0,I,9999.9,0,999.9,,999.9,0,71.4,11,6.2,11,4.9,11
67561099999,"NDOLA SIMON MWANSA KAWEPEWE INTERNATIONAL, ZA",-12.9833333,28.65,1270.1,7/7/2012,42.4,5,0,,999.9,,73.4,*,51.8,*,5.1,,0,I,9999.9,0,999.9,,999.9,0,65.8,5,6.2,5,2.8,5
67561099999,"NDOLA SIMON MWANSA KAWEPEWE INTERNATIONAL, ZA",-12.9833333,28.65,1270.1,7/8/2012,40.4,6,0,,999.9,,78.8,*,68,*,9.9,,0,I,9999.9,0,999.9,,999.9,0,72.5,6,6.2,6,5.3,6
67561099999,"NDOLA SIMON MWANSA KAWEPEWE INTERNATIONAL, ZA",-12.9833333,28.65,1270.1,7/9/2012,38.5,10,0,,999.9,,77,*,44.6,*,9.9,,0,I,9999.9,0,999.9,,999.9,0,67.2,10,7.4,10,6,10
67561099999,"NDOLA SIMON MWANSA KAWEPEWE INTERNATIONAL, ZA",-12.9833333,28.65,1270.1,7/10/2012,42.3,4,0,,999.9,,73.4,*,50,*,5.1,,0,I,9999.9,0,999.9,,999.9,0,65.3,4,6.2,4,3.8,4
67561099999,"NDOLA SIMON MWANSA KAWEPEWE INTERNATIONAL, ZA",-12.9833333,28.65,1270.1,7/13/2012,43.2,4,0,,999.9,,78.8,*,69.8,*,9.9,,0,I,9999.9,0,999.9,,999.9,0,75.2,4,8.5,4,4.5,4
67561099999,"NDOLA SIMON MWANSA KAWEPEWE INTERNATIONAL, ZA",-12.9833333,28.65,1270.1,7/14/2012,45.5,6,0,,999.9,,82.4,*,73.4,*,5.1,,0,I,9999.9,0,999.9,,999.9,0,79.4,6,6.2,6,1.3,6
67561099999,"NDOLA SIMON MWANSA KAWEPEWE INTERNATIONAL, ZA",-12.9833333,28.65,1270.1,7/15/2012,43.2,4,0,,999.9,,82.4,*,73.4,*,12,,0,I,9999.9,0,999.9,,999.9,0,77.9,4,5.6,4,5,4
67561099999,"NDOLA SIMON MWANSA KAWEPEWE INTERNATIONAL, ZA",-12.9833333,28.65,1270.1,7/16/2012,42.2,6,0,,999.9,,78.8,*,51.8,*,8,,0,I,9999.9,0,999.9,,999.9,0,69.8,6,6.1,6,6,6
67561099999,"NDOLA SIMON MWANSA KAWEPEWE INTERNATIONAL, ZA",-12.9833333,28.65,1270.1,7/21/2012,37.7,7,0,,999.9,,78.8,*,41,*,7,,0,I,9999.9,0,999.9,,999.9,0,65.4,7,4.2,7,2.4,7
67561099999,"NDOLA SIMON MWANSA KAWEPEWE INTERNATIONAL, ZA",-12.9833333,28.65,1270.1,7/24/2012,42.8,5,0,,999.9,,80.6,*,62.6,*,7,,0,I,9999.9,0,999.9,,999.9,0,74.1,5,5.5,5,5,5
67561099999,"NDOLA SIMON MWANSA KAWEPEWE INTERNATIONAL, ZA",-12.9833333,28.65,1270.1,7/25/2012,50.2,6,0,,999.9,,84.2,*,47.1, ,9.9,,0,I,9999.9,0,999.9,,999.9,0,73.5,6,6.3,6,5.7,6
67561099999,"NDOLA SIMON MWANSA KAWEPEWE INTERNATIONAL, ZA",-12.9833333,28.65,1270.1,7/26/2012,48.6,4,0,,999.9,,73.6,*,50,*,9.9,,0,I,9999.9,0,999.9,,999.9,0,60.8,4,8.5,4,6,4
67561099999,"NDOLA SIMON MWANSA KAWEPEWE INTERNATIONAL, ZA",-12.9833333,28.65,1270.1,7/27/2012,42.9,7,0,,999.9,,77.7,*,45.3, ,6,,0,I,9999.9,0,999.9,,999.9,0,69.1,7,7.9,7,3.4,7
67561099999,"NDOLA SIMON MWANSA KAWEPEWE INTERNATIONAL, ZA",-12.9833333,28.65,1270.1,7/28/2012,42.8,5,0,,999.9,,77,*,55.4,*,5.1,,0,I,9999.9,0,999.9,,999.9,0,68.7,5,6,5,2,5
67561099999,"NDOLA SIMON MWANSA KAWEPEWE INTERNATIONAL, ZA",-12.9833333,28.65,1270.1,7/29/2012,40.5,11,0,,999.9,,75.2,*,46.4,*,8.9,,0,I,9999.9,0,999.9,,999.9,0,61.6,11,5.6,11,2.7,11
67561099999,"NDOLA SIMON MWANSA KAWEPEWE INTERNATIONAL, ZA",-12.9833333,28.65,1270.1,7/30/2012,40.5,4,0,,999.9,,77,*,42.8,*,8,,0,I,9999.9,0,999.9,,999.9,0,65.8,4,6,4,4.8,4
67561099999,"NDOLA SIMON MWANSA KAWEPEWE INTERNATIONAL, ZA",-12.9833333,28.65,1270.1,7/31/2012,41.7,7,0,,999.9,,78.8, ,44.6, ,8.9,,0,I,9999.9,0,999.9,,999.9,0,68.6,7,5.3,7,2.4,7
67561099999,"NDOLA SIMON MWANSA KAWEPEWE INTERNATIONAL, ZA",-12.9833333,28.65,1270.1,8/1/2012,39.7,8,0,,999.9,,80.6,*,43.9, ,5.1,,0,I,9999.9,0,999.9,,999.9,0,66.6,8,7.2,8,0.6,8
67561099999,"NDOLA SIMON MWANSA KAWEPEWE INTERNATIONAL, ZA",-12.9833333,28.65,1270.1,8/2/2012,44.4,11,0,,999.9,,82.6,*,48.2, ,9.9,,0,I,9999.9,0,999.9,,999.9,0,74.3,11,6.5,11,4.6,11
67561099999,"NDOLA SIMON MWANSA KAWEPEWE INTERNATIONAL, ZA",-12.9833333,28.65,1270.1,8/3/2012,45.2,6,0,,999.9,,80.6,*,55.4,*,9.9,,0,I,9999.9,0,999.9,,999.9,0,69.8,6,6.1,6,6.2,6
67561099999,"NDOLA SIMON MWANSA KAWEPEWE INTERNATIONAL, ZA",-12.9833333,28.65,1270.1,8/5/2012,45,10,0,,999.9,,84.2,*,50,*,6,,0,I,9999.9,0,999.9,,999.9,0,73.2,10,6.2,10,2.8,10
67561099999,"NDOLA SIMON MWANSA KAWEPEWE INTERNATIONAL, ZA",-12.9833333,28.65,1270.1,8/6/2012,47.3,6,0,,999.9,,84.2,*,64.4,*,8.9,,0,I,9999.9,0,999.9,,999.9,0,74.3,6,4.3,6,1.5,6
67561099999,"NDOLA SIMON MWANSA KAWEPEWE INTERNATIONAL, ZA",-12.9833333,28.65,1270.1,8/7/2012,43.4,4,0,,999.9,,86,*,46.4, ,4.1,,0,I,9999.9,0,999.9,,999.9,0,65.5,5,4,5,0.8,5
67561099999,"NDOLA SIMON MWANSA KAWEPEWE INTERNATIONAL, ZA",-12.9833333,28.65,1270.1,8/13/2012,49.9,5,0,,999.9,,86,*,55.4,*,8.9,,0,I,9999.9,0,999.9,,999.9,0,78.8,5,5.3,5,3.2,5
67561099999,"NDOLA SIMON MWANSA KAWEPEWE INTERNATIONAL, ZA",-12.9833333,28.65,1270.1,8/14/2012,50.9,4,0,,999.9,,84.2,*,73.4,*,9.9,,0,I,9999.9,0,999.9,,999.9,0,79.7,4,5.4,4,5.4,4
67561099999,"NDOLA SIMON MWANSA KAWEPEWE INTERNATIONAL, ZA",-12.9833333,28.65,1270.1,8/15/2012,46.2,4,0,,999.9,,85.3, ,67.5,*,999.9,,0,I,9999.9,0,999.9,,999.9,0,75.5,4,5.4,4,0,4
67561099999,"NDOLA SIMON MWANSA KAWEPEWE INTERNATIONAL, ZA",-12.9833333,28.65,1270.1,8/16/2012,47.2,7,0,,999.9,,78.8,*,50,*,7,,0,I,9999.9,0,999.9,,999.9,0,64.4,7,5.3,7,1.8,7
67561099999,"NDOLA SIMON MWANSA KAWEPEWE INTERNATIONAL, ZA",-12.9833333,28.65,1270.1,8/20/2012,53.2,7,0,,999.9,,81.9, ,60.3, ,9.9,,0,I,9999.9,0,999.9,,999.9,0,68.9,7,9.1,7,4.6,7
67561099999,"NDOLA SIMON MWANSA KAWEPEWE INTERNATIONAL, ZA",-12.9833333,28.65,1270.1,8/21/2012,53.1,4,0,,999.9,,84.2,*,55.4,*,12,,0,I,9999.9,0,999.9,,999.9,0,77,4,6.2,4,6.5,4
67561099999,"NDOLA SIMON MWANSA KAWEPEWE INTERNATIONAL, ZA",-12.9833333,28.65,1270.1,8/22/2012,53.6,5,0,,999.9,,86,*,59,*,9.9,,0,I,9999.9,0,999.9,,999.9,0,73.4,5,6.2,5,5.2,5
67561099999,"NDOLA SIMON MWANSA KAWEPEWE INTERNATIONAL, ZA",-12.9833333,28.65,1270.1,8/25/2012,39.8,5,0,,999.9,,86.2, ,50, ,9.9,,0,I,9999.9,0,999.9,,999.9,0,73.8,5,4.6,5,3.6,5
67561099999,"NDOLA SIMON MWANSA KAWEPEWE INTERNATIONAL, ZA",-12.9833333,28.65,1270.1,8/26/2012,39.1,4,0,,999.9,,86,*,78.8,*,5.1,,0,I,9999.9,0,999.9,,999.9,0,83.5,4,6.6,4,2.5,4
67561099999,"NDOLA SIMON MWANSA KAWEPEWE INTERNATIONAL, ZA",-12.9833333,28.65,1270.1,8/27/2012,44.5,5,0,,999.9,,86,*,60.8,*,5.1,,0,I,9999.9,0,999.9,,999.9,0,79.4,5,6.8,5,3.4,5
67561099999,"NDOLA SIMON MWANSA KAWEPEWE INTERNATIONAL, ZA",-12.9833333,28.65,1270.1,8/29/2012,52.5,5,0,,999.9,,82.4,*,62.6,*,8,,0,I,9999.9,0,999.9,,999.9,0,74.1,5,5.8,5,2.6,5
67561099999,"NDOLA SIMON MWANSA KAWEPEWE INTERNATIONAL, ZA",-12.9833333,28.65,1270.1,8/31/2012,51.9,4,0,,999.9,,87.1, ,55.4, ,8.9,,0,I,9999.9,0,999.9,,999.9,0,65.5,4,3.9,4,2.2,4
67561099999,"NDOLA SIMON MWANSA KAWEPEWE INTERNATIONAL, ZA",-12.9833333,28.65,1270.1,9/1/2012,46.3,7,0,,999.9,,89.6,*,57.2,*,8,,0,I,9999.9,0,999.9,,999.9,0,82.7,7,7.5,7,4.9,7
67561099999,"NDOLA SIMON MWANSA KAWEPEWE INTERNATIONAL, ZA",-12.9833333,28.65,1270.1,9/2/2012,45.5,6,0,,999.9,,89.6,*,64.4,*,8.9,,0,I,9999.9,0,999.9,,999.9,0,79.4,6,5.9,6,5.7,6
67561099999,"NDOLA SIMON MWANSA KAWEPEWE INTERNATIONAL, ZA",-12.9833333,28.65,1270.1,9/3/2012,49.1,4,0,,999.9,,82.4,*,57.2,*,9.9,,0,I,9999.9,0,999.9,,999.9,0,68,4,2.3,4,5.8,4
67561099999,"NDOLA SIMON MWANSA KAWEPEWE INTERNATIONAL, ZA",-12.9833333,28.65,1270.1,9/4/2012,47.5,4,0,,999.9,,86,*,64.4,*,8.9,,0,I,9999.9,0,999.9,,999.9,0,76.3,4,3.6,4,5.2,4
67561099999,"NDOLA SIMON MWANSA KAWEPEWE INTERNATIONAL, ZA",-12.9833333,28.65,1270.1,9/6/2012,46.6,7,0,,999.9,,86.4, ,58.1, ,12,,0,I,9999.9,0,999.9,,999.9,0,73.1,7,5.3,7,8.6,7
67561099999,"NDOLA SIMON MWANSA KAWEPEWE INTERNATIONAL, ZA",-12.9833333,28.65,1270.1,9/9/2012,50.6,6,0,,999.9,,84.2,*,66.2,*,8.9,,0,I,9999.9,0,999.9,,999.9,0,77.3,6,3.7,6,7,6
67561099999,"NDOLA SIMON MWANSA KAWEPEWE INTERNATIONAL, ZA",-12.9833333,28.65,1270.1,9/10/2012,52.9,8,0,,999.9,,93.4, ,60.8, ,8,,0,I,9999.9,0,999.9,,999.9,0,75.6,9,4.6,9,3.8,9
67561099999,"NDOLA SIMON MWANSA KAWEPEWE INTERNATIONAL, ZA",-12.9833333,28.65,1270.1,9/11/2012,44.9,5,0,,999.9,,89.6,*,62.6,*,12,,0,I,9999.9,0,999.9,,999.9,0,83.5,5,5,5,5.8,5
67561099999,"NDOLA SIMON MWANSA KAWEPEWE INTERNATIONAL, ZA",-12.9833333,28.65,1270.1,9/14/2012,48.8,5,0,,999.9,,89.2, ,61.7, ,9.9,,0,I,9999.9,0,999.9,,999.9,0,81.1,5,5.7,5,6,5
67561099999,"NDOLA SIMON MWANSA KAWEPEWE INTERNATIONAL, ZA",-12.9833333,28.65,1270.1,9/15/2012,52.9,5,0,,999.9,,82.4,*,69.8,*,12,,0,I,9999.9,0,999.9,,999.9,0,76.6,5,5.1,5,9.2,5
67561099999,"NDOLA SIMON MWANSA KAWEPEWE INTERNATIONAL, ZA",-12.9833333,28.65,1270.1,9/18/2012,52.5,5,0,,999.9,,86,*,55.4,*,6,,0,I,9999.9,0,999.9,,999.9,0,77,5,5.8,5,2.8,5
67561099999,"NDOLA SIMON MWANSA KAWEPEWE INTERNATIONAL, ZA",-12.9833333,28.65,1270.1,9/19/2012,52.9,4,0,,999.9,,89.8,*,60.8, ,5.1,,0,I,9999.9,0,999.9,,999.9,0,78.6,4,6.7,4,4.5,4
67561099999,"NDOLA SIMON MWANSA KAWEPEWE INTERNATIONAL, ZA",-12.9833333,28.65,1270.1,9/20/2012,51.4,4,0,,999.9,,90.3, ,62.6,*,5.1,,0,I,9999.9,0,999.9,,999.9,0,76,4,6.5,4,2.5,4
67561099999,"NDOLA SIMON MWANSA KAWEPEWE INTERNATIONAL, ZA",-12.9833333,28.65,1270.1,9/21/2012,51.6,6,0,,999.9,,90.1, ,59, ,8,,0,I,9999.9,0,999.9,,999.9,0,80,6,5.7,6,2.7,6
67561099999,"NDOLA SIMON MWANSA KAWEPEWE INTERNATIONAL, ZA",-12.9833333,28.65,1270.1,9/22/2012,53.6,5,0,,999.9,,9999.9, ,9999.9, ,11.1,,0,I,9999.9,0,999.9,,999.9,0,86,5,999.9,0,5.8,5
67561099999,"NDOLA SIMON MWANSA KAWEPEWE INTERNATIONAL, ZA",-12.9833333,28.65,1270.1,9/23/2012,54.2,6,0,,999.9,,91.4,*,62.6,*,8.9,,0,I,9999.9,0,999.9,,999.9,0,82.4,6,4.2,6,5,6
67561099999,"NDOLA SIMON MWANSA KAWEPEWE INTERNATIONAL, ZA",-12.9833333,28.65,1270.1,9/25/2012,58.1,8,10010,,999.9,,89.6,*,62.6,*,8,,99.99, ,9999.9,0,999.9,,999.9,0,80.8,8,4.3,8,4.2,8
67561099999,"NDOLA SIMON MWANSA KAWEPEWE INTERNATIONAL, ZA",-12.9833333,28.65,1270.1,9/26/2012,54.8,6,0,,999.9,,87.8,*,64.4,*,8,,0,I,9999.9,0,999.9,,999.9,0,82.1,6,4.5,6,5,6
67561099999,"NDOLA SIMON MWANSA KAWEPEWE INTERNATIONAL, ZA",-12.9833333,28.65,1270.1,9/27/2012,54.8,6,0,,999.9,,84.2,*,66.2,*,15,,0,I,9999.9,0,999.9,,999.9,0,77,6,4.2,6,8.3,6
67561099999,"NDOLA SIMON MWANSA KAWEPEWE INTERNATIONAL, ZA",-12.9833333,28.65,1270.1,9/28/2012,51.8,5,0,,999.9,,89.6,*,69.8,*,8,,0,I,9999.9,0,999.9,,999.9,0,82,5,5.2,5,2.8,5
67561099999,"NDOLA SIMON MWANSA KAWEPEWE INTERNATIONAL, ZA",-12.9833333,28.65,1270.1,9/29/2012,56,4,0,,999.9,,92.1, ,62.6, ,5.1,,0,I,9999.9,0,999.9,,999.9,0,80.6,4,4.8,4,3.7,4
67561099999,"NDOLA SIMON MWANSA KAWEPEWE INTERNATIONAL, ZA",-12.9833333,28.65,1270.1,9/30/2012,48.6,7,0,,999.9,,93.4, ,60.4, ,8,,0,I,9999.9,0,999.9,,999.9,0,81.7,7,5.2,7,4.7,7
67561099999,"NDOLA SIMON MWANSA KAWEPEWE INTERNATIONAL, ZA",-12.9833333,28.65,1270.1,10/1/2012,54.9,5,0,,999.9,,94.5, ,63, ,15,,0,I,9999.9,0,999.9,,999.9,0,80,5,4,5,12,5
67561099999,"NDOLA SIMON MWANSA KAWEPEWE INTERNATIONAL, ZA",-12.9833333,28.65,1270.1,10/2/2012,48.9,7,0,,999.9,,89.6,*,64.4,*,9.9,,0,I,9999.9,0,999.9,,999.9,0,82.5,7,6.6,7,7.5,7
67561099999,"NDOLA SIMON MWANSA KAWEPEWE INTERNATIONAL, ZA",-12.9833333,28.65,1270.1,10/4/2012,49.6,4,0,,999.9,,93.2,*,77,*,6,,0,I,9999.9,0,999.9,,999.9,0,86,4,6.2,4,2.8,4
67561099999,"NDOLA SIMON MWANSA KAWEPEWE INTERNATIONAL, ZA",-12.9833333,28.65,1270.1,10/6/2012,46.7,4,0,,999.9,,94.1, ,62.6, ,9.9,,0,I,9999.9,0,999.9,,999.9,0,81.8,4,6.2,4,7.5,4
67561099999,"NDOLA SIMON MWANSA KAWEPEWE INTERNATIONAL, ZA",-12.9833333,28.65,1270.1,10/7/2012,48,4,0,,999.9,,92.3, ,60.8, ,9.9,,0,I,9999.9,0,999.9,,999.9,0,81.3,4,6.2,4,5.5,4
67561099999,"NDOLA SIMON MWANSA KAWEPEWE INTERNATIONAL, ZA",-12.9833333,28.65,1270.1,10/8/2012,51.5,7,0,,999.9,,93.2,*,62.6,*,6,,0,I,9999.9,0,999.9,,999.9,0,85,7,5.5,7,1.9,7
67561099999,"NDOLA SIMON MWANSA KAWEPEWE INTERNATIONAL, ZA",-12.9833333,28.65,1270.1,10/12/2012,54.3,5,0,,999.9,,92.3, ,66.2,*,11.1,,0,I,9999.9,0,999.9,,999.9,0,81,5,5.8,5,6.8,5
67561099999,"NDOLA SIMON MWANSA KAWEPEWE INTERNATIONAL, ZA",-12.9833333,28.65,1270.1,10/19/2012,56.2,6,0,,999.9,,92.8, ,63.5, ,5.1,,0,I,9999.9,0,999.9,,999.9,0,82.7,6,3.6,6,1.7,6
67561099999,"NDOLA SIMON MWANSA KAWEPEWE INTERNATIONAL, ZA",-12.9833333,28.65,1270.1,10/28/2012,48.6,4,0,,999.9,,93.2,*,77,*,12,,0,I,9999.9,0,999.9,,999.9,0,86.9,4,6.2,4,7.8,4
67561099999,"NDOLA SIMON MWANSA KAWEPEWE INTERNATIONAL, ZA",-12.9833333,28.65,1270.1,10/29/2012,50.5,4,0,,999.9,,91.4,*,78.8,*,11.1,,0,I,9999.9,0,999.9,,999.9,0,85.6,4,6.2,4,5.3,4
67561099999,"NDOLA SIMON MWANSA KAWEPEWE INTERNATIONAL, ZA",-12.9833333,28.65,1270.1,10/30/2012,53.5,4,0,,999.9,,92.3, ,61.7, ,11.1,,0,I,9999.9,0,999.9,,999.9,0,82.8,4,10.8,4,4,4
67561099999,"NDOLA SIMON MWANSA KAWEPEWE INTERNATIONAL, ZA",-12.9833333,28.65,1270.1,10/31/2012,60.4,4,0,,999.9,,91.9, ,62.6, ,5.1,,0,I,9999.9,0,999.9,,999.9,0,82.8,5,7.1,5,3.2,5
67561099999,"NDOLA SIMON MWANSA KAWEPEWE INTERNATIONAL, ZA",-12.9833333,28.65,1270.1,11/5/2012,59.8,6,0,,999.9,,85.8, ,63.1, ,6,,0.2,G,9999.9,0,999.9,,999.9,0,79.4,6,8.7,6,4.2,6
67561099999,"NDOLA SIMON MWANSA KAWEPEWE INTERNATIONAL, ZA",-12.9833333,28.65,1270.1,6/25/2013,46.6,4,100000,,999.9,,75.9, ,42.8, ,9.9,,0,I,9999.9,0,999.9,,999.9,0,65.3,4,999.9,0,3.7,4
67561099999,"NDOLA SIMON MWANSA KAWEPEWE INTERNATIONAL, ZA",-12.9833333,28.65,1270.1,7/10/2013,44.6,5,0,,999.9,,71.6,*,51.8,*,6,,0,I,9999.9,0,999.9,,999.9,0,63.5,5,999.9,0,3.4,5
67561099999,"NDOLA SIMON MWANSA KAWEPEWE INTERNATIONAL, ZA",-12.9833333,28.65,1270.1,8/16/2013,37,4,0,,999.9,,87.8, ,52.9, ,6,,0,I,9999.9,0,999.9,,999.9,0,79.7,4,999.9,0,5,4
67561099999,"NDOLA SIMON MWANSA KAWEPEWE INTERNATIONAL, ZA",-12.9833333,28.65,1270.1,7/11/2014,43.7,8,0,,999.9,,73.4,*,53.6,*,9.9,,0,I,9999.9,0,999.9,,999.9,0,65.1,8,999.9,0,4.9,8
67561099999,"NDOLA SIMON MWANSA KAWEPEWE INTERNATIONAL, ZA",-12.9833333,28.65,1270.1,7/12/2014,41.9,4,0,,999.9,,73.6, ,42.8, ,8,,0,I,9999.9,0,999.9,,999.9,0,59,4,999.9,0,4.2,4
67561099999,"NDOLA SIMON MWANSA KAWEPEWE INTERNATIONAL, ZA",-12.9833333,28.65,1270.1,7/13/2014,44.6,5,0,,999.9,,76.3,*,42.8,*,999.9,,0,I,9999.9,0,999.9,,999.9,0,65.7,5,999.9,0,0,5
67561099999,"NDOLA SIMON MWANSA KAWEPEWE INTERNATIONAL, ZA",-12.9833333,28.65,1270.1,7/14/2014,43.5,4,0,,999.9,,79.2, ,53.2,*,9.9,,0,I,9999.9,0,999.9,,999.9,0,67,4,999.9,0,5.2,4
67561099999,"NDOLA SIMON MWANSA KAWEPEWE INTERNATIONAL, ZA",-12.9833333,28.65,1270.1,7/15/2014,43.5,11,0,,999.9,,80.6, ,47.7, ,15,,0,I,9999.9,0,999.9,,999.9,0,65.3,11,999.9,0,7.1,11
67561099999,"NDOLA SIMON MWANSA KAWEPEWE INTERNATIONAL, ZA",-12.9833333,28.65,1270.1,7/16/2014,44.1,11,0,,999.9,,75.2,*,44.6,*,14,,0,I,9999.9,0,999.9,,999.9,0,60.8,11,999.9,0,4.5,11
67561099999,"NDOLA SIMON MWANSA KAWEPEWE INTERNATIONAL, ZA",-12.9833333,28.65,1270.1,7/17/2014,45.1,12,0,,999.9,,77,*,44.6,*,5.1,,0,I,9999.9,0,999.9,,999.9,0,62.7,12,9.3,4,0.8,12
67561099999,"NDOLA SIMON MWANSA KAWEPEWE INTERNATIONAL, ZA",-12.9833333,28.65,1270.1,7/18/2014,45.9,10,0,,999.9,,80.6,*,42.8, ,2.9,,0,I,9999.9,0,999.9,,999.9,0,59.8,10,5,4,0.3,10
67561099999,"NDOLA SIMON MWANSA KAWEPEWE INTERNATIONAL, ZA",-12.9833333,28.65,1270.1,7/19/2014,46.1,6,0,,999.9,,82.4,*,46.4,*,5.1,,0,I,9999.9,0,999.9,,999.9,0,67.7,6,999.9,0,1.7,6
67561099999,"NDOLA SIMON MWANSA KAWEPEWE INTERNATIONAL, ZA",-12.9833333,28.65,1270.1,7/20/2014,46.2,8,0,,999.9,,80.6,*,46.4,*,9.9,,0,I,9999.9,0,999.9,,999.9,0,71.8,8,999.9,0,5.1,8
67561099999,"NDOLA SIMON MWANSA KAWEPEWE INTERNATIONAL, ZA",-12.9833333,28.65,1270.1,7/21/2014,47.9,6,0,,999.9,,82.4, ,47.7, ,11.1,,0,I,9999.9,0,999.9,,999.9,0,76.2,6,999.9,0,7.9,6
67561099999,"NDOLA SIMON MWANSA KAWEPEWE INTERNATIONAL, ZA",-12.9833333,28.65,1270.1,7/22/2014,46.6,12,0,,999.9,,77,*,55.4,*,8.9,,0,I,9999.9,0,999.9,,999.9,0,67.4,12,999.9,0,4.3,12
67561099999,"NDOLA SIMON MWANSA KAWEPEWE INTERNATIONAL, ZA",-12.9833333,28.65,1270.1,7/23/2014,47.2,10,0,,999.9,,77.7, ,49.6, ,9.9,,0,I,9999.9,0,999.9,,999.9,0,66.3,10,10.1,4,4.9,10
67561099999,"NDOLA SIMON MWANSA KAWEPEWE INTERNATIONAL, ZA",-12.9833333,28.65,1270.1,7/24/2014,44.5,10,0,,999.9,,77.4, ,45.9, ,5.1,,0,I,9999.9,0,999.9,,999.9,0,72.8,10,999.9,0,1.9,10
67561099999,"NDOLA SIMON MWANSA KAWEPEWE INTERNATIONAL, ZA",-12.9833333,28.65,1270.1,7/25/2014,46.1,11,0,,999.9,,80.6,*,53.6,*,5.1,,0,I,9999.9,0,999.9,,999.9,0,66.2,11,999.9,0,0.8,11
67561099999,"NDOLA SIMON MWANSA KAWEPEWE INTERNATIONAL, ZA",-12.9833333,28.65,1270.1,7/26/2014,46,5,0,,999.9,,77,*,51.8,*,999.9,,0,I,9999.9,0,999.9,,999.9,0,64,5,999.9,0,0,5
67561099999,"NDOLA SIMON MWANSA KAWEPEWE INTERNATIONAL, ZA",-12.9833333,28.65,1270.1,7/27/2014,44.2,10,0,,999.9,,84.2,*,59,*,9.9,,0,I,9999.9,0,999.9,,999.9,0,73.6,10,999.9,0,5,10
67561099999,"NDOLA SIMON MWANSA KAWEPEWE INTERNATIONAL, ZA",-12.9833333,28.65,1270.1,7/28/2014,45.1,13,0,,999.9,,84.4, ,52.5, ,15,,0,I,9999.9,0,999.9,,999.9,0,71.8,13,999.9,0,7.4,13
67561099999,"NDOLA SIMON MWANSA KAWEPEWE INTERNATIONAL, ZA",-12.9833333,28.65,1270.1,7/29/2014,51.4,12,0,,20,,78.8,*,57.2,*,15,,0,I,9999.9,0,999.9,,999.9,0,70.3,12,9.8,7,11.5,12
67561099999,"NDOLA SIMON MWANSA KAWEPEWE INTERNATIONAL, ZA",-12.9833333,28.65,1270.1,7/30/2014,50.4,14,0,,999.9,,80.6, ,51.8,*,15,,0,I,9999.9,0,999.9,,999.9,0,59.1,14,999.9,0,3.3,14
67561099999,"NDOLA SIMON MWANSA KAWEPEWE INTERNATIONAL, ZA",-12.9833333,28.65,1270.1,7/31/2014,47.4,7,0,,999.9,,77,*,45.7, ,4.1,,0,I,9999.9,0,999.9,,999.9,0,61.3,7,999.9,0,0.6,7
67561099999,"NDOLA SIMON MWANSA KAWEPEWE INTERNATIONAL, ZA",-12.9833333,28.65,1270.1,8/6/2014,46.3,4,0,,999.9,,84.2,*,49.3, ,5.1,,0,I,9999.9,0,999.9,,999.9,0,68.2,4,8.4,4,2.5,4
67561099999,"NDOLA SIMON MWANSA KAWEPEWE INTERNATIONAL, ZA",-12.9833333,28.65,1270.1,8/19/2014,49.8,6,0,,999.9,,83.1, ,52.5, ,9.9,,0,I,9999.9,0,999.9,,999.9,0,73,6,999.9,0,1.7,6
67561099999,"NDOLA SIMON MWANSA KAWEPEWE INTERNATIONAL, ZA",-12.9833333,28.65,1270.1,8/20/2014,47.5,11,0,,999.9,,84.2,*,59,*,6,,0,I,9999.9,0,999.9,,999.9,0,73.9,11,5.6,6,2.3,11
67561099999,"NDOLA SIMON MWANSA KAWEPEWE INTERNATIONAL, ZA",-12.9833333,28.65,1270.1,8/21/2014,49.7,4,0,,999.9,,87.8,*,66.2,*,5.1,,0,I,9999.9,0,999.9,,999.9,0,79.9,4,999.9,0,2.3,4
67561099999,"NDOLA SIMON MWANSA KAWEPEWE INTERNATIONAL, ZA",-12.9833333,28.65,1270.1,8/22/2014,43.7,11,0,,999.9,,89.6,*,55.6, ,5.1,,0,I,9999.9,0,999.9,,999.9,0,74.8,11,5.6,4,1.6,11
67561099999,"NDOLA SIMON MWANSA KAWEPEWE INTERNATIONAL, ZA",-12.9833333,28.65,1270.1,8/23/2014,44,5,0,,999.9,,89.6,*,51.8, ,999.9,,0,I,9999.9,0,999.9,,999.9,0,72.1,5,4.7,4,0,4
67561099999,"NDOLA SIMON MWANSA KAWEPEWE INTERNATIONAL, ZA",-12.9833333,28.65,1270.1,8/25/2014,42.7,9,0,,999.9,,87.8,*,53.6,*,9.9,,0,I,9999.9,0,999.9,,999.9,0,74.5,9,5.9,6,3,9
67561099999,"NDOLA SIMON MWANSA KAWEPEWE INTERNATIONAL, ZA",-12.9833333,28.65,1270.1,8/26/2014,44.5,9,0,,999.9,,88.2, ,64.4,*,8,,0,I,9999.9,0,999.9,,999.9,0,80.5,9,5.4,7,3.4,9
67561099999,"NDOLA SIMON MWANSA KAWEPEWE INTERNATIONAL, ZA",-12.9833333,28.65,1270.1,8/27/2014,45.8,9,0,,999.9,,87.8,*,53.4, ,6,,0,I,9999.9,0,999.9,,999.9,0,69,9,4.7,8,1.6,9
67561099999,"NDOLA SIMON MWANSA KAWEPEWE INTERNATIONAL, ZA",-12.9833333,28.65,1270.1,8/28/2014,44.7,4,0,,999.9,,88.5,*,50, ,4.1,,0,I,9999.9,0,999.9,,999.9,0,70.2,4,999.9,0,2,4
67561099999,"NDOLA SIMON MWANSA KAWEPEWE INTERNATIONAL, ZA",-12.9833333,28.65,1270.1,8/29/2014,41.1,10,0,,999.9,,91.4,*,59,*,6,,0,I,9999.9,0,999.9,,999.9,0,81.1,10,2.4,10,2,10
67561099999,"NDOLA SIMON MWANSA KAWEPEWE INTERNATIONAL, ZA",-12.9833333,28.65,1270.1,8/30/2014,47.8,5,0,,999.9,,86,*,71.6,*,15,,0,I,9999.9,0,999.9,,999.9,0,79.2,5,2.1,5,6.2,5
67561099999,"NDOLA SIMON MWANSA KAWEPEWE INTERNATIONAL, ZA",-12.9833333,28.65,1270.1,8/31/2014,54.3,8,0,,999.9,,80.6,*,59,*,9.9,,0,I,9999.9,0,999.9,,999.9,0,73.6,8,5.5,8,5.6,8
67561099999,"NDOLA SIMON MWANSA KAWEPEWE INTERNATIONAL, ZA",-12.9833333,28.65,1270.1,9/1/2014,46.5,12,0,,999.9,,81.5,*,53.6,*,12,,0,I,9999.9,0,999.9,,999.9,0,70.6,12,5.8,11,6.3,12
67561099999,"NDOLA SIMON MWANSA KAWEPEWE INTERNATIONAL, ZA",-12.9833333,28.65,1270.1,9/2/2014,41.5,10,0,,999.9,,82, ,54.3, ,13,,0,I,9999.9,0,999.9,,999.9,0,71.2,10,5.5,8,5.8,10
67561099999,"NDOLA SIMON MWANSA KAWEPEWE INTERNATIONAL, ZA",-12.9833333,28.65,1270.1,9/3/2014,38.7,9,0,,999.9,,79.9, ,45.9, ,8.9,,0,I,9999.9,0,999.9,,999.9,0,67.8,9,999.9,0,3.8,9
67561099999,"NDOLA SIMON MWANSA KAWEPEWE INTERNATIONAL, ZA",-12.9833333,28.65,1270.1,9/4/2014,42.3,15,0,,999.9,,80.6, ,48.2, ,12,,0,I,9999.9,0,999.9,,999.9,0,67.5,15,999.9,0,3.8,15
67561099999,"NDOLA SIMON MWANSA KAWEPEWE INTERNATIONAL, ZA",-12.9833333,28.65,1270.1,9/5/2014,41.5,12,0,,999.9,,80.8, ,50.5, ,8,,0,I,9999.9,0,999.9,,999.9,0,65.5,12,999.9,0,3,12
67561099999,"NDOLA SIMON MWANSA KAWEPEWE INTERNATIONAL, ZA",-12.9833333,28.65,1270.1,9/6/2014,45.1,7,0,,999.9,,80.6,*,62.6,*,5.1,,0,I,9999.9,0,999.9,,999.9,0,73.4,7,999.9,0,2.6,7
67561099999,"NDOLA SIMON MWANSA KAWEPEWE INTERNATIONAL, ZA",-12.9833333,28.65,1270.1,9/7/2014,47.1,8,0,,999.9,,84.2,*,58.1, ,12,,0,I,9999.9,0,999.9,,999.9,0,72.3,8,4.7,5,2.9,8
67561099999,"NDOLA SIMON MWANSA KAWEPEWE INTERNATIONAL, ZA",-12.9833333,28.65,1270.1,9/8/2014,49.3,11,0,,999.9,,86,*,59.4,*,8,,0,I,9999.9,0,999.9,,999.9,0,76.2,11,5.5,6,3.4,11
67561099999,"NDOLA SIMON MWANSA KAWEPEWE INTERNATIONAL, ZA",-12.9833333,28.65,1270.1,9/9/2014,54.3,10,10010,,999.9,,86.5, ,56.3, ,9.9,,99.99, ,9999.9,0,999.9,,999.9,0,66,10,4.7,8,4.9,10
67561099999,"NDOLA SIMON MWANSA KAWEPEWE INTERNATIONAL, ZA",-12.9833333,28.65,1270.1,9/10/2014,55.9,4,0,,999.9,,80.6,*,73.4,*,7,,0,I,9999.9,0,999.9,,999.9,0,77.9,4,5.3,4,3,4
67561099999,"NDOLA SIMON MWANSA KAWEPEWE INTERNATIONAL, ZA",-12.9833333,28.65,1270.1,9/11/2014,55.4,4,0,,999.9,,87.8,*,57.7, ,999.9,,0,I,9999.9,0,999.9,,999.9,0,73.8,4,8.1,4,0,4
67561099999,"NDOLA SIMON MWANSA KAWEPEWE INTERNATIONAL, ZA",-12.9833333,28.65,1270.1,9/13/2014,48.1,4,0,,999.9,,88,*,75.2,*,13,,0,I,9999.9,0,999.9,,999.9,0,84.2,4,999.9,0,8.2,4
67561099999,"NDOLA SIMON MWANSA KAWEPEWE INTERNATIONAL, ZA",-12.9833333,28.65,1270.1,9/15/2014,51.3,4,0,,999.9,,89.6,*,68,*,5.1,,0,I,9999.9,0,999.9,,999.9,0,79.2,4,999.9,0,2.3,4
67561099999,"NDOLA SIMON MWANSA KAWEPEWE INTERNATIONAL, ZA",-12.9833333,28.65,1270.1,9/16/2014,50.9,4,0,,999.9,,86,*,62.6,*,12,,0,I,9999.9,0,999.9,,999.9,0,72.1,4,999.9,0,6,4
67561099999,"NDOLA SIMON MWANSA KAWEPEWE INTERNATIONAL, ZA",-12.9833333,28.65,1270.1,9/19/2014,42.4,10,0,,999.9,,91.4,*,59.4,*,5.1,,0,I,9999.9,0,999.9,,999.9,0,77.4,10,3.6,10,1.6,10
67561099999,"NDOLA SIMON MWANSA KAWEPEWE INTERNATIONAL, ZA",-12.9833333,28.65,1270.1,9/20/2014,47.5,5,0,,999.9,,93.2,*,55.4,*,5.1,,0,I,9999.9,0,999.9,,999.9,0,75.6,5,4.8,5,3,5
67561099999,"NDOLA SIMON MWANSA KAWEPEWE INTERNATIONAL, ZA",-12.9833333,28.65,1270.1,9/21/2014,48.2,4,0,,999.9,,82.4,*,60.8,*,6,,0,I,9999.9,0,999.9,,999.9,0,72.1,4,3.9,4,2.8,4
67561099999,"NDOLA SIMON MWANSA KAWEPEWE INTERNATIONAL, ZA",-12.9833333,28.65,1270.1,9/22/2014,49.6,5,0,,999.9,,86,*,68,*,8,,0,I,9999.9,0,999.9,,999.9,0,80.6,5,5.3,5,4.6,5
67561099999,"NDOLA SIMON MWANSA KAWEPEWE INTERNATIONAL, ZA",-12.9833333,28.65,1270.1,9/23/2014,50.5,4,0,,999.9,,88.2, ,58.8,*,8.9,,0,I,9999.9,0,999.9,,999.9,0,75.4,4,5.6,4,5.5,4
67561099999,"NDOLA SIMON MWANSA KAWEPEWE INTERNATIONAL, ZA",-12.9833333,28.65,1270.1,9/24/2014,46.7,9,0,,999.9,,86,*,57.2, ,15,,0,I,9999.9,0,999.9,,999.9,0,78.3,9,5.4,8,6.2,9
67561099999,"NDOLA SIMON MWANSA KAWEPEWE INTERNATIONAL, ZA",-12.9833333,28.65,1270.1,9/25/2014,43.7,6,0,,999.9,,88,*,60.8,*,6,,0,I,9999.9,0,999.9,,999.9,0,76.7,6,999.9,0,1.7,6
67561099999,"NDOLA SIMON MWANSA KAWEPEWE INTERNATIONAL, ZA",-12.9833333,28.65,1270.1,9/26/2014,46.7,5,0,,999.9,,89.4, ,57, ,8,,0,I,9999.9,0,999.9,,999.9,0,69.9,5,5.1,5,4.8,5
67561099999,"NDOLA SIMON MWANSA KAWEPEWE INTERNATIONAL, ZA",-12.9833333,28.65,1270.1,9/27/2014,46.4,6,0,,999.9,,80.6,*,62.6,*,8,,0,I,9999.9,0,999.9,,999.9,0,71.3,6,999.9,0,3.2,6
67561099999,"NDOLA SIMON MWANSA KAWEPEWE INTERNATIONAL, ZA",-12.9833333,28.65,1270.1,9/28/2014,49.1,4,0,,999.9,,86,*,64.4,*,6,,0,I,9999.9,0,999.9,,999.9,0,76.6,4,999.9,0,2.5,4
67561099999,"NDOLA SIMON MWANSA KAWEPEWE INTERNATIONAL, ZA",-12.9833333,28.65,1270.1,9/29/2014,46.6,10,0,,999.9,,92.3, ,58.5, ,8,,0,I,9999.9,0,999.9,,999.9,0,73.9,10,4.8,5,3.4,10
67561099999,"NDOLA SIMON MWANSA KAWEPEWE INTERNATIONAL, ZA",-12.9833333,28.65,1270.1,9/30/2014,44.7,6,0,,999.9,,93.2,*,59.7, ,11.1,,0,I,9999.9,0,999.9,,999.9,0,84,6,999.9,0,6.2,6
67561099999,"NDOLA SIMON MWANSA KAWEPEWE INTERNATIONAL, ZA",-12.9833333,28.65,1270.1,10/1/2014,46.3,6,0,,999.9,,94.3, ,68.7,*,38.1,,0,I,9999.9,0,999.9,,999.9,0,87,6,3.6,4,4.5,6
67561099999,"NDOLA SIMON MWANSA KAWEPEWE INTERNATIONAL, ZA",-12.9833333,28.65,1270.1,10/2/2014,49.2,15,0,,999.9,,93.2,*,60.8,*,9.9,,0,I,9999.9,0,999.9,,999.9,0,79.7,15,4.3,14,2.5,15
67561099999,"NDOLA SIMON MWANSA KAWEPEWE INTERNATIONAL, ZA",-12.9833333,28.65,1270.1,10/3/2014,55.4,13,10000,,999.9,,90.5,*,64.4,*,9.9,,99.99, ,9999.9,0,999.9,,999.9,0,80.3,13,3.6,13,3,13
67561099999,"NDOLA SIMON MWANSA KAWEPEWE INTERNATIONAL, ZA",-12.9833333,28.65,1270.1,10/6/2014,48.3,13,0,,999.9,,82.4,*,66.2,*,14,,0,I,9999.9,0,999.9,,999.9,0,74.7,13,999.9,0,6.9,13
67561099999,"NDOLA SIMON MWANSA KAWEPEWE INTERNATIONAL, ZA",-12.9833333,28.65,1270.1,10/7/2014,48.6,14,0,,999.9,,87.8,*,56.1, ,7,,0,I,9999.9,0,999.9,,999.9,0,75.3,14,999.9,0,1.2,14
67561099999,"NDOLA SIMON MWANSA KAWEPEWE INTERNATIONAL, ZA",-12.9833333,28.65,1270.1,10/8/2014,49.8,13,0,,999.9,,91.4,*,58.1, ,6,,0,I,9999.9,0,999.9,,999.9,0,80.2,13,5.3,10,1.6,13
67561099999,"NDOLA SIMON MWANSA KAWEPEWE INTERNATIONAL, ZA",-12.9833333,28.65,1270.1,10/9/2014,50.4,12,0,,999.9,,93.2,*,66.2, ,8,,0,I,9999.9,0,999.9,,999.9,0,79.7,12,4.7,12,2.5,12
67561099999,"NDOLA SIMON MWANSA KAWEPEWE INTERNATIONAL, ZA",-12.9833333,28.65,1270.1,10/10/2014,55,5,0,,999.9,,92.8, ,62.2, ,8,,0,I,9999.9,0,999.9,,999.9,0,74.4,5,5.3,5,2.6,5
67561099999,"NDOLA SIMON MWANSA KAWEPEWE INTERNATIONAL, ZA",-12.9833333,28.65,1270.1,10/11/2014,48.2,8,0,,999.9,,95,*,66.2,*,9.9,,0,I,9999.9,0,999.9,,999.9,0,84,8,999.9,0,3.5,8
67561099999,"NDOLA SIMON MWANSA KAWEPEWE INTERNATIONAL, ZA",-12.9833333,28.65,1270.1,10/12/2014,49.6,5,0,,999.9,,89.6,*,62.6,*,5.1,,0,I,9999.9,0,999.9,,999.9,0,74.5,5,5.1,4,2.4,5
67561099999,"NDOLA SIMON MWANSA KAWEPEWE INTERNATIONAL, ZA",-12.9833333,28.65,1270.1,10/13/2014,54.6,7,0,,999.9,,92.1, ,61.9, ,8,,0,I,9999.9,0,999.9,,999.9,0,82.3,7,5.5,5,3.3,7
67561099999,"NDOLA SIMON MWANSA KAWEPEWE INTERNATIONAL, ZA",-12.9833333,28.65,1270.1,10/14/2014,51,15,0,,999.9,,95.2,*,60.8, ,6,,0,I,9999.9,0,999.9,,999.9,0,78,15,5.5,5,2.6,15
67561099999,"NDOLA SIMON MWANSA KAWEPEWE INTERNATIONAL, ZA",-12.9833333,28.65,1270.1,10/15/2014,51.7,10,0,,999.9,,96.1,*,66.2,*,5.1,,0,I,9999.9,0,999.9,,999.9,0,82.7,10,5.6,4,2.3,10
67561099999,"NDOLA SIMON MWANSA KAWEPEWE INTERNATIONAL, ZA",-12.9833333,28.65,1270.1,10/16/2014,56.8,9,0,,999.9,,96.8,*,64.6, ,8,,0,I,9999.9,0,999.9,,999.9,0,86.3,9,5.4,8,3.2,9
67561099999,"NDOLA SIMON MWANSA KAWEPEWE INTERNATIONAL, ZA",-12.9833333,28.65,1270.1,10/17/2014,58.5,12,10000,,999.9,,97.7, ,65.5, ,9.9,,99.99, ,9999.9,0,999.9,,999.9,0,76.3,12,6,9,4,12
67561099999,"NDOLA SIMON MWANSA KAWEPEWE INTERNATIONAL, ZA",-12.9833333,28.65,1270.1,10/18/2014,59.4,7,10010,,999.9,,87.8, ,62.6,*,4.1,,0.12,G,9999.9,0,999.9,,999.9,0,69.9,7,5.8,6,0.6,7
67561099999,"NDOLA SIMON MWANSA KAWEPEWE INTERNATIONAL, ZA",-12.9833333,28.65,1270.1,10/19/2014,58.5,5,0,,999.9,,86,*,52.3, ,5.1,,0,G,9999.9,0,999.9,,999.9,0,79.2,5,999.9,0,2,5
67561099999,"NDOLA SIMON MWANSA KAWEPEWE INTERNATIONAL, ZA",-12.9833333,28.65,1270.1,10/20/2014,46.6,11,0,,999.9,,89.8,*,73.4,*,9.9,,0,I,9999.9,0,999.9,,999.9,0,82.3,11,8.1,4,4.6,11
67561099999,"NDOLA SIMON MWANSA KAWEPEWE INTERNATIONAL, ZA",-12.9833333,28.65,1270.1,10/21/2014,45.7,9,0,,999.9,,92.1, ,59.4, ,7,,0,I,9999.9,0,999.9,,999.9,0,76.4,9,999.9,0,4.6,9
67561099999,"NDOLA SIMON MWANSA KAWEPEWE INTERNATIONAL, ZA",-12.9833333,28.65,1270.1,10/22/2014,39.4,14,0,,999.9,,90.9, ,59.9, ,9.9,,0,I,9999.9,0,999.9,,999.9,0,75,14,999.9,0,3.9,14
67561099999,"NDOLA SIMON MWANSA KAWEPEWE INTERNATIONAL, ZA",-12.9833333,28.65,1270.1,10/23/2014,41.6,16,0,,999.9,,91.4,*,59, ,8,,0,I,9999.9,0,999.9,,999.9,0,76.2,16,999.9,0,2.6,16
67561099999,"NDOLA SIMON MWANSA KAWEPEWE INTERNATIONAL, ZA",-12.9833333,28.65,1270.1,10/24/2014,46.6,9,0,,999.9,,89.6,*,64.4,*,26,,0,I,9999.9,0,999.9,,999.9,0,78,9,999.9,0,1.7,9
67561099999,"NDOLA SIMON MWANSA KAWEPEWE INTERNATIONAL, ZA",-12.9833333,28.65,1270.1,10/25/2014,49.4,12,0,,999.9,,91.4,*,59,*,6,,0,I,9999.9,0,999.9,,999.9,0,78.3,12,999.9,0,1.3,12
67561099999,"NDOLA SIMON MWANSA KAWEPEWE INTERNATIONAL, ZA",-12.9833333,28.65,1270.1,10/26/2014,51.8,12,0,,999.9,,91.4,*,62.6,*,9.9,,0,I,9999.9,0,999.9,,999.9,0,80.2,12,999.9,0,2.8,12
67561099999,"NDOLA SIMON MWANSA KAWEPEWE INTERNATIONAL, ZA",-12.9833333,28.65,1270.1,10/27/2014,55.7,12,0,,999.9,,91.4,*,71.6,*,13,,0,I,9999.9,0,999.9,,999.9,0,82.4,12,5.3,5,7.8,12
67561099999,"NDOLA SIMON MWANSA KAWEPEWE INTERNATIONAL, ZA",-12.9833333,28.65,1270.1,10/28/2014,53.8,13,0,,999.9,,87.8,*,63.9,*,9.9,,0,I,9999.9,0,999.9,,999.9,0,78.5,13,5.8,8,4.6,13
67561099999,"NDOLA SIMON MWANSA KAWEPEWE INTERNATIONAL, ZA",-12.9833333,28.65,1270.1,10/29/2014,52,12,0,,999.9,,84.2,*,66.2,*,9.9,,0,I,9999.9,0,999.9,,999.9,0,74.9,12,5.6,5,3,12
67561099999,"NDOLA SIMON MWANSA KAWEPEWE INTERNATIONAL, ZA",-12.9833333,28.65,1270.1,10/30/2014,53,13,0,,999.9,,89.6,*,64.4,*,8,,0,I,9999.9,0,999.9,,999.9,0,73,13,999.9,0,1.2,13
67561099999,"NDOLA SIMON MWANSA KAWEPEWE INTERNATIONAL, ZA",-12.9833333,28.65,1270.1,10/31/2014,51.4,10,0,,999.9,,89.6,*,64.4,*,8,,0,I,9999.9,0,999.9,,999.9,0,75.6,10,999.9,0,1.9,10
67561099999,"NDOLA SIMON MWANSA KAWEPEWE INTERNATIONAL, ZA",-12.9833333,28.65,1270.1,11/1/2014,53.9,13,0,,999.9,,91.4,*,68,*,9.9,,0,I,9999.9,0,999.9,,999.9,0,80.3,13,999.9,0,2.4,13
67561099999,"NDOLA SIMON MWANSA KAWEPEWE INTERNATIONAL, ZA",-12.9833333,28.65,1270.1,11/2/2014,57.9,11,0,,999.9,,89.6,*,64.4,*,6,,0,I,9999.9,0,999.9,,999.9,0,82.2,11,6.2,6,1.5,11
67561099999,"NDOLA SIMON MWANSA KAWEPEWE INTERNATIONAL, ZA",-12.9833333,28.65,1270.1,11/3/2014,60.9,5,0,,999.9,,87.8,*,64.4,*,5.1,,0,I,9999.9,0,999.9,,999.9,0,79.9,5,999.9,0,2.6,5
67561099999,"NDOLA SIMON MWANSA KAWEPEWE INTERNATIONAL, ZA",-12.9833333,28.65,1270.1,11/4/2014,56.5,8,0,,999.9,,93.2,*,63, ,9.9,,0.35,G,9999.9,0,999.9,,999.9,0,81.9,8,999.9,0,2,8
67561099999,"NDOLA SIMON MWANSA KAWEPEWE INTERNATIONAL, ZA",-12.9833333,28.65,1270.1,11/5/2014,51.2,7,0,,999.9,,95,*,66.2,*,6,,0,G,9999.9,0,999.9,,999.9,0,84.8,7,5.6,4,3.7,7
67561099999,"NDOLA SIMON MWANSA KAWEPEWE INTERNATIONAL, ZA",-12.9833333,28.65,1270.1,11/6/2014,51.5,13,0,,999.9,,93.2,*,69.8,*,15,,0,I,9999.9,0,999.9,,999.9,0,84.6,13,5.6,10,8.2,13
67561099999,"NDOLA SIMON MWANSA KAWEPEWE INTERNATIONAL, ZA",-12.9833333,28.65,1270.1,11/7/2014,59.1,14,10,,999.9,,89.6,*,69.8,*,12,,0,I,9999.9,0,999.9,,999.9,0,81.3,14,5.9,11,3.6,14
67561099999,"NDOLA SIMON MWANSA KAWEPEWE INTERNATIONAL, ZA",-12.9833333,28.65,1270.1,11/8/2014,60.5,7,0,,999.9,,87.8,*,75.2,*,6,,0,I,9999.9,0,999.9,,999.9,0,82.9,7,6.2,6,4.2,7
67561099999,"NDOLA SIMON MWANSA KAWEPEWE INTERNATIONAL, ZA",-12.9833333,28.65,1270.1,11/9/2014,63.7,5,0,,999.9,,86,*,68,*,5.1,,0,I,9999.9,0,999.9,,999.9,0,72,5,999.9,0,1,5
67561099999,"NDOLA SIMON MWANSA KAWEPEWE INTERNATIONAL, ZA",-12.9833333,28.65,1270.1,11/25/2014,48,6,0,,999.9,,93.6, ,58.3, ,8.9,,0,I,9999.9,0,999.9,,999.9,0,86.2,6,999.9,0,5.5,6
67561099999,"NDOLA SIMON MWANSA KAWEPEWE INTERNATIONAL, ZA",-12.9833333,28.65,1270.1,11/26/2014,53.9,5,0,,999.9,,95.7, ,63.9, ,6,,0,I,9999.9,0,999.9,,999.9,0,80.5,5,999.9,0,3.2,5
67561099999,"NDOLA SIMON MWANSA KAWEPEWE INTERNATIONAL, ZA",-12.9833333,28.65,1270.1,11/27/2014,59.4,8,0,,999.9,,94.5, ,64.6, ,15,,0,I,9999.9,0,999.9,,999.9,0,82.9,8,5.9,7,4.8,8
67561099999,"NDOLA SIMON MWANSA KAWEPEWE INTERNATIONAL, ZA",-12.9833333,28.65,1270.1,11/28/2014,61.4,12,10,,999.9,,87.8,*,68,*,7,,0,I,9999.9,0,999.9,,999.9,0,75.6,12,5.8,10,1.2,12
67561099999,"NDOLA SIMON MWANSA KAWEPEWE INTERNATIONAL, ZA",-12.9833333,28.65,1270.1,11/29/2014,64.1,6,0,,999.9,,71.6,*,66.2,*,2.9,,0,I,9999.9,0,999.9,,999.9,0,69.2,6,999.9,0,0.5,6
67561099999,"NDOLA SIMON MWANSA KAWEPEWE INTERNATIONAL, ZA",-12.9833333,28.65,1270.1,11/30/2014,61.9,5,10,,999.9,,87.8,*,69.8,*,8.9,,0,I,9999.9,0,999.9,,999.9,0,83.5,5,6.2,5,3.8,5
67561099999,"NDOLA SIMON MWANSA KAWEPEWE INTERNATIONAL, ZA",-12.9833333,28.65,1270.1,12/2/2014,60.8,10,0,,999.9,,84.7,*,66.2,*,9.9,,0,I,9999.9,0,999.9,,999.9,0,74.4,10,7.6,4,2.2,10
67561099999,"NDOLA SIMON MWANSA KAWEPEWE INTERNATIONAL, ZA",-12.9833333,28.65,1270.1,12/3/2014,62.3,9,0,,999.9,,85.3, ,63.5, ,5.1,,0,I,9999.9,0,999.9,,999.9,0,73.8,9,5.9,8,1.3,9
67561099999,"NDOLA SIMON MWANSA KAWEPEWE INTERNATIONAL, ZA",-12.9833333,28.65,1270.1,12/4/2014,65.9,12,10010,,999.9,,82.4,*,66.2,*,5.1,,99.99, ,9999.9,0,999.9,,999.9,0,75.2,12,5.9,11,2.3,12
67561099999,"NDOLA SIMON MWANSA KAWEPEWE INTERNATIONAL, ZA",-12.9833333,28.65,1270.1,12/5/2014,63.1,11,10010,,999.9,,87.8,*,68,*,8,,99.99, ,9999.9,0,999.9,,999.9,0,78.6,11,5.9,10,2.3,11
67561099999,"NDOLA SIMON MWANSA KAWEPEWE INTERNATIONAL, ZA",-12.9833333,28.65,1270.1,12/6/2014,65.1,8,0,,999.9,,89.2, ,68,*,4.1,,0.04,G,9999.9,0,999.9,,999.9,0,69.9,8,5.3,7,0.9,8
67561099999,"NDOLA SIMON MWANSA KAWEPEWE INTERNATIONAL, ZA",-12.9833333,28.65,1270.1,12/8/2014,60.4,11,10010,,999.9,,88.5, ,62.6,*,5.1,,99.99, ,9999.9,0,999.9,,999.9,0,78.6,11,6,11,1.3,11
67561099999,"NDOLA SIMON MWANSA KAWEPEWE INTERNATIONAL, ZA",-12.9833333,28.65,1270.1,12/9/2014,62.6,12,10010,,999.9,,86,*,62.6,*,11.1,,99.99, ,9999.9,0,999.9,,999.9,0,73.6,12,6.1,8,2.3,12
67561099999,"NDOLA SIMON MWANSA KAWEPEWE INTERNATIONAL, ZA",-12.9833333,28.65,1270.1,12/10/2014,61.8,8,0,,999.9,,86.2, ,66,*,8,,0,G,9999.9,0,999.9,,999.9,0,77.9,8,6.1,8,2.5,8
67561099999,"NDOLA SIMON MWANSA KAWEPEWE INTERNATIONAL, ZA",-12.9833333,28.65,1270.1,12/11/2014,65.7,10,10010,,999.9,,84.4, ,66.2,*,2.9,,99.99, ,9999.9,0,999.9,,999.9,0,71.9,10,6.1,8,0.5,10
67561099999,"NDOLA SIMON MWANSA KAWEPEWE INTERNATIONAL, ZA",-12.9833333,28.65,1270.1,12/12/2014,64.8,19,10010,,999.9,,83.3, ,66.2,*,12,,0.08,G,9999.9,0,999.9,,999.9,0,71.9,19,6.2,13,1.8,19
67561099999,"NDOLA SIMON MWANSA KAWEPEWE INTERNATIONAL, ZA",-12.9833333,28.65,1270.1,12/13/2014,65.5,11,10,,999.9,,82.4,*,66.2,*,5.1,,0,G,9999.9,0,999.9,,999.9,0,71.1,11,6.1,5,0.5,11
67561099999,"NDOLA SIMON MWANSA KAWEPEWE INTERNATIONAL, ZA",-12.9833333,28.65,1270.1,12/14/2014,63.6,13,10,,999.9,,86, ,66.2, ,8,,0.2,G,9999.9,0,999.9,,999.9,0,73.9,13,8.1,10,3.6,13
67561099999,"NDOLA SIMON MWANSA KAWEPEWE INTERNATIONAL, ZA",-12.9833333,28.65,1270.1,12/15/2014,64.5,14,10,,999.9,,87.8,*,68,*,6,,0,G,9999.9,0,999.9,,999.9,0,77.6,14,6,13,1.3,14
67561099999,"NDOLA SIMON MWANSA KAWEPEWE INTERNATIONAL, ZA",-12.9833333,28.65,1270.1,12/16/2014,65.8,16,0,,999.9,,87.4, ,65.1, ,9.9,,0,I,9999.9,0,999.9,,999.9,0,72.9,16,7.1,12,2.9,16
67561099999,"NDOLA SIMON MWANSA KAWEPEWE INTERNATIONAL, ZA",-12.9833333,28.65,1270.1,12/17/2014,65,9,0,,999.9,,86, ,64.4,*,999.9,,0,I,9999.9,0,999.9,,999.9,0,66.5,9,6.2,6,0,9
67561099999,"NDOLA SIMON MWANSA KAWEPEWE INTERNATIONAL, ZA",-12.9833333,28.65,1270.1,12/18/2014,65.3,8,100000,,999.9,,83.8, ,63, ,6,,2.87,G,9999.9,0,999.9,,999.9,0,75.3,8,6.2,7,1.4,8
67561099999,"NDOLA SIMON MWANSA KAWEPEWE INTERNATIONAL, ZA",-12.9833333,28.65,1270.1,12/19/2014,65.6,6,10010,,999.9,,85.3, ,64.4,*,9.9,,0.04,G,9999.9,0,999.9,,999.9,0,73,6,6,6,4.8,6
67561099999,"NDOLA SIMON MWANSA KAWEPEWE INTERNATIONAL, ZA",-12.9833333,28.65,1270.1,12/20/2014,66,11,110010,,999.9,,84.7,*,64.2, ,9.9,,0.83,G,9999.9,0,999.9,,999.9,0,77.7,12,7,12,1.8,12
67561099999,"NDOLA SIMON MWANSA KAWEPEWE INTERNATIONAL, ZA",-12.9833333,28.65,1270.1,12/21/2014,65.5,14,10010,,999.9,,85.6, ,62.6,*,9.9,,0.51,G,9999.9,0,999.9,,999.9,0,71.4,14,6.1,14,1.1,14
67561099999,"NDOLA SIMON MWANSA KAWEPEWE INTERNATIONAL, ZA",-12.9833333,28.65,1270.1,12/22/2014,65.7,7,10000,,999.9,,69.8,*,64.4,*,999.9,,0,G,9999.9,0,999.9,,999.9,0,67.5,7,4.2,5,0,7
67561099999,"NDOLA SIMON MWANSA KAWEPEWE INTERNATIONAL, ZA",-12.9833333,28.65,1270.1,12/23/2014,64.7,8,10010,,999.9,,82.4,*,63.7,*,5.1,,99.99, ,9999.9,0,999.9,,999.9,0,71.7,8,6.1,6,1.2,8
67561099999,"NDOLA SIMON MWANSA KAWEPEWE INTERNATIONAL, ZA",-12.9833333,28.65,1270.1,12/24/2014,66.5,4,10000,,999.9,,71.6,*,66.2,*,6,,99.99, ,9999.9,0,999.9,,999.9,0,69,4,6.2,4,1.5,4
67561099999,"NDOLA SIMON MWANSA KAWEPEWE INTERNATIONAL, ZA",-12.9833333,28.65,1270.1,12/25/2014,66.3,13,10010,,999.9,,82.4,*,65.1, ,5.1,,0.51,G,9999.9,0,999.9,,999.9,0,75.5,13,6.1,13,0.9,12
67561099999,"NDOLA SIMON MWANSA KAWEPEWE INTERNATIONAL, ZA",-12.9833333,28.65,1270.1,12/26/2014,66.5,11,10010,,999.9,,80.6,*,64.4,*,4.1,,0,G,9999.9,0,999.9,,999.9,0,70.9,11,6.2,11,0.7,11
67561099999,"NDOLA SIMON MWANSA KAWEPEWE INTERNATIONAL, ZA",-12.9833333,28.65,1270.1,12/27/2014,66.9,11,10,,999.9,,82.4,*,64.9, ,7,,0.04,G,9999.9,0,999.9,,999.9,0,76.5,11,7.3,11,2.6,11
67561099999,"NDOLA SIMON MWANSA KAWEPEWE INTERNATIONAL, ZA",-12.9833333,28.65,1270.1,12/28/2014,66,13,0,,999.9,,83.7, ,64.6, ,5.1,,0.35,G,9999.9,0,999.9,,999.9,0,72.8,13,6.2,13,0.8,13
67561099999,"NDOLA SIMON MWANSA KAWEPEWE INTERNATIONAL, ZA",-12.9833333,28.65,1270.1,12/29/2014,66.8,15,10000,,999.9,,82.4,*,65.5, ,6,,0.04,G,9999.9,0,999.9,,999.9,0,73.7,15,6,15,0.7,15
67561099999,"NDOLA SIMON MWANSA KAWEPEWE INTERNATIONAL, ZA",-12.9833333,28.65,1270.1,12/30/2014,66.2,9,10010,,999.9,,77,*,53.6, ,9.9,,0,G,9999.9,0,999.9,,999.9,0,68.7,9,4.9,9,2.8,9
67561099999,"NDOLA SIMON MWANSA KAWEPEWE INTERNATIONAL, ZA",-12.9833333,28.65,1270.1,12/31/2014,64.6,11,10000,,999.9,,76.3, ,62.6, ,9.9,,0.98,G,9999.9,0,999.9,,999.9,0,67.3,11,5.6,11,1.8,11
67561099999,"NDOLA SIMON MWANSA KAWEPEWE INTERNATIONAL, ZA",-12.9833333,28.65,1270.1,1/2/2015,65.9,5,0,,999.9,,80.4, ,63, ,12,,0.12,G,9999.9,0,999.9,,999.9,0,75.5,5,6.1,5,6.6,5
67561099999,"NDOLA SIMON MWANSA KAWEPEWE INTERNATIONAL, ZA",-12.9833333,28.65,1270.1,1/14/2015,67.9,6,10010,,999.9,,78.1,*,68,*,999.9,,99.99, ,9999.9,0,999.9,,999.9,0,73.9,6,5.8,6,0,6
67561099999,"NDOLA SIMON MWANSA KAWEPEWE INTERNATIONAL, ZA",-12.9833333,28.65,1270.1,1/19/2015,66.4,4,10010,,999.9,,78.8,*,65.1,*,8,,99.99, ,9999.9,0,999.9,,999.9,0,72.7,4,5.7,4,6,4
67561099999,"NDOLA SIMON MWANSA KAWEPEWE INTERNATIONAL, ZA",-12.9833333,28.65,1270.1,1/23/2015,65.9,5,10000,,999.9,,77,*,73.4,*,6,,99.99, ,9999.9,0,999.9,,999.9,0,75.3,5,6.1,4,3,5
67561099999,"NDOLA SIMON MWANSA KAWEPEWE INTERNATIONAL, ZA",-12.9833333,28.65,1270.1,1/24/2015,64.4,6,0,,999.9,,82.4,*,66.2,*,5.1,,0,I,9999.9,0,999.9,,999.9,0,77.7,6,7.2,6,0.8,6
67561099999,"NDOLA SIMON MWANSA KAWEPEWE INTERNATIONAL, ZA",-12.9833333,28.65,1270.1,1/25/2015,64.4,5,0,,999.9,,80.6,*,68,*,5.1,,0,I,9999.9,0,999.9,,999.9,0,74.5,5,6.2,5,2.6,5
67561099999,"NDOLA SIMON MWANSA KAWEPEWE INTERNATIONAL, ZA",-12.9833333,28.65,1270.1,1/26/2015,65.2,8,10010,,999.9,,81.7, ,62.6,*,7,,0,G,9999.9,0,999.9,,999.9,0,68.1,8,7.4,8,4,8
67561099999,"NDOLA SIMON MWANSA KAWEPEWE INTERNATIONAL, ZA",-12.9833333,28.65,1270.1,1/27/2015,65.6,10,10010,,999.9,,82.4,*,61.5, ,8,,99.99, ,9999.9,0,999.9,,999.9,0,73.5,10,5.7,10,3.2,10
67561099999,"NDOLA SIMON MWANSA KAWEPEWE INTERNATIONAL, ZA",-12.9833333,28.65,1270.1,1/28/2015,66.8,5,10010,,999.9,,84.2,*,65.3, ,4.1,,0.83,G,9999.9,0,999.9,,999.9,0,78.9,5,6.2,5,2,5
67561099999,"NDOLA SIMON MWANSA KAWEPEWE INTERNATIONAL, ZA",-12.9833333,28.65,1270.1,1/29/2015,66.7,10,10010,,999.9,,84.6, ,61.5, ,1.9,,3.19,G,9999.9,0,999.9,,999.9,0,75.2,10,7.2,10,0.2,10
67561099999,"NDOLA SIMON MWANSA KAWEPEWE INTERNATIONAL, ZA",-12.9833333,28.65,1270.1,1/30/2015,66.5,5,10000,,999.9,,83.1, ,62.8, ,5.1,,1.42,G,9999.9,0,999.9,,999.9,0,70.3,5,6,5,1,5
67561099999,"NDOLA SIMON MWANSA KAWEPEWE INTERNATIONAL, ZA",-12.9833333,28.65,1270.1,2/1/2015,64.4,4,10000,,999.9,,77,*,64.4,*,5.1,,99.99, ,9999.9,0,999.9,,999.9,0,68,4,5.7,4,2,4
67561099999,"NDOLA SIMON MWANSA KAWEPEWE INTERNATIONAL, ZA",-12.9833333,28.65,1270.1,2/2/2015,65.1,12,10000,,999.9,,77,*,66.2,*,9.9,,99.99, ,9999.9,0,999.9,,999.9,0,72.3,12,6.4,11,3.9,12
67561099999,"NDOLA SIMON MWANSA KAWEPEWE INTERNATIONAL, ZA",-12.9833333,28.65,1270.1,2/3/2015,64,5,10000,,999.9,,80.6,*,63, ,12,,0.39,G,9999.9,0,999.9,,999.9,0,76.7,5,6.2,4,5.1,5
67561099999,"NDOLA SIMON MWANSA KAWEPEWE INTERNATIONAL, ZA",-12.9833333,28.65,1270.1,2/4/2015,65.2,12,0,,999.9,,81.3, ,63.3, ,11.1,,0.04,G,9999.9,0,999.9,,999.9,0,73.9,12,7.7,12,4.5,12
67561099999,"NDOLA SIMON MWANSA KAWEPEWE INTERNATIONAL, ZA",-12.9833333,28.65,1270.1,2/5/2015,63.5,12,0,,999.9,,84.2,*,66.2,*,12,,0,G,9999.9,0,999.9,,999.9,0,76.8,12,7.2,12,3.3,12
67561099999,"NDOLA SIMON MWANSA KAWEPEWE INTERNATIONAL, ZA",-12.9833333,28.65,1270.1,2/6/2015,64.1,9,10010,,999.9,,87.8,*,62.6,*,6,,0.31,G,9999.9,0,999.9,,999.9,0,80.1,9,8.3,9,0.7,9
67561099999,"NDOLA SIMON MWANSA KAWEPEWE INTERNATIONAL, ZA",-12.9833333,28.65,1270.1,2/7/2015,64.8,8,0,,999.9,,84.2,*,64.4,*,8,,0,G,9999.9,0,999.9,,999.9,0,74.5,8,6.1,7,3.3,8
67561099999,"NDOLA SIMON MWANSA KAWEPEWE INTERNATIONAL, ZA",-12.9833333,28.65,1270.1,2/10/2015,64.5,11,10,,999.9,,80.6,*,68,*,4.1,,0,I,9999.9,0,999.9,,999.9,0,73,11,7.2,9,2.2,11
67561099999,"NDOLA SIMON MWANSA KAWEPEWE INTERNATIONAL, ZA",-12.9833333,28.65,1270.1,2/11/2015,65.6,10,10010,,999.9,,80.6,*,68,*,8,,99.99, ,9999.9,0,999.9,,999.9,0,75.3,10,7,10,2.8,10
67561099999,"NDOLA SIMON MWANSA KAWEPEWE INTERNATIONAL, ZA",-12.9833333,28.65,1270.1,2/12/2015,65,13,10,,999.9,,87.8,*,60.6, ,6,,0,G,9999.9,0,999.9,,999.9,0,78.2,13,6,13,2.2,13
67561099999,"NDOLA SIMON MWANSA KAWEPEWE INTERNATIONAL, ZA",-12.9833333,28.65,1270.1,2/13/2015,63.4,15,10010,,999.9,,89.1, ,61.9, ,15,,0.35,G,9999.9,0,999.9,,999.9,0,73.5,15,7.9,14,1.7,15
67561099999,"NDOLA SIMON MWANSA KAWEPEWE INTERNATIONAL, ZA",-12.9833333,28.65,1270.1,2/14/2015,66.3,14,10000,,999.9,,84.2,*,66.2,*,12,,0,G,9999.9,0,999.9,,999.9,0,75.2,14,6.2,14,3.9,14
67561099999,"NDOLA SIMON MWANSA KAWEPEWE INTERNATIONAL, ZA",-12.9833333,28.65,1270.1,2/15/2015,63.8,10,0,,999.9,,84.2,*,64, ,8,,0.04,G,9999.9,0,999.9,,999.9,0,75.2,10,6,10,4.2,10
67561099999,"NDOLA SIMON MWANSA KAWEPEWE INTERNATIONAL, ZA",-12.9833333,28.65,1270.1,2/16/2015,65.3,11,10010,,999.9,,85.1, ,62.2, ,6,,0,G,9999.9,0,999.9,,999.9,0,69.9,11,6.1,10,1.4,11
67561099999,"NDOLA SIMON MWANSA KAWEPEWE INTERNATIONAL, ZA",-12.9833333,28.65,1270.1,2/17/2015,63.9,14,10010,,999.9,,79.9, ,63.7, ,8,,0.04,G,9999.9,0,999.9,,999.9,0,70,14,6.2,14,3.3,14
67561099999,"NDOLA SIMON MWANSA KAWEPEWE INTERNATIONAL, ZA",-12.9833333,28.65,1270.1,2/18/2015,63.5,12,0,,999.9,,82.4,*,60.8, ,8,,0.12,G,9999.9,0,999.9,,999.9,0,74.1,12,6.7,11,2.4,12
67561099999,"NDOLA SIMON MWANSA KAWEPEWE INTERNATIONAL, ZA",-12.9833333,28.65,1270.1,2/19/2015,65.2,11,10000,,999.9,,84.2,*,63.5, ,8,,0,G,9999.9,0,999.9,,999.9,0,76.9,11,7.3,11,3,11
67561099999,"NDOLA SIMON MWANSA KAWEPEWE INTERNATIONAL, ZA",-12.9833333,28.65,1270.1,2/20/2015,67.6,8,10000,,999.9,,86, ,64.6, ,8,,0.28,G,9999.9,0,999.9,,999.9,0,73.9,8,6,8,2.2,8
67561099999,"NDOLA SIMON MWANSA KAWEPEWE INTERNATIONAL, ZA",-12.9833333,28.65,1270.1,2/21/2015,67.1,4,0,,999.9,,84.2,*,66.2,*,8,,0,G,9999.9,0,999.9,,999.9,0,77.4,4,6.1,4,4,4
67561099999,"NDOLA SIMON MWANSA KAWEPEWE INTERNATIONAL, ZA",-12.9833333,28.65,1270.1,2/22/2015,66.6,4,10,,999.9,,75.2,*,64.4,*,999.9,,0,I,9999.9,0,999.9,,999.9,0,69.4,4,6.2,4,0,4
67561099999,"NDOLA SIMON MWANSA KAWEPEWE INTERNATIONAL, ZA",-12.9833333,28.65,1270.1,2/23/2015,65.8,6,0,,999.9,,80.6,*,75.2,*,6,,0,I,9999.9,0,999.9,,999.9,0,78.4,6,9.3,6,3.5,6
67561099999,"NDOLA SIMON MWANSA KAWEPEWE INTERNATIONAL, ZA",-12.9833333,28.65,1270.1,2/24/2015,66.1,8,10010,,999.9,,81.5,*,60.6, ,6,,99.99, ,9999.9,0,999.9,,999.9,0,71.7,8,7.5,8,1.5,8
67561099999,"NDOLA SIMON MWANSA KAWEPEWE INTERNATIONAL, ZA",-12.9833333,28.65,1270.1,2/25/2015,64.3,10,10000,,999.9,,82.4, ,62.6, ,7,,0.51,G,9999.9,0,999.9,,999.9,0,69.4,10,7.9,10,2.2,10
67561099999,"NDOLA SIMON MWANSA KAWEPEWE INTERNATIONAL, ZA",-12.9833333,28.65,1270.1,2/26/2015,65,14,10010,,999.9,,84.2,*,61.7, ,8,,0.35,G,9999.9,0,999.9,,999.9,0,70.8,14,6.8,10,1.4,14
67561099999,"NDOLA SIMON MWANSA KAWEPEWE INTERNATIONAL, ZA",-12.9833333,28.65,1270.1,2/27/2015,65.2,15,10010,,999.9,,84.4, ,62.6,*,7,,0.35,G,9999.9,0,999.9,,999.9,0,70.6,16,6.2,12,0.7,16
67561099999,"NDOLA SIMON MWANSA KAWEPEWE INTERNATIONAL, ZA",-12.9833333,28.65,1270.1,2/28/2015,65.1,9,10010,,999.9,,86, ,62.6,*,9.9,,0.24,G,9999.9,0,999.9,,999.9,0,72.9,9,5.9,9,5.1,9
67561099999,"NDOLA SIMON MWANSA KAWEPEWE INTERNATIONAL, ZA",-12.9833333,28.65,1270.1,3/1/2015,64.1,12,0,,999.9,,81, ,61.5, ,2.9,,0.47,G,9999.9,0,999.9,,999.9,0,69.7,12,6.2,12,0.4,12
67561099999,"NDOLA SIMON MWANSA KAWEPEWE INTERNATIONAL, ZA",-12.9833333,28.65,1270.1,3/2/2015,63.6,17,10010,,999.9,,80.6,*,61.7, ,12,,0,G,9999.9,0,999.9,,999.9,0,70.7,17,6.5,17,1,17
67561099999,"NDOLA SIMON MWANSA KAWEPEWE INTERNATIONAL, ZA",-12.9833333,28.65,1270.1,3/3/2015,64.8,12,0,,999.9,,82, ,63.3, ,9.9,,0,G,9999.9,0,999.9,,999.9,0,72.9,12,6.9,12,5,12
67561099999,"NDOLA SIMON MWANSA KAWEPEWE INTERNATIONAL, ZA",-12.9833333,28.65,1270.1,3/4/2015,62.7,8,10000,,999.9,,81, ,62.6,*,8,,99.99, ,9999.9,0,999.9,,999.9,0,68.4,8,6,8,2.8,8
67561099999,"NDOLA SIMON MWANSA KAWEPEWE INTERNATIONAL, ZA",-12.9833333,28.65,1270.1,3/5/2015,62,7,0,,999.9,,80.6,*,59.2, ,7,,0,I,9999.9,0,999.9,,999.9,0,75.3,7,6.2,7,2.9,7
67561099999,"NDOLA SIMON MWANSA KAWEPEWE INTERNATIONAL, ZA",-12.9833333,28.65,1270.1,3/6/2015,60.1,9,0,,999.9,,84.2,*,59.7, ,7,,0,I,9999.9,0,999.9,,999.9,0,76.8,9,6.2,6,3.6,9
67561099999,"NDOLA SIMON MWANSA KAWEPEWE INTERNATIONAL, ZA",-12.9833333,28.65,1270.1,3/7/2015,60,16,0,,999.9,,84.4, ,56.5, ,9.9,,0,I,9999.9,0,999.9,,999.9,0,70.4,16,6.2,10,1.4,16
67561099999,"NDOLA SIMON MWANSA KAWEPEWE INTERNATIONAL, ZA",-12.9833333,28.65,1270.1,3/8/2015,63.2,9,0,,999.9,,84.4, ,59.9, ,999.9,,0,I,9999.9,0,999.9,,999.9,0,67.7,9,6.2,5,0,9
67561099999,"NDOLA SIMON MWANSA KAWEPEWE INTERNATIONAL, ZA",-12.9833333,28.65,1270.1,3/9/2015,64.5,14,10010,,999.9,,84.2, ,60.6, ,6,,99.99, ,9999.9,0,999.9,,999.9,0,72,14,7,10,2.3,14
67561099999,"NDOLA SIMON MWANSA KAWEPEWE INTERNATIONAL, ZA",-12.9833333,28.65,1270.1,3/10/2015,63.8,14,0,,999.9,,82.4,*,62.6, ,8,,0.28,G,9999.9,0,999.9,,999.9,0,72.8,14,7.1,7,3.3,14
67561099999,"NDOLA SIMON MWANSA KAWEPEWE INTERNATIONAL, ZA",-12.9833333,28.65,1270.1,3/11/2015,62.7,13,0,,999.9,,84.2,*,60.8,*,12,,0,G,9999.9,0,999.9,,999.9,0,72.8,13,5.9,11,3.6,13
67561099999,"NDOLA SIMON MWANSA KAWEPEWE INTERNATIONAL, ZA",-12.9833333,28.65,1270.1,3/12/2015,63.4,10,10010,,999.9,,84.2, ,62.4, ,9.9,,0.08,G,9999.9,0,999.9,,999.9,0,69.6,10,6.5,9,4,10
67561099999,"NDOLA SIMON MWANSA KAWEPEWE INTERNATIONAL, ZA",-12.9833333,28.65,1270.1,3/13/2015,62.8,18,10000,,999.9,,82.4,*,61.5, ,8.9,,0,G,9999.9,0,999.9,,999.9,0,73.5,18,8.1,15,3.6,18
67561099999,"NDOLA SIMON MWANSA KAWEPEWE INTERNATIONAL, ZA",-12.9833333,28.65,1270.1,3/14/2015,64.6,14,10010,,999.9,,82.4, ,61.2, ,8.9,,0,G,9999.9,0,999.9,,999.9,0,74.5,14,6.2,13,4.4,14
67561099999,"NDOLA SIMON MWANSA KAWEPEWE INTERNATIONAL, ZA",-12.9833333,28.65,1270.1,3/15/2015,63.1,13,0,,999.9,,82.6, ,59.7, ,11.1,,0.71,G,9999.9,0,999.9,,999.9,0,73.7,13,9.1,12,5.3,13
67561099999,"NDOLA SIMON MWANSA KAWEPEWE INTERNATIONAL, ZA",-12.9833333,28.65,1270.1,3/16/2015,63.2,15,0,,999.9,,84.2,*,66.2,*,9.9,,0,G,9999.9,0,999.9,,999.9,0,75.4,15,6.2,9,2.4,15
67561099999,"NDOLA SIMON MWANSA KAWEPEWE INTERNATIONAL, ZA",-12.9833333,28.65,1270.1,3/17/2015,63.2,15,0,,999.9,,86,*,60.1, ,8,,0,I,9999.9,0,999.9,,999.9,0,75.2,15,7.1,7,1.9,15
67561099999,"NDOLA SIMON MWANSA KAWEPEWE INTERNATIONAL, ZA",-12.9833333,28.65,1270.1,3/18/2015,63,8,0,,999.9,,86.2, ,59.9, ,11.1,,0,I,9999.9,0,999.9,,999.9,0,78.8,8,7.5,5,6.3,8
67561099999,"NDOLA SIMON MWANSA KAWEPEWE INTERNATIONAL, ZA",-12.9833333,28.65,1270.1,3/19/2015,63.8,8,10010,,999.9,,87.6, ,63, ,15,,99.99, ,9999.9,0,999.9,,999.9,0,76.8,8,8.8,7,7.5,8
67561099999,"NDOLA SIMON MWANSA KAWEPEWE INTERNATIONAL, ZA",-12.9833333,28.65,1270.1,3/20/2015,63.8,10,10,,999.9,,86, ,61.5, ,12,,0.08,G,9999.9,0,999.9,,999.9,0,74.8,10,6.7,7,4.6,10
67561099999,"NDOLA SIMON MWANSA KAWEPEWE INTERNATIONAL, ZA",-12.9833333,28.65,1270.1,3/21/2015,62.5,12,0,,999.9,,86.7, ,61.7, ,15,,0,G,9999.9,0,999.9,,999.9,0,77.3,12,9.3,11,6.4,12
67561099999,"NDOLA SIMON MWANSA KAWEPEWE INTERNATIONAL, ZA",-12.9833333,28.65,1270.1,3/22/2015,63.4,7,0,,999.9,,85.3, ,61.9, ,15,,0,I,9999.9,0,999.9,,999.9,0,75.7,7,6.1,7,8.3,7
67561099999,"NDOLA SIMON MWANSA KAWEPEWE INTERNATIONAL, ZA",-12.9833333,28.65,1270.1,3/25/2015,64.6,9,10,,999.9,,84.2,*,64.4,*,9.9,,0,I,9999.9,0,999.9,,999.9,0,71.8,9,6.2,7,3.7,9
67561099999,"NDOLA SIMON MWANSA KAWEPEWE INTERNATIONAL, ZA",-12.9833333,28.65,1270.1,3/26/2015,63.9,15,0,,999.9,,85.3, ,50,*,8,,0.35,G,9999.9,0,999.9,,999.9,0,72.7,16,8.7,14,3.1,16
67561099999,"NDOLA SIMON MWANSA KAWEPEWE INTERNATIONAL, ZA",-12.9833333,28.65,1270.1,3/27/2015,63.8,19,0,,999.9,,86,*,60.8, ,8,,0,G,9999.9,0,999.9,,999.9,0,74.5,19,7.4,13,2.4,19
67561099999,"NDOLA SIMON MWANSA KAWEPEWE INTERNATIONAL, ZA",-12.9833333,28.65,1270.1,3/28/2015,63.4,12,0,,999.9,,86,*,62.6,*,4.1,,0,I,9999.9,0,999.9,,999.9,0,70.9,12,5.9,7,0.3,12
67561099999,"NDOLA SIMON MWANSA KAWEPEWE INTERNATIONAL, ZA",-12.9833333,28.65,1270.1,3/29/2015,65.7,5,10010,,999.9,,86.7, ,61, ,5.1,,1.42,G,9999.9,0,999.9,,999.9,0,71,5,6.1,5,1,5
67561099999,"NDOLA SIMON MWANSA KAWEPEWE INTERNATIONAL, ZA",-12.9833333,28.65,1270.1,3/30/2015,64.9,12,0,,999.9,,79.5, ,62.4, ,7,,1.14,G,9999.9,0,999.9,,999.9,0,72.2,12,6.2,11,2.1,12
67561099999,"NDOLA SIMON MWANSA KAWEPEWE INTERNATIONAL, ZA",-12.9833333,28.65,1270.1,3/31/2015,65.3,16,10010,,999.9,,80.6,*,64.4,*,8,,0,G,9999.9,0,999.9,,999.9,0,71.2,16,7,16,2.7,16
67561099999,"NDOLA SIMON MWANSA KAWEPEWE INTERNATIONAL, ZA",-12.9833333,28.65,1270.1,4/1/2015,66.2,10,10000,,999.9,,81.7, ,63.7, ,4.1,,0.55,G,9999.9,0,999.9,,999.9,0,68.5,10,6.9,7,0.4,10
67561099999,"NDOLA SIMON MWANSA KAWEPEWE INTERNATIONAL, ZA",-12.9833333,28.65,1270.1,4/2/2015,65.1,11,10000,,999.9,,77,*,64.4,*,5.1,,0.75,G,9999.9,0,999.9,,999.9,0,68.4,11,6.2,11,0.9,11
67561099999,"NDOLA SIMON MWANSA KAWEPEWE INTERNATIONAL, ZA",-12.9833333,28.65,1270.1,4/4/2015,65.8,8,10,,999.9,,80.6, ,64.4,*,8,,0,I,9999.9,0,999.9,,999.9,0,70.4,8,7,8,2.1,8
67561099999,"NDOLA SIMON MWANSA KAWEPEWE INTERNATIONAL, ZA",-12.9833333,28.65,1270.1,4/5/2015,64.4,4,0,,999.9,,66.2,*,64.4,*,999.9,,0,I,9999.9,0,999.9,,999.9,0,64.8,4,6.2,4,0,4
67561099999,"NDOLA SIMON MWANSA KAWEPEWE INTERNATIONAL, ZA",-12.9833333,28.65,1270.1,4/6/2015,66.2,4,0,,999.9,,69.8,*,66.2,*,999.9,,0,I,9999.9,0,999.9,,999.9,0,68,4,999.9,0,0,4
67561099999,"NDOLA SIMON MWANSA KAWEPEWE INTERNATIONAL, ZA",-12.9833333,28.65,1270.1,4/7/2015,66.2,18,10010,,999.9,,82.4,*,64.6, ,8,,0.12,G,9999.9,0,999.9,,999.9,0,72,18,5.7,14,2.3,18
67561099999,"NDOLA SIMON MWANSA KAWEPEWE INTERNATIONAL, ZA",-12.9833333,28.65,1270.1,4/8/2015,65.1,13,10000,,999.9,,84.6, ,61.9, ,8.9,,0.87,G,9999.9,0,999.9,,999.9,0,70.9,13,6.2,13,3.7,13
67561099999,"NDOLA SIMON MWANSA KAWEPEWE INTERNATIONAL, ZA",-12.9833333,28.65,1270.1,4/9/2015,61,16,0,,999.9,,75.2,*,62.6,*,8,,0,G,9999.9,0,999.9,,999.9,0,68.1,16,6.2,10,3.1,16
67561099999,"NDOLA SIMON MWANSA KAWEPEWE INTERNATIONAL, ZA",-12.9833333,28.65,1270.1,4/10/2015,60.3,18,0,,999.9,,78.8,*,59,*,8.9,,0,I,9999.9,0,999.9,,999.9,0,69.4,18,6.8,11,2.9,18
67561099999,"NDOLA SIMON MWANSA KAWEPEWE INTERNATIONAL, ZA",-12.9833333,28.65,1270.1,4/17/2015,65.4,9,10000,,999.9,,78.4, ,63.9, ,5.1,,0.12,G,9999.9,0,999.9,,999.9,0,70.1,9,7.8,8,2.1,9
67561099999,"NDOLA SIMON MWANSA KAWEPEWE INTERNATIONAL, ZA",-12.9833333,28.65,1270.1,4/18/2015,65.8,10,10010,,999.9,,78.8,*,61.9, ,8,,1.73,G,9999.9,0,999.9,,999.9,0,71.2,10,6.1,10,3.1,10
67561099999,"NDOLA SIMON MWANSA KAWEPEWE INTERNATIONAL, ZA",-12.9833333,28.65,1270.1,4/19/2015,64.2,13,0,,999.9,,80.6,*,61, ,8.9,,0.47,G,9999.9,0,999.9,,999.9,0,72.1,13,6.5,11,2.4,13
67561099999,"NDOLA SIMON MWANSA KAWEPEWE INTERNATIONAL, ZA",-12.9833333,28.65,1270.1,4/20/2015,64,12,10010,,999.9,,82.4,*,64.4,*,5.1,,0,G,9999.9,0,999.9,,999.9,0,74.1,12,7.1,10,1.9,12
67561099999,"NDOLA SIMON MWANSA KAWEPEWE INTERNATIONAL, ZA",-12.9833333,28.65,1270.1,4/21/2015,62.9,9,0,,999.9,,83.1, ,59.4, ,9.9,,0.04,G,9999.9,0,999.9,,999.9,0,67.1,9,6.1,5,2.7,9
67561099999,"NDOLA SIMON MWANSA KAWEPEWE INTERNATIONAL, ZA",-12.9833333,28.65,1270.1,4/28/2015,52,9,0,,999.9,,82.4,*,52.2, ,5.1,,0,G,9999.9,0,999.9,,999.9,0,76.4,9,999.9,0,2.7,9
67561099999,"NDOLA SIMON MWANSA KAWEPEWE INTERNATIONAL, ZA",-12.9833333,28.65,1270.1,4/29/2015,48.8,14,0,,999.9,,82.6, ,51.6, ,6,,0,I,9999.9,0,999.9,,999.9,0,72.1,14,999.9,0,2.3,14
67561099999,"NDOLA SIMON MWANSA KAWEPEWE INTERNATIONAL, ZA",-12.9833333,28.65,1270.1,4/30/2015,49.7,13,0,,999.9,,82.8, ,48.9, ,5.1,,0,I,9999.9,0,999.9,,999.9,0,67,13,999.9,0,0.8,13
67561099999,"NDOLA SIMON MWANSA KAWEPEWE INTERNATIONAL, ZA",-12.9833333,28.65,1270.1,5/1/2015,47.3,15,0,,999.9,,81.9, ,48.2, ,8,,0,I,9999.9,0,999.9,,999.9,0,68,15,7,4,2.1,15
67561099999,"NDOLA SIMON MWANSA KAWEPEWE INTERNATIONAL, ZA",-12.9833333,28.65,1270.1,5/2/2015,45.1,6,0,,999.9,,82.4,*,75.2,*,11.1,,0,I,9999.9,0,999.9,,999.9,0,79.3,6,999.9,0,8.3,6
67561099999,"NDOLA SIMON MWANSA KAWEPEWE INTERNATIONAL, ZA",-12.9833333,28.65,1270.1,5/3/2015,49.4,9,0,,999.9,,80.6,*,50,*,9.9,,0,I,9999.9,0,999.9,,999.9,0,72.4,9,999.9,0,4.4,9
67561099999,"NDOLA SIMON MWANSA KAWEPEWE INTERNATIONAL, ZA",-12.9833333,28.65,1270.1,5/4/2015,57.6,15,0,,999.9,,80.6,*,54.3, ,12,,0,I,9999.9,0,999.9,,999.9,0,73,15,8.1,6,3,15
67561099999,"NDOLA SIMON MWANSA KAWEPEWE INTERNATIONAL, ZA",-12.9833333,28.65,1270.1,5/5/2015,60.7,14,0,,999.9,,82.4,*,60.8,*,9.9,,0,I,9999.9,0,999.9,,999.9,0,72.3,14,7.2,6,2.9,14
67561099999,"NDOLA SIMON MWANSA KAWEPEWE INTERNATIONAL, ZA",-12.9833333,28.65,1270.1,5/6/2015,57.4,9,0,,999.9,,80.6,*,55.4, ,999.9,,0,I,9999.9,0,999.9,,999.9,0,66.1,9,999.9,0,0,9
67561099999,"NDOLA SIMON MWANSA KAWEPEWE INTERNATIONAL, ZA",-12.9833333,28.65,1270.1,5/7/2015,58.1,12,0,,999.9,,82.4,*,59,*,8.9,,0,I,9999.9,0,999.9,,999.9,0,73.9,12,6.4,8,3.6,12
67561099999,"NDOLA SIMON MWANSA KAWEPEWE INTERNATIONAL, ZA",-12.9833333,28.65,1270.1,5/8/2015,52.3,13,0,,999.9,,78.3, ,59,*,13,,0,I,9999.9,0,999.9,,999.9,0,71,13,7.3,5,6.2,13
67561099999,"NDOLA SIMON MWANSA KAWEPEWE INTERNATIONAL, ZA",-12.9833333,28.65,1270.1,5/9/2015,56.5,8,0,,999.9,,77,*,55.4,*,13,,0,I,9999.9,0,999.9,,999.9,0,68.5,8,6.2,6,5.3,8
67561099999,"NDOLA SIMON MWANSA KAWEPEWE INTERNATIONAL, ZA",-12.9833333,28.65,1270.1,5/10/2015,59.2,10,0,,999.9,,80.6,*,55.4,*,4.1,,0,I,9999.9,0,999.9,,999.9,0,72,10,999.9,0,0.4,10
67561099999,"NDOLA SIMON MWANSA KAWEPEWE INTERNATIONAL, ZA",-12.9833333,28.65,1270.1,5/11/2015,57.2,16,0,,999.9,,80.6, ,54.5, ,9.9,,0,I,9999.9,0,999.9,,999.9,0,71,16,6.2,5,1.5,16
67561099999,"NDOLA SIMON MWANSA KAWEPEWE INTERNATIONAL, ZA",-12.9833333,28.65,1270.1,5/12/2015,59.5,11,0,,999.9,,80.6,*,58.1, ,7,,0,I,9999.9,0,999.9,,999.9,0,72.3,11,7.5,5,2.8,11
67561099999,"NDOLA SIMON MWANSA KAWEPEWE INTERNATIONAL, ZA",-12.9833333,28.65,1270.1,5/13/2015,59.7,14,0,,999.9,,82.4,*,58.1, ,6,,0.08,G,9999.9,0,999.9,,999.9,0,75.3,14,9.3,7,2.7,14
67561099999,"NDOLA SIMON MWANSA KAWEPEWE INTERNATIONAL, ZA",-12.9833333,28.65,1270.1,5/14/2015,57.9,10,0,,999.9,,83.8, ,57, ,6,,0,G,9999.9,0,999.9,,999.9,0,75,10,6.1,5,2.9,10
67561099999,"NDOLA SIMON MWANSA KAWEPEWE INTERNATIONAL, ZA",-12.9833333,28.65,1270.1,5/15/2015,56.9,16,0,,999.9,,83.1, ,55.4, ,6,,0,I,9999.9,0,999.9,,999.9,0,72.7,16,6.5,5,1.8,16
67561099999,"NDOLA SIMON MWANSA KAWEPEWE INTERNATIONAL, ZA",-12.9833333,28.65,1270.1,5/16/2015,54.2,18,0,,999.9,,82, ,55.4,*,9.9,,0,I,9999.9,0,999.9,,999.9,0,68.8,18,999.9,0,2.4,18
67561099999,"NDOLA SIMON MWANSA KAWEPEWE INTERNATIONAL, ZA",-12.9833333,28.65,1270.1,5/17/2015,47.1,11,0,,999.9,,82.4, ,50.5, ,8.9,,0,I,9999.9,0,999.9,,999.9,0,73.5,11,999.9,0,4.5,11
67561099999,"NDOLA SIMON MWANSA KAWEPEWE INTERNATIONAL, ZA",-12.9833333,28.65,1270.1,5/18/2015,47.2,10,0,,999.9,,81.3, ,48.4, ,5.1,,0,I,9999.9,0,999.9,,999.9,0,73.1,10,11.6,5,2.6,10
67561099999,"NDOLA SIMON MWANSA KAWEPEWE INTERNATIONAL, ZA",-12.9833333,28.65,1270.1,5/19/2015,52.1,13,0,,999.9,,79.5, ,49.3, ,11.1,,0,I,9999.9,0,999.9,,999.9,0,64.6,13,999.9,0,3.8,13
67561099999,"NDOLA SIMON MWANSA KAWEPEWE INTERNATIONAL, ZA",-12.9833333,28.65,1270.1,5/20/2015,50.9,18,0,,999.9,,80.6,*,50.5, ,9.9,,0,I,9999.9,0,999.9,,999.9,0,66.4,18,5.7,7,3.1,18
67561099999,"NDOLA SIMON MWANSA KAWEPEWE INTERNATIONAL, ZA",-12.9833333,28.65,1270.1,5/21/2015,52.1,10,0,,999.9,,77.7,*,51.8,*,9.9,,0,I,9999.9,0,999.9,,999.9,0,70.4,10,7.9,4,4.3,10
67561099999,"NDOLA SIMON MWANSA KAWEPEWE INTERNATIONAL, ZA",-12.9833333,28.65,1270.1,5/22/2015,51.5,7,0,,999.9,,77.4,*,73.4,*,8,,0,I,9999.9,0,999.9,,999.9,0,75.8,7,9.2,4,4.7,7
67561099999,"NDOLA SIMON MWANSA KAWEPEWE INTERNATIONAL, ZA",-12.9833333,28.65,1270.1,5/23/2015,50.6,14,0,,999.9,,75.2,*,51.8,*,9.9,,0,I,9999.9,0,999.9,,999.9,0,66.7,14,6.2,4,3.8,14
67561099999,"NDOLA SIMON MWANSA KAWEPEWE INTERNATIONAL, ZA",-12.9833333,28.65,1270.1,5/24/2015,50.6,15,0,,999.9,,77,*,53.6,*,6,,0,I,9999.9,0,999.9,,999.9,0,64.5,15,999.9,0,1.5,15
67561099999,"NDOLA SIMON MWANSA KAWEPEWE INTERNATIONAL, ZA",-12.9833333,28.65,1270.1,5/25/2015,50,14,0,,999.9,,80.6,*,46.8, ,4.1,,0,I,9999.9,0,999.9,,999.9,0,66.3,14,999.9,0,1.3,14
67561099999,"NDOLA SIMON MWANSA KAWEPEWE INTERNATIONAL, ZA",-12.9833333,28.65,1270.1,5/26/2015,51.1,9,0,,999.9,,80.6,*,47.5, ,4.1,,0,I,9999.9,0,999.9,,999.9,0,72.5,9,999.9,0,0.5,9
67561099999,"NDOLA SIMON MWANSA KAWEPEWE INTERNATIONAL, ZA",-12.9833333,28.65,1270.1,5/27/2015,53.5,6,0,,999.9,,81.5, ,50.2, ,6,,0,I,9999.9,0,999.9,,999.9,0,75.3,6,999.9,0,1.5,6
67561099999,"NDOLA SIMON MWANSA KAWEPEWE INTERNATIONAL, ZA",-12.9833333,28.65,1270.1,5/28/2015,53.6,5,0,,999.9,,82.2, ,50.4, ,8,,0,I,9999.9,0,999.9,,999.9,0,73.5,5,999.9,0,1.6,5
67561099999,"NDOLA SIMON MWANSA KAWEPEWE INTERNATIONAL, ZA",-12.9833333,28.65,1270.1,5/29/2015,52.4,14,0,,999.9,,80.6,*,53.6,*,8,,0,I,9999.9,0,999.9,,999.9,0,70.2,14,999.9,0,3,14
67561099999,"NDOLA SIMON MWANSA KAWEPEWE INTERNATIONAL, ZA",-12.9833333,28.65,1270.1,5/30/2015,51.8,15,0,,999.9,,77.9,*,50,*,8.9,,0,I,9999.9,0,999.9,,999.9,0,65.5,15,999.9,0,1.5,15
67561099999,"NDOLA SIMON MWANSA KAWEPEWE INTERNATIONAL, ZA",-12.9833333,28.65,1270.1,5/31/2015,55.4,12,0,,999.9,,80.6,*,51.8,*,6,,0,I,9999.9,0,999.9,,999.9,0,71.9,12,5.8,5,1.6,12
67561099999,"NDOLA SIMON MWANSA KAWEPEWE INTERNATIONAL, ZA",-12.9833333,28.65,1270.1,6/1/2015,56.7,9,0,,999.9,,81.3, ,51.8,*,8.9,,0,I,9999.9,0,999.9,,999.9,0,69.6,9,999.9,0,2,9
67561099999,"NDOLA SIMON MWANSA KAWEPEWE INTERNATIONAL, ZA",-12.9833333,28.65,1270.1,6/2/2015,56.6,6,0,,999.9,,82.4,*,55.4,*,8,,0,I,9999.9,0,999.9,,999.9,0,74.6,6,999.9,0,2.8,6
67561099999,"NDOLA SIMON MWANSA KAWEPEWE INTERNATIONAL, ZA",-12.9833333,28.65,1270.1,6/3/2015,51.9,13,0,,999.9,,80.6,*,53.6,*,8.9,,0,I,9999.9,0,999.9,,999.9,0,69.9,13,999.9,0,2.3,13
67561099999,"NDOLA SIMON MWANSA KAWEPEWE INTERNATIONAL, ZA",-12.9833333,28.65,1270.1,6/4/2015,51.2,15,0,,999.9,,82.4,*,48.2,*,6,,0,I,9999.9,0,999.9,,999.9,0,65,15,5.4,4,1.8,15
67561099999,"NDOLA SIMON MWANSA KAWEPEWE INTERNATIONAL, ZA",-12.9833333,28.65,1270.1,6/5/2015,53.8,13,0,,999.9,,83.3, ,50.9, ,5.1,,0,I,9999.9,0,999.9,,999.9,0,72.3,13,999.9,0,1.9,13
67561099999,"NDOLA SIMON MWANSA KAWEPEWE INTERNATIONAL, ZA",-12.9833333,28.65,1270.1,6/6/2015,55.6,9,0,,999.9,,77,*,57.2,*,7,,0,I,9999.9,0,999.9,,999.9,0,67.2,9,999.9,0,2.6,9
67561099999,"NDOLA SIMON MWANSA KAWEPEWE INTERNATIONAL, ZA",-12.9833333,28.65,1270.1,6/7/2015,57.4,11,0,,999.9,,78.8,*,60.8,*,5.1,,0,I,9999.9,0,999.9,,999.9,0,71.6,11,9.3,4,1.1,11
67561099999,"NDOLA SIMON MWANSA KAWEPEWE INTERNATIONAL, ZA",-12.9833333,28.65,1270.1,6/8/2015,55.6,9,0,,999.9,,81.1, ,53.1, ,6,,0,I,9999.9,0,999.9,,999.9,0,65,9,5.7,5,1.9,9
67561099999,"NDOLA SIMON MWANSA KAWEPEWE INTERNATIONAL, ZA",-12.9833333,28.65,1270.1,6/9/2015,50,11,0,,999.9,,80.1, ,49.3, ,9.9,,0,I,9999.9,0,999.9,,999.9,0,65.7,11,999.9,0,2.9,11
67561099999,"NDOLA SIMON MWANSA KAWEPEWE INTERNATIONAL, ZA",-12.9833333,28.65,1270.1,6/10/2015,47.8,8,0,,999.9,,79.2, ,47.1, ,6,,0,I,9999.9,0,999.9,,999.9,0,58.3,8,999.9,0,1.4,8
67561099999,"NDOLA SIMON MWANSA KAWEPEWE INTERNATIONAL, ZA",-12.9833333,28.65,1270.1,6/11/2015,49.1,7,0,,999.9,,81.5, ,44.6, ,5.1,,0,I,9999.9,0,999.9,,999.9,0,69.1,7,999.9,0,1.9,7
67561099999,"NDOLA SIMON MWANSA KAWEPEWE INTERNATIONAL, ZA",-12.9833333,28.65,1270.1,6/12/2015,49.1,10,0,,999.9,,77,*,45.3, ,4.1,,0,I,9999.9,0,999.9,,999.9,0,62.4,10,6.8,4,0.4,10
67561099999,"NDOLA SIMON MWANSA KAWEPEWE INTERNATIONAL, ZA",-12.9833333,28.65,1270.1,6/13/2015,46.4,10,0,,999.9,,77,*,59,*,9.9,,0,I,9999.9,0,999.9,,999.9,0,68.7,10,999.9,0,4.5,10
67561099999,"NDOLA SIMON MWANSA KAWEPEWE INTERNATIONAL, ZA",-12.9833333,28.65,1270.1,6/14/2015,44.9,11,0,,999.9,,78.1, ,44.1, ,8,,0,I,9999.9,0,999.9,,999.9,0,59.9,11,999.9,0,2.7,11
67561099999,"NDOLA SIMON MWANSA KAWEPEWE INTERNATIONAL, ZA",-12.9833333,28.65,1270.1,6/15/2015,45.5,12,0,,999.9,,77,*,50,*,5.1,,0,I,9999.9,0,999.9,,999.9,0,64.5,12,999.9,0,1.5,12
67561099999,"NDOLA SIMON MWANSA KAWEPEWE INTERNATIONAL, ZA",-12.9833333,28.65,1270.1,6/16/2015,46.2,14,0,,999.9,,77.4,*,42.8,*,5.1,,0,I,9999.9,0,999.9,,999.9,0,65.8,14,8.2,4,1,14
67561099999,"NDOLA SIMON MWANSA KAWEPEWE INTERNATIONAL, ZA",-12.9833333,28.65,1270.1,6/17/2015,43.1,13,0,,999.9,,78.6, ,41.9, ,8,,0,I,9999.9,0,999.9,,999.9,0,67.3,13,999.9,0,2.4,13
67561099999,"NDOLA SIMON MWANSA KAWEPEWE INTERNATIONAL, ZA",-12.9833333,28.65,1270.1,6/18/2015,40.8,13,0,,999.9,,78.8,*,40.6, ,12,,0,I,9999.9,0,999.9,,999.9,0,65.7,13,999.9,0,3.8,13
67561099999,"NDOLA SIMON MWANSA KAWEPEWE INTERNATIONAL, ZA",-12.9833333,28.65,1270.1,6/19/2015,44.2,11,0,,999.9,,79.2, ,49.3, ,9.9,,0,I,9999.9,0,999.9,,999.9,0,61.9,11,999.9,0,5.7,11
67561099999,"NDOLA SIMON MWANSA KAWEPEWE INTERNATIONAL, ZA",-12.9833333,28.65,1270.1,6/20/2015,47.5,6,0,,999.9,,78.3, ,46.2, ,8,,0,I,9999.9,0,999.9,,999.9,0,61,6,999.9,0,3,6
67561099999,"NDOLA SIMON MWANSA KAWEPEWE INTERNATIONAL, ZA",-12.9833333,28.65,1270.1,6/23/2015,52.8,7,0,,999.9,,77,*,57.2,*,999.9,,0,I,9999.9,0,999.9,,999.9,0,65.2,7,999.9,0,0,7
67561099999,"NDOLA SIMON MWANSA KAWEPEWE INTERNATIONAL, ZA",-12.9833333,28.65,1270.1,6/24/2015,51.9,10,0,,999.9,,79.9, ,49.1, ,5.1,,0,I,9999.9,0,999.9,,999.9,0,68,10,6.6,5,0.5,10
67561099999,"NDOLA SIMON MWANSA KAWEPEWE INTERNATIONAL, ZA",-12.9833333,28.65,1270.1,6/25/2015,54,6,0,,999.9,,80.8, ,51.1, ,999.9,,0,I,9999.9,0,999.9,,999.9,0,59.3,6,999.9,0,0,6
67561099999,"NDOLA SIMON MWANSA KAWEPEWE INTERNATIONAL, ZA",-12.9833333,28.65,1270.1,6/26/2015,49.1,11,0,,999.9,,82.8, ,51.1, ,11.1,,0,I,9999.9,0,999.9,,999.9,0,71,11,999.9,0,4.4,11
67561099999,"NDOLA SIMON MWANSA KAWEPEWE INTERNATIONAL, ZA",-12.9833333,28.65,1270.1,6/27/2015,50.3,12,0,,999.9,,75.2,*,53.6,*,8.9,,0,I,9999.9,0,999.9,,999.9,0,64.2,12,999.9,0,3.9,12
67561099999,"NDOLA SIMON MWANSA KAWEPEWE INTERNATIONAL, ZA",-12.9833333,28.65,1270.1,6/28/2015,42.9,17,0,,999.9,,78.8,*,45.7, ,9.9,,0,I,9999.9,0,999.9,,999.9,0,63.4,17,999.9,0,3.5,17
67561099999,"NDOLA SIMON MWANSA KAWEPEWE INTERNATIONAL, ZA",-12.9833333,28.65,1270.1,6/29/2015,44.6,6,0,,999.9,,77,*,46.4,*,999.9,,0,I,9999.9,0,999.9,,999.9,0,62,6,999.9,0,0,6
67561099999,"NDOLA SIMON MWANSA KAWEPEWE INTERNATIONAL, ZA",-12.9833333,28.65,1270.1,6/30/2015,43,9,0,,999.9,,78.8,*,43.3, ,4.1,,0,I,9999.9,0,999.9,,999.9,0,67.3,9,999.9,0,0.5,9
67561099999,"NDOLA SIMON MWANSA KAWEPEWE INTERNATIONAL, ZA",-12.9833333,28.65,1270.1,7/1/2015,46.4,16,0,,999.9,,77,*,53.6,*,9.9,,0,I,9999.9,0,999.9,,999.9,0,67.7,16,999.9,0,3.4,16
67561099999,"NDOLA SIMON MWANSA KAWEPEWE INTERNATIONAL, ZA",-12.9833333,28.65,1270.1,7/2/2015,48,12,0,,999.9,,75.2,*,46.4,*,8,,0,I,9999.9,0,999.9,,999.9,0,59.8,12,999.9,0,2.1,12
67561099999,"NDOLA SIMON MWANSA KAWEPEWE INTERNATIONAL, ZA",-12.9833333,28.65,1270.1,7/3/2015,48,17,0,,999.9,,75.2,*,52.7, ,9.9,,0,I,9999.9,0,999.9,,999.9,0,63,17,6.1,4,3.2,17
67561099999,"NDOLA SIMON MWANSA KAWEPEWE INTERNATIONAL, ZA",-12.9833333,28.65,1270.1,7/4/2015,48.2,5,0,,999.9,,76.5, ,44.6, ,999.9,,0,I,9999.9,0,999.9,,999.9,0,56.5,5,999.9,0,0,5
67561099999,"NDOLA SIMON MWANSA KAWEPEWE INTERNATIONAL, ZA",-12.9833333,28.65,1270.1,7/5/2015,47.2,14,0,,999.9,,78.8,*,44.4, ,7,,0,I,9999.9,0,999.9,,999.9,0,63.6,14,999.9,0,1.1,14
67561099999,"NDOLA SIMON MWANSA KAWEPEWE INTERNATIONAL, ZA",-12.9833333,28.65,1270.1,7/6/2015,49,14,0,,999.9,,82.4,*,54.1,*,8,,0,I,9999.9,0,999.9,,999.9,0,72.3,14,999.9,0,2.7,14
67561099999,"NDOLA SIMON MWANSA KAWEPEWE INTERNATIONAL, ZA",-12.9833333,28.65,1270.1,7/7/2015,50.8,12,0,,999.9,,77,*,50,*,8.9,,0,I,9999.9,0,999.9,,999.9,0,65.9,12,999.9,0,5.3,12
67561099999,"NDOLA SIMON MWANSA KAWEPEWE INTERNATIONAL, ZA",-12.9833333,28.65,1270.1,7/8/2015,49.1,14,0,,999.9,,79.9, ,48.2,*,5.1,,0,I,9999.9,0,999.9,,999.9,0,67.7,14,999.9,0,2.5,14
67561099999,"NDOLA SIMON MWANSA KAWEPEWE INTERNATIONAL, ZA",-12.9833333,28.65,1270.1,7/9/2015,47.4,12,0,,999.9,,80.6,*,53.6,*,6,,0,I,9999.9,0,999.9,,999.9,0,71.5,12,999.9,0,3,12
67561099999,"NDOLA SIMON MWANSA KAWEPEWE INTERNATIONAL, ZA",-12.9833333,28.65,1270.1,7/10/2015,45.7,15,0,,999.9,,80.6, ,43.9, ,8,,0,I,9999.9,0,999.9,,999.9,0,64.5,15,999.9,0,2.9,15
67561099999,"NDOLA SIMON MWANSA KAWEPEWE INTERNATIONAL, ZA",-12.9833333,28.65,1270.1,7/11/2015,44.9,4,0,,999.9,,80.2, ,43.7, ,999.9,,0,I,9999.9,0,999.9,,999.9,0,53.4,4,999.9,0,0,4
67561099999,"NDOLA SIMON MWANSA KAWEPEWE INTERNATIONAL, ZA",-12.9833333,28.65,1270.1,7/12/2015,43.7,12,0,,999.9,,78.8,*,41.9, ,6,,0,I,9999.9,0,999.9,,999.9,0,61.6,12,999.9,0,2.2,12
67561099999,"NDOLA SIMON MWANSA KAWEPEWE INTERNATIONAL, ZA",-12.9833333,28.65,1270.1,7/13/2015,43.9,5,0,,999.9,,80.6,*,51.8,*,8,,0,I,9999.9,0,999.9,,999.9,0,67.6,5,999.9,0,2.8,5
67561099999,"NDOLA SIMON MWANSA KAWEPEWE INTERNATIONAL, ZA",-12.9833333,28.65,1270.1,7/14/2015,46.9,13,0,,999.9,,81.1, ,46.6, ,8.9,,0,I,9999.9,0,999.9,,999.9,0,67.3,13,5.7,4,2.1,13
67561099999,"NDOLA SIMON MWANSA KAWEPEWE INTERNATIONAL, ZA",-12.9833333,28.65,1270.1,7/15/2015,47.3,5,0,,999.9,,80.6, ,48.2, ,11.1,,0,I,9999.9,0,999.9,,999.9,0,62.9,5,999.9,0,5.6,5
67561099999,"NDOLA SIMON MWANSA KAWEPEWE INTERNATIONAL, ZA",-12.9833333,28.65,1270.1,7/17/2015,42.8,15,0,,999.9,,82.4,*,43, ,5.1,,0,I,9999.9,0,999.9,,999.9,0,67.5,15,5.3,4,0.5,15
67561099999,"NDOLA SIMON MWANSA KAWEPEWE INTERNATIONAL, ZA",-12.9833333,28.65,1270.1,7/18/2015,39.2,7,0,,999.9,,78.8,*,42.8,*,5.1,,0,I,9999.9,0,999.9,,999.9,0,65.2,7,999.9,0,1.4,7
67561099999,"NDOLA SIMON MWANSA KAWEPEWE INTERNATIONAL, ZA",-12.9833333,28.65,1270.1,7/19/2015,44.9,7,0,,999.9,,83.1, ,45.5, ,12,,0,I,9999.9,0,999.9,,999.9,0,69.6,7,999.9,0,5.4,7
67561099999,"NDOLA SIMON MWANSA KAWEPEWE INTERNATIONAL, ZA",-12.9833333,28.65,1270.1,7/20/2015,47.6,11,0,,15,,80.8, ,47.8, ,12,,0,I,9999.9,0,999.9,,999.9,0,71.2,11,7.6,6,4.3,11
67561099999,"NDOLA SIMON MWANSA KAWEPEWE INTERNATIONAL, ZA",-12.9833333,28.65,1270.1,7/22/2015,48.3,6,0,,999.9,,79.7, ,50, ,9.9,,0,I,9999.9,0,999.9,,999.9,0,66.2,6,999.9,0,3.8,6
67561099999,"NDOLA SIMON MWANSA KAWEPEWE INTERNATIONAL, ZA",-12.9833333,28.65,1270.1,7/23/2015,52.3,18,0,,999.9,,80.6,*,50,*,8.9,,0,I,9999.9,0,999.9,,999.9,0,67.8,18,999.9,0,1.9,18
67561099999,"NDOLA SIMON MWANSA KAWEPEWE INTERNATIONAL, ZA",-12.9833333,28.65,1270.1,7/24/2015,50,9,0,,999.9,,82.4,*,49.1, ,5.1,,0,I,9999.9,0,999.9,,999.9,0,66.3,9,6.7,4,1.1,9
67561099999,"NDOLA SIMON MWANSA KAWEPEWE INTERNATIONAL, ZA",-12.9833333,28.65,1270.1,7/25/2015,44.4,4,0,,999.9,,83.3, ,48.7, ,8,,0,I,9999.9,0,999.9,,999.9,0,65.8,4,999.9,0,2,4
67561099999,"NDOLA SIMON MWANSA KAWEPEWE INTERNATIONAL, ZA",-12.9833333,28.65,1270.1,7/26/2015,47.7,8,0,,999.9,,85.8, ,48.2, ,5.1,,0,I,9999.9,0,999.9,,999.9,0,61.8,8,999.9,0,1.1,8
67561099999,"NDOLA SIMON MWANSA KAWEPEWE INTERNATIONAL, ZA",-12.9833333,28.65,1270.1,7/27/2015,47.5,13,0,,999.9,,82.4,*,51.8,*,12,,0,I,9999.9,0,999.9,,999.9,0,71.5,13,999.9,0,5,13
67561099999,"NDOLA SIMON MWANSA KAWEPEWE INTERNATIONAL, ZA",-12.9833333,28.65,1270.1,7/28/2015,49.8,10,0,,999.9,,82.8, ,57.2,*,12,,0,I,9999.9,0,999.9,,999.9,0,72,10,999.9,0,4.6,10
67561099999,"NDOLA SIMON MWANSA KAWEPEWE INTERNATIONAL, ZA",-12.9833333,28.65,1270.1,7/29/2015,49,13,0,,999.9,,80.6,*,51.8,*,11.1,,0,I,9999.9,0,999.9,,999.9,0,68.8,13,999.9,0,3.1,13
67561099999,"NDOLA SIMON MWANSA KAWEPEWE INTERNATIONAL, ZA",-12.9833333,28.65,1270.1,7/30/2015,47.8,15,0,,999.9,,84.2,*,48.2,*,4.1,,0,I,9999.9,0,999.9,,999.9,0,69.2,15,999.9,0,0.3,15
67561099999,"NDOLA SIMON MWANSA KAWEPEWE INTERNATIONAL, ZA",-12.9833333,28.65,1270.1,7/31/2015,43.6,7,0,,999.9,,75.2,*,62.6,*,6,,0,I,9999.9,0,999.9,,999.9,0,70.6,7,999.9,0,3.6,7
67561099999,"NDOLA SIMON MWANSA KAWEPEWE INTERNATIONAL, ZA",-12.9833333,28.65,1270.1,8/1/2015,45.1,17,0,,999.9,,82.4,*,51.8,*,15,,0,I,9999.9,0,999.9,,999.9,0,71,17,999.9,0,6.5,17
67561099999,"NDOLA SIMON MWANSA KAWEPEWE INTERNATIONAL, ZA",-12.9833333,28.65,1270.1,8/2/2015,49.2,15,0,,999.9,,75.2,*,55.4,*,19,,0,I,9999.9,0,999.9,,999.9,0,64.9,15,999.9,0,6.8,15
67561099999,"NDOLA SIMON MWANSA KAWEPEWE INTERNATIONAL, ZA",-12.9833333,28.65,1270.1,8/3/2015,43.9,15,0,,999.9,,77,*,46.4,*,12,,0,I,9999.9,0,999.9,,999.9,0,65.7,15,999.9,0,3.4,15
67561099999,"NDOLA SIMON MWANSA KAWEPEWE INTERNATIONAL, ZA",-12.9833333,28.65,1270.1,8/4/2015,41,4,0,,999.9,,66.2,*,48.2,*,8,,0,I,9999.9,0,999.9,,999.9,0,59.9,4,999.9,0,2,4
67561099999,"NDOLA SIMON MWANSA KAWEPEWE INTERNATIONAL, ZA",-12.9833333,28.65,1270.1,8/5/2015,41.2,8,0,,999.9,,71.6,*,46.4,*,5.1,,0,I,9999.9,0,999.9,,999.9,0,59.9,8,999.9,0,1,8
67561099999,"NDOLA SIMON MWANSA KAWEPEWE INTERNATIONAL, ZA",-12.9833333,28.65,1270.1,8/6/2015,40.5,8,0,,999.9,,79.7, ,50, ,8.9,,0,I,9999.9,0,999.9,,999.9,0,65.1,8,999.9,0,5,8
67561099999,"NDOLA SIMON MWANSA KAWEPEWE INTERNATIONAL, ZA",-12.9833333,28.65,1270.1,8/7/2015,41.8,7,0,,999.9,,77,*,60.8,*,13,,0,I,9999.9,0,999.9,,999.9,0,67,7,999.9,0,6.7,7
67561099999,"NDOLA SIMON MWANSA KAWEPEWE INTERNATIONAL, ZA",-12.9833333,28.65,1270.1,8/10/2015,41,8,0,,999.9,,78.8,*,53.6,*,8.9,,0,I,9999.9,0,999.9,,999.9,0,69.3,8,999.9,0,2.7,8
67561099999,"NDOLA SIMON MWANSA KAWEPEWE INTERNATIONAL, ZA",-12.9833333,28.65,1270.1,8/11/2015,39.6,7,0,,999.9,,82.4,*,44.6, ,5.1,,0,I,9999.9,0,999.9,,999.9,0,67.2,7,999.9,0,1.4,7
67561099999,"NDOLA SIMON MWANSA KAWEPEWE INTERNATIONAL, ZA",-12.9833333,28.65,1270.1,8/12/2015,42.8,8,0,,999.9,,84.2,*,48.2,*,999.9,,0,I,9999.9,0,999.9,,999.9,0,65.1,8,5.3,4,0,8
67561099999,"NDOLA SIMON MWANSA KAWEPEWE INTERNATIONAL, ZA",-12.9833333,28.65,1270.1,8/13/2015,46.2,14,0,,999.9,,84.2,*,49.1, ,9.9,,0,I,9999.9,0,999.9,,999.9,0,72.1,14,6.4,7,2.7,14
67561099999,"NDOLA SIMON MWANSA KAWEPEWE INTERNATIONAL, ZA",-12.9833333,28.65,1270.1,8/14/2015,44.8,12,0,,999.9,,84.2, ,50.7, ,11.1,,0,I,9999.9,0,999.9,,999.9,0,74.8,12,5.6,4,3.7,12
67561099999,"NDOLA SIMON MWANSA KAWEPEWE INTERNATIONAL, ZA",-12.9833333,28.65,1270.1,8/16/2015,50,6,0,,999.9,,82.4,*,71.6,*,15,,0,I,9999.9,0,999.9,,999.9,0,77,6,999.9,0,8.2,6
67561099999,"NDOLA SIMON MWANSA KAWEPEWE INTERNATIONAL, ZA",-12.9833333,28.65,1270.1,8/18/2015,48,12,0,,999.9,,84.2,*,53.6, ,8,,0,I,9999.9,0,999.9,,999.9,0,76.3,12,999.9,0,3.2,12
67561099999,"NDOLA SIMON MWANSA KAWEPEWE INTERNATIONAL, ZA",-12.9833333,28.65,1270.1,8/19/2015,48.2,14,0,,999.9,,86,*,49.6, ,7,,0,I,9999.9,0,999.9,,999.9,0,71.4,14,6.8,4,1.5,14
67561099999,"NDOLA SIMON MWANSA KAWEPEWE INTERNATIONAL, ZA",-12.9833333,28.65,1270.1,8/20/2015,45.9,8,0,,999.9,,86.4, ,50.9, ,9.9,,0,I,9999.9,0,999.9,,999.9,0,76.2,8,9.6,4,4,8
67561099999,"NDOLA SIMON MWANSA KAWEPEWE INTERNATIONAL, ZA",-12.9833333,28.65,1270.1,8/21/2015,46.1,11,0,,999.9,,87.8,*,57.2,*,8,,0,I,9999.9,0,999.9,,999.9,0,75.5,11,5.7,6,3.1,11
67561099999,"NDOLA SIMON MWANSA KAWEPEWE INTERNATIONAL, ZA",-12.9833333,28.65,1270.1,8/23/2015,38.4,5,0,,999.9,,86,*,78.8,*,8.9,,0,I,9999.9,0,999.9,,999.9,0,84.2,5,999.9,0,5,5
67561099999,"NDOLA SIMON MWANSA KAWEPEWE INTERNATIONAL, ZA",-12.9833333,28.65,1270.1,8/24/2015,45.1,17,0,,20,,87.1, ,54.3, ,15,,0,I,9999.9,0,999.9,,999.9,0,72.1,17,6.6,8,6.1,17
67561099999,"NDOLA SIMON MWANSA KAWEPEWE INTERNATIONAL, ZA",-12.9833333,28.65,1270.1,8/25/2015,48.7,12,0,,999.9,,84.2,*,57.2,*,12,,0,I,9999.9,0,999.9,,999.9,0,73.6,12,999.9,0,5.9,12
67561099999,"NDOLA SIMON MWANSA KAWEPEWE INTERNATIONAL, ZA",-12.9833333,28.65,1270.1,9/22/2015,49,10,0,,999.9,,89.6,*,57.4, ,9.9,,0,I,9999.9,0,999.9,,999.9,0,82.2,10,999.9,0,3.3,10
67561099999,"NDOLA SIMON MWANSA KAWEPEWE INTERNATIONAL, ZA",-12.9833333,28.65,1270.1,9/23/2015,47.5,5,0,,999.9,,80.6,*,62.6,*,9.9,,0,I,9999.9,0,999.9,,999.9,0,73,5,999.9,0,4.8,5
67561099999,"NDOLA SIMON MWANSA KAWEPEWE INTERNATIONAL, ZA",-12.9833333,28.65,1270.1,9/24/2015,45.5,7,0,,999.9,,89.6,*,63, ,9.9,,0,I,9999.9,0,999.9,,999.9,0,81.8,7,5.6,5,7.7,7
67561099999,"NDOLA SIMON MWANSA KAWEPEWE INTERNATIONAL, ZA",-12.9833333,28.65,1270.1,9/25/2015,47.6,11,0,,999.9,,90.7, ,61.9, ,9.9,,0,I,9999.9,0,999.9,,999.9,0,79.2,11,5.7,6,4.4,11
67561099999,"NDOLA SIMON MWANSA KAWEPEWE INTERNATIONAL, ZA",-12.9833333,28.65,1270.1,9/26/2015,51.9,10,0,,999.9,,89.8, ,62.2, ,8.9,,0,I,9999.9,0,999.9,,999.9,0,80.6,10,999.9,0,3.3,10
67561099999,"NDOLA SIMON MWANSA KAWEPEWE INTERNATIONAL, ZA",-12.9833333,28.65,1270.1,9/27/2015,51.2,9,0,,999.9,,89.6,*,73.4,*,5.1,,0,I,9999.9,0,999.9,,999.9,0,82.2,9,999.9,0,2.6,9
67561099999,"NDOLA SIMON MWANSA KAWEPEWE INTERNATIONAL, ZA",-12.9833333,28.65,1270.1,9/28/2015,53.4,10,0,,999.9,,89.8, ,64.2, ,9.9,,0,I,9999.9,0,999.9,,999.9,0,81.5,10,5.7,8,4,10
67561099999,"NDOLA SIMON MWANSA KAWEPEWE INTERNATIONAL, ZA",-12.9833333,28.65,1270.1,9/29/2015,53.5,14,0,,999.9,,89.6,*,64.4,*,9.9,,0,I,9999.9,0,999.9,,999.9,0,83.6,14,5.6,7,2.8,14
67561099999,"NDOLA SIMON MWANSA KAWEPEWE INTERNATIONAL, ZA",-12.9833333,28.65,1270.1,9/30/2015,52.5,12,0,,999.9,,91.6, ,66.4, ,9.9,,0,I,9999.9,0,999.9,,999.9,0,83.2,12,999.9,0,2.2,12
67561099999,"NDOLA SIMON MWANSA KAWEPEWE INTERNATIONAL, ZA",-12.9833333,28.65,1270.1,10/1/2015,53.2,10,0,,999.9,,87.8,*,68,*,6,,0,I,9999.9,0,999.9,,999.9,0,82.2,10,4.8,6,1,10
67561099999,"NDOLA SIMON MWANSA KAWEPEWE INTERNATIONAL, ZA",-12.9833333,28.65,1270.1,10/2/2015,59,9,0,,999.9,,86,*,68,*,8,,0,I,9999.9,0,999.9,,999.9,0,78.6,10,5.4,7,2.7,10
67561099999,"NDOLA SIMON MWANSA KAWEPEWE INTERNATIONAL, ZA",-12.9833333,28.65,1270.1,10/3/2015,55.4,11,0,,999.9,,91.4,*,64.6, ,6,,0,I,9999.9,0,999.9,,999.9,0,80.3,11,5.2,7,3.1,11
67561099999,"NDOLA SIMON MWANSA KAWEPEWE INTERNATIONAL, ZA",-12.9833333,28.65,1270.1,10/4/2015,53.9,6,0,,999.9,,89.6,*,77,*,9.9,,0,I,9999.9,0,999.9,,999.9,0,84.8,6,6.2,5,6.5,6
67561099999,"NDOLA SIMON MWANSA KAWEPEWE INTERNATIONAL, ZA",-12.9833333,28.65,1270.1,10/5/2015,47.6,6,0,,999.9,,91.9, ,62.6, ,9.9,,0,I,9999.9,0,999.9,,999.9,0,76.2,6,999.9,0,5.5,6
67561099999,"NDOLA SIMON MWANSA KAWEPEWE INTERNATIONAL, ZA",-12.9833333,28.65,1270.1,10/6/2015,49.6,6,0,,999.9,,91.9, ,63.1, ,11.1,,0,I,9999.9,0,999.9,,999.9,0,82.1,6,5.6,4,5,6
67561099999,"NDOLA SIMON MWANSA KAWEPEWE INTERNATIONAL, ZA",-12.9833333,28.65,1270.1,10/7/2015,51,7,0,,999.9,,94.1, ,64.4, ,5.1,,0,I,9999.9,0,999.9,,999.9,0,84.1,7,999.9,0,2.2,7
67561099999,"NDOLA SIMON MWANSA KAWEPEWE INTERNATIONAL, ZA",-12.9833333,28.65,1270.1,10/8/2015,51,10,0,,999.9,,93.6, ,68.2, ,8.9,,0,I,9999.9,0,999.9,,999.9,0,86.4,10,999.9,0,3.2,10
67561099999,"NDOLA SIMON MWANSA KAWEPEWE INTERNATIONAL, ZA",-12.9833333,28.65,1270.1,10/9/2015,46.8,5,0,,999.9,,84.2,*,73.4,*,9.9,,0,I,9999.9,0,999.9,,999.9,0,78.4,5,999.9,0,5.2,5
67561099999,"NDOLA SIMON MWANSA KAWEPEWE INTERNATIONAL, ZA",-12.9833333,28.65,1270.1,10/10/2015,50.1,7,0,,999.9,,91.4,*,66.2,*,9.9,,0,I,9999.9,0,999.9,,999.9,0,77.7,7,5.6,4,2.4,7
67561099999,"NDOLA SIMON MWANSA KAWEPEWE INTERNATIONAL, ZA",-12.9833333,28.65,1270.1,10/11/2015,51.2,9,0,,999.9,,93.2,*,77,*,8,,0,I,9999.9,0,999.9,,999.9,0,86.2,9,999.9,0,3.9,9
67561099999,"NDOLA SIMON MWANSA KAWEPEWE INTERNATIONAL, ZA",-12.9833333,28.65,1270.1,10/12/2015,49.2,13,0,,999.9,,93.2,*,64.4,*,12,,0,I,9999.9,0,999.9,,999.9,0,83,13,5.6,5,5.2,13
67561099999,"NDOLA SIMON MWANSA KAWEPEWE INTERNATIONAL, ZA",-12.9833333,28.65,1270.1,10/14/2015,52.3,5,0,,999.9,,95, ,63.3, ,6,,0,I,9999.9,0,999.9,,999.9,0,82.4,5,999.9,0,2.8,5
67561099999,"NDOLA SIMON MWANSA KAWEPEWE INTERNATIONAL, ZA",-12.9833333,28.65,1270.1,10/16/2015,53.3,4,0,,999.9,,95.2, ,64.2, ,11.1,,0,I,9999.9,0,999.9,,999.9,0,86.9,4,999.9,0,6,4
67561099999,"NDOLA SIMON MWANSA KAWEPEWE INTERNATIONAL, ZA",-12.9833333,28.65,1270.1,10/18/2015,55.4,15,0,,999.9,,89.6,*,66.2, ,15,,0,I,9999.9,0,999.9,,999.9,0,79.9,15,6.4,10,6.5,15
67561099999,"NDOLA SIMON MWANSA KAWEPEWE INTERNATIONAL, ZA",-12.9833333,28.65,1270.1,10/19/2015,54.7,8,0,,999.9,,87.8,*,77,*,14,,0,I,9999.9,0,999.9,,999.9,0,83.8,8,6.1,4,6.3,8
67561099999,"NDOLA SIMON MWANSA KAWEPEWE INTERNATIONAL, ZA",-12.9833333,28.65,1270.1,10/20/2015,55.1,6,0,,999.9,,91, ,64.6, ,12,,0,I,9999.9,0,999.9,,999.9,0,82.2,6,8.6,5,3.9,6
67561099999,"NDOLA SIMON MWANSA KAWEPEWE INTERNATIONAL, ZA",-12.9833333,28.65,1270.1,10/27/2015,50.7,4,0,,999.9,,93.9, ,65.8, ,11.1,,0,I,9999.9,0,999.9,,999.9,0,86.1,4,999.9,0,7.8,4
67561099999,"NDOLA SIMON MWANSA KAWEPEWE INTERNATIONAL, ZA",-12.9833333,28.65,1270.1,10/28/2015,54.9,9,0,,999.9,,93, ,63.9, ,9.9,,0,I,9999.9,0,999.9,,999.9,0,77.9,9,999.9,0,3.1,9
67561099999,"NDOLA SIMON MWANSA KAWEPEWE INTERNATIONAL, ZA",-12.9833333,28.65,1270.1,10/29/2015,56.1,4,0,,999.9,,81.1, ,56.3, ,6,,0,I,9999.9,0,999.9,,999.9,0,69.8,4,999.9,0,3.3,4
67561099999,"NDOLA SIMON MWANSA KAWEPEWE INTERNATIONAL, ZA",-12.9833333,28.65,1270.1,10/30/2015,60.5,9,10,,999.9,,88.7, ,64.4, ,5.1,,0,I,9999.9,0,999.9,,999.9,0,69.6,9,999.9,0,0.9,9
67561099999,"NDOLA SIMON MWANSA KAWEPEWE INTERNATIONAL, ZA",-12.9833333,28.65,1270.1,10/31/2015,58.8,12,0,,999.9,,87.8,*,68,*,4.1,,0,I,9999.9,0,999.9,,999.9,0,79.4,12,5.9,9,1.7,12
67561099999,"NDOLA SIMON MWANSA KAWEPEWE INTERNATIONAL, ZA",-12.9833333,28.65,1270.1,11/1/2015,58.2,9,0,,999.9,,91.4,*,65.7, ,6,,0,I,9999.9,0,999.9,,999.9,0,83,9,7.6,8,2.2,9
67561099999,"NDOLA SIMON MWANSA KAWEPEWE INTERNATIONAL, ZA",-12.9833333,28.65,1270.1,11/2/2015,63,4,0,,999.9,,69.8,*,66.2,*,999.9,,0,I,9999.9,0,999.9,,999.9,0,68,4,999.9,0,0,4
67561099999,"NDOLA SIMON MWANSA KAWEPEWE INTERNATIONAL, ZA",-12.9833333,28.65,1270.1,9/8/2016,44.5,5,0,,999.9,,89.8, ,51.3, ,8.9,,0,I,9999.9,0,999.9,,999.9,0,74.1,5,999.9,0,2.4,5
67561099999,"NDOLA SIMON MWANSA KAWEPEWE INTERNATIONAL, ZA",-12.9833333,28.65,1270.1,9/9/2016,48.9,8,0,,999.9,,89.6,*,66.2,*,9.9,,0,I,9999.9,0,999.9,,999.9,0,83.1,8,999.9,0,3,8
67561099999,"NDOLA SIMON MWANSA KAWEPEWE INTERNATIONAL, ZA",-12.9833333,28.65,1270.1,9/14/2016,43.2,5,0,,22,,87.8,*,75.2,*,15.9,,0,I,9999.9,0,999.9,,999.9,0,84.6,5,999.9,0,7.6,5
67561099999,"NDOLA SIMON MWANSA KAWEPEWE INTERNATIONAL, ZA",-12.9833333,28.65,1270.1,9/15/2016,42.9,9,0,,999.9,,89.6,*,55.6, ,11.1,,0,I,9999.9,0,999.9,,999.9,0,80.7,10,5.2,5,3,10
67561099999,"NDOLA SIMON MWANSA KAWEPEWE INTERNATIONAL, ZA",-12.9833333,28.65,1270.1,9/16/2016,48.5,7,0,,999.9,,89.6,*,68,*,5.1,,0,I,9999.9,0,999.9,,999.9,0,81.4,7,5.6,7,1.4,7
67561099999,"NDOLA SIMON MWANSA KAWEPEWE INTERNATIONAL, ZA",-12.9833333,28.65,1270.1,9/19/2016,38.3,4,0,,999.9,,89.6,*,86,*,15,,0,I,9999.9,0,999.9,,999.9,0,88.2,4,999.9,0,11.5,4
67561099999,"NDOLA SIMON MWANSA KAWEPEWE INTERNATIONAL, ZA",-12.9833333,28.65,1270.1,9/20/2016,46.2,7,0,,22,,89.4, ,56.5, ,18.1,,0,I,9999.9,0,999.9,,999.9,0,78.5,7,999.9,0,10.7,7
67561099999,"NDOLA SIMON MWANSA KAWEPEWE INTERNATIONAL, ZA",-12.9833333,28.65,1270.1,9/24/2016,38.7,7,0,,999.9,,89.6,*,69.8,*,12,,0,I,9999.9,0,999.9,,999.9,0,85,7,999.9,0,6.4,7
67561099999,"NDOLA SIMON MWANSA KAWEPEWE INTERNATIONAL, ZA",-12.9833333,28.65,1270.1,9/25/2016,40.8,5,0,,999.9,,91.6, ,59.9, ,9.9,,0,I,9999.9,0,999.9,,999.9,0,86.2,5,999.9,0,7.4,5
67561099999,"NDOLA SIMON MWANSA KAWEPEWE INTERNATIONAL, ZA",-12.9833333,28.65,1270.1,9/26/2016,46.4,4,0,,999.9,,84.2,*,75.2,*,15.9,,0,I,9999.9,0,999.9,,999.9,0,80.1,4,5.6,4,13.7,4
67561099999,"NDOLA SIMON MWANSA KAWEPEWE INTERNATIONAL, ZA",-12.9833333,28.65,1270.1,9/27/2016,42.8,4,0,,999.9,,87.8,*,82.4,*,9.9,,0,I,9999.9,0,999.9,,999.9,0,86,4,999.9,0,4.5,4
67561099999,"NDOLA SIMON MWANSA KAWEPEWE INTERNATIONAL, ZA",-12.9833333,28.65,1270.1,9/30/2016,45.7,5,0,,999.9,,93.2,*,68,*,7,,0,I,9999.9,0,999.9,,999.9,0,85.3,5,999.9,0,5.8,5
67561099999,"NDOLA SIMON MWANSA KAWEPEWE INTERNATIONAL, ZA",-12.9833333,28.65,1270.1,10/3/2016,46.9,10,0,,999.9,,87.8,*,68,*,9.9,,0,I,9999.9,0,999.9,,999.9,0,82.2,10,999.9,0,3.9,10
67561099999,"NDOLA SIMON MWANSA KAWEPEWE INTERNATIONAL, ZA",-12.9833333,28.65,1270.1,10/4/2016,56.5,5,0,,999.9,,71.6,*,62.6,*,6,,0,I,9999.9,0,999.9,,999.9,0,66.6,5,999.9,0,2.8,5
67561099999,"NDOLA SIMON MWANSA KAWEPEWE INTERNATIONAL, ZA",-12.9833333,28.65,1270.1,10/5/2016,54.5,4,0,,999.9,,86,*,73.4,*,8,,0,I,9999.9,0,999.9,,999.9,0,79.7,4,999.9,0,3.3,4
67561099999,"NDOLA SIMON MWANSA KAWEPEWE INTERNATIONAL, ZA",-12.9833333,28.65,1270.1,10/6/2016,47.8,8,0,,999.9,,91.4,*,58.8, ,8.9,,0,I,9999.9,0,999.9,,999.9,0,84.8,8,999.9,0,3.9,8
67561099999,"NDOLA SIMON MWANSA KAWEPEWE INTERNATIONAL, ZA",-12.9833333,28.65,1270.1,10/7/2016,46.6,10,0,,999.9,,95,*,72.9,*,12,,0,I,9999.9,0,999.9,,999.9,0,88.6,10,999.9,0,4.4,10
67561099999,"NDOLA SIMON MWANSA KAWEPEWE INTERNATIONAL, ZA",-12.9833333,28.65,1270.1,10/8/2016,44.8,8,0,,999.9,,93.2,*,66.2,*,7,,0,I,9999.9,0,999.9,,999.9,0,84.4,8,5.6,4,1.5,8
67561099999,"NDOLA SIMON MWANSA KAWEPEWE INTERNATIONAL, ZA",-12.9833333,28.65,1270.1,10/9/2016,47.2,7,0,,999.9,,93.2,*,78.8,*,11.1,,0,I,9999.9,0,999.9,,999.9,0,87.8,7,999.9,0,6.6,7
67561099999,"NDOLA SIMON MWANSA KAWEPEWE INTERNATIONAL, ZA",-12.9833333,28.65,1270.1,10/12/2016,47.8,8,0,,999.9,,94.3, ,60.6, ,13,,0,I,9999.9,0,999.9,,999.9,0,83.8,8,999.9,0,7.9,8
67561099999,"NDOLA SIMON MWANSA KAWEPEWE INTERNATIONAL, ZA",-12.9833333,28.65,1270.1,10/13/2016,47.8,5,0,,999.9,,91.4,*,69.8,*,14,,0,I,9999.9,0,999.9,,999.9,0,84.2,5,999.9,0,8.8,5
67561099999,"NDOLA SIMON MWANSA KAWEPEWE INTERNATIONAL, ZA",-12.9833333,28.65,1270.1,11/19/2016,60.2,6,0,,999.9,,87.8,*,66.2,*,8,,0,I,9999.9,0,999.9,,999.9,0,80.6,6,6.1,5,5.8,6
67561099999,"NDOLA SIMON MWANSA KAWEPEWE INTERNATIONAL, ZA",-12.9833333,28.65,1270.1,11/22/2016,62.3,8,10,,999.9,,87.8,*,66.2,*,11.1,,0.24,G,9999.9,0,999.9,,999.9,0,80.9,8,6.2,7,4.2,8
67561099999,"NDOLA SIMON MWANSA KAWEPEWE INTERNATIONAL, ZA",-12.9833333,28.65,1270.1,11/23/2016,64.1,6,0,,999.9,,82.4,*,71.6,*,12,,0,G,9999.9,0,999.9,,999.9,0,77.9,6,6.2,5,7.2,6
67561099999,"NDOLA SIMON MWANSA KAWEPEWE INTERNATIONAL, ZA",-12.9833333,28.65,1270.1,11/24/2016,63.4,10,10000,,999.9,,84.9, ,64.2, ,7,,0.35,G,9999.9,0,999.9,,999.9,0,75.6,10,7.3,10,3.4,10
67561099999,"NDOLA SIMON MWANSA KAWEPEWE INTERNATIONAL, ZA",-12.9833333,28.65,1270.1,11/25/2016,63.3,12,100000,,999.9,,87.8,*,63.9, ,8,,0,G,9999.9,0,999.9,,999.9,0,80.5,12,6,12,2.8,12
67561099999,"NDOLA SIMON MWANSA KAWEPEWE INTERNATIONAL, ZA",-12.9833333,28.65,1270.1,11/28/2016,65.2,8,10000,,999.9,,83.8, ,62.4, ,5.1,,2.13,G,9999.9,0,999.9,,999.9,0,70.6,8,5.8,8,1.4,8
67561099999,"NDOLA SIMON MWANSA KAWEPEWE INTERNATIONAL, ZA",-12.9833333,28.65,1270.1,11/29/2016,64.5,6,0,,999.9,,82.4,*,66, ,8,,0,G,9999.9,0,999.9,,999.9,0,75.1,6,6.2,4,3,6
67561099999,"NDOLA SIMON MWANSA KAWEPEWE INTERNATIONAL, ZA",-12.9833333,28.65,1270.1,11/30/2016,66.4,12,10,,999.9,,85.3, ,68,*,11.1,,0.04,G,9999.9,0,999.9,,999.9,0,76.6,12,6.7,12,4.3,12
67561099999,"NDOLA SIMON MWANSA KAWEPEWE INTERNATIONAL, ZA",-12.9833333,28.65,1270.1,12/1/2016,66.1,10,110010,,999.9,,82.6, ,63.3, ,7,,0,G,9999.9,0,999.9,,999.9,0,76.1,10,6,10,3.8,10
67561099999,"NDOLA SIMON MWANSA KAWEPEWE INTERNATIONAL, ZA",-12.9833333,28.65,1270.1,12/3/2016,61.1,9,0,,999.9,,86,*,73.4,*,7,,0,I,9999.9,0,999.9,,999.9,0,81.1,9,7.8,8,5,9
67561099999,"NDOLA SIMON MWANSA KAWEPEWE INTERNATIONAL, ZA",-12.9833333,28.65,1270.1,12/4/2016,63.9,7,0,,999.9,,80.6,*,66.2,*,8.9,,0,I,9999.9,0,999.9,,999.9,0,72.9,7,999.9,0,2.7,7
67561099999,"NDOLA SIMON MWANSA KAWEPEWE INTERNATIONAL, ZA",-12.9833333,28.65,1270.1,12/5/2016,63.3,12,10010,,999.9,,87.1, ,63.9, ,8.9,,0.04,G,9999.9,0,999.9,,999.9,0,78,12,6.2,10,4.2,12
67561099999,"NDOLA SIMON MWANSA KAWEPEWE INTERNATIONAL, ZA",-12.9833333,28.65,1270.1,12/6/2016,64.4,9,10010,,999.9,,87.6, ,64.9, ,17.1,,0.24,G,9999.9,0,999.9,,999.9,0,74.5,9,6.9,9,3.3,9
67561099999,"NDOLA SIMON MWANSA KAWEPEWE INTERNATIONAL, ZA",-12.9833333,28.65,1270.1,12/7/2016,62.3,12,0,,999.9,,78.8,*,64.4,*,6,,0,G,9999.9,0,999.9,,999.9,0,72.5,12,7.8,12,4.1,12
67561099999,"NDOLA SIMON MWANSA KAWEPEWE INTERNATIONAL, ZA",-12.9833333,28.65,1270.1,12/8/2016,65.1,10,10010,,999.9,,80.2, ,64.8, ,9.9,,99.99, ,9999.9,0,999.9,,999.9,0,68.8,10,7.1,10,5,10
67561099999,"NDOLA SIMON MWANSA KAWEPEWE INTERNATIONAL, ZA",-12.9833333,28.65,1270.1,12/9/2016,65.4,7,10,,999.9,,75.2,*,64, ,5.1,,0.08,G,9999.9,0,999.9,,999.9,0,71,7,7.1,7,3.2,7
67561099999,"NDOLA SIMON MWANSA KAWEPEWE INTERNATIONAL, ZA",-12.9833333,28.65,1270.1,12/10/2016,63.6,11,10010,,999.9,,78.8,*,66.2,*,8.9,,0,G,9999.9,0,999.9,,999.9,0,72.9,11,6.2,11,4.1,11
67561099999,"NDOLA SIMON MWANSA KAWEPEWE INTERNATIONAL, ZA",-12.9833333,28.65,1270.1,12/11/2016,63.2,12,110010,,999.9,,80.6,*,64, ,12,,0.16,G,9999.9,0,999.9,,999.9,0,75.7,12,6.1,11,3.3,12
67561099999,"NDOLA SIMON MWANSA KAWEPEWE INTERNATIONAL, ZA",-12.9833333,28.65,1270.1,12/12/2016,64.1,12,10,,999.9,,84.2,*,63.9, ,8,,0,G,9999.9,0,999.9,,999.9,0,79.4,12,6.8,11,6,12
67561099999,"NDOLA SIMON MWANSA KAWEPEWE INTERNATIONAL, ZA",-12.9833333,28.65,1270.1,12/13/2016,64.9,7,10010,,999.9,,82.2, ,64.2, ,9.9,,0,G,9999.9,0,999.9,,999.9,0,69.2,7,7.5,5,3.2,7
67561099999,"NDOLA SIMON MWANSA KAWEPEWE INTERNATIONAL, ZA",-12.9833333,28.65,1270.1,12/14/2016,62.1,9,0,,999.9,,80.6,*,63.3, ,7,,0.35,G,9999.9,0,999.9,,999.9,0,73.2,9,7.2,9,4.3,9
67561099999,"NDOLA SIMON MWANSA KAWEPEWE INTERNATIONAL, ZA",-12.9833333,28.65,1270.1,12/15/2016,65.6,11,10,,999.9,,82.4,*,63, ,6,,0.39,G,9999.9,0,999.9,,999.9,0,73.3,11,7.4,8,2.5,11
67561099999,"NDOLA SIMON MWANSA KAWEPEWE INTERNATIONAL, ZA",-12.9833333,28.65,1270.1,12/16/2016,65.8,11,10010,,999.9,,82.4, ,64.2, ,12,,0,G,9999.9,0,999.9,,999.9,0,74.7,11,6.6,9,3.7,11
67561099999,"NDOLA SIMON MWANSA KAWEPEWE INTERNATIONAL, ZA",-12.9833333,28.65,1270.1,12/17/2016,66.1,10,0,,999.9,,82.4,*,66.2,*,6,,0,I,9999.9,0,999.9,,999.9,0,75.7,10,6,10,2.4,10
67561099999,"NDOLA SIMON MWANSA KAWEPEWE INTERNATIONAL, ZA",-12.9833333,28.65,1270.1,12/18/2016,65.8,9,0,,999.9,,78.8,*,68,*,2.9,,0,I,9999.9,0,999.9,,999.9,0,71.6,9,6.2,8,1.7,9
67561099999,"NDOLA SIMON MWANSA KAWEPEWE INTERNATIONAL, ZA",-12.9833333,28.65,1270.1,12/19/2016,66.1,5,10010,,999.9,,81.3, ,65.5, ,4.1,,0,G,9999.9,0,999.9,,999.9,0,69.4,5,6.2,5,2.8,5
67561099999,"NDOLA SIMON MWANSA KAWEPEWE INTERNATIONAL, ZA",-12.9833333,28.65,1270.1,12/20/2016,65.8,12,0,,999.9,,80.6,*,66, ,9.9,,0.55,G,9999.9,0,999.9,,999.9,0,76.3,12,6.5,12,4.7,12
67561099999,"NDOLA SIMON MWANSA KAWEPEWE INTERNATIONAL, ZA",-12.9833333,28.65,1270.1,12/21/2016,65.5,8,10010,,999.9,,81.5, ,64.4,*,8.9,,0.04,G,9999.9,0,999.9,,999.9,0,71.3,9,6.2,9,5.1,9
67561099999,"NDOLA SIMON MWANSA KAWEPEWE INTERNATIONAL, ZA",-12.9833333,28.65,1270.1,12/22/2016,64.2,12,100010,,999.9,,84.2,*,62.1, ,7,,0,G,9999.9,0,999.9,,999.9,0,75.8,12,5.8,9,1.7,12
67561099999,"NDOLA SIMON MWANSA KAWEPEWE INTERNATIONAL, ZA",-12.9833333,28.65,1270.1,12/23/2016,65.7,10,10,,999.9,,86,*,63.7, ,8.9,,0.08,G,9999.9,0,999.9,,999.9,0,80.8,10,6.8,9,4.3,10
67561099999,"NDOLA SIMON MWANSA KAWEPEWE INTERNATIONAL, ZA",-12.9833333,28.65,1270.1,12/24/2016,63.1,10,0,,999.9,,87.8,*,68,*,8.9,,0,G,9999.9,0,999.9,,999.9,0,81.9,10,6.1,5,4.5,10
67561099999,"NDOLA SIMON MWANSA KAWEPEWE INTERNATIONAL, ZA",-12.9833333,28.65,1270.1,12/25/2016,63.3,5,0,,999.9,,86,*,75.2,*,4.1,,0,I,9999.9,0,999.9,,999.9,0,80.2,5,999.9,0,3,5
67561099999,"NDOLA SIMON MWANSA KAWEPEWE INTERNATIONAL, ZA",-12.9833333,28.65,1270.1,12/26/2016,65,10,10010,,999.9,,89.1, ,63.7, ,11.1,,0.08,G,9999.9,0,999.9,,999.9,0,73.8,10,6.2,10,4.4,10
67561099999,"NDOLA SIMON MWANSA KAWEPEWE INTERNATIONAL, ZA",-12.9833333,28.65,1270.1,12/27/2016,67.1,4,0,,999.9,,71.6,*,69.8,*,999.9,,0,G,9999.9,0,999.9,,999.9,0,70.7,4,6.2,4,0,4
67561099999,"NDOLA SIMON MWANSA KAWEPEWE INTERNATIONAL, ZA",-12.9833333,28.65,1270.1,12/28/2016,65.3,8,10010,,999.9,,80.6,*,64.8, ,14,,0,G,9999.9,0,999.9,,999.9,0,73.9,8,6.2,8,5.5,8
67561099999,"NDOLA SIMON MWANSA KAWEPEWE INTERNATIONAL, ZA",-12.9833333,28.65,1270.1,12/29/2016,64.4,10,0,,999.9,,80.6,*,64.4,*,5.1,,0,I,9999.9,0,999.9,,999.9,0,74.8,10,6.2,10,2.3,10
67561099999,"NDOLA SIMON MWANSA KAWEPEWE INTERNATIONAL, ZA",-12.9833333,28.65,1270.1,12/30/2016,64.6,9,10,,999.9,,82.4,*,66.2,*,7,,0,I,9999.9,0,999.9,,999.9,0,75,9,6.2,9,4,9
67561099999,"NDOLA SIMON MWANSA KAWEPEWE INTERNATIONAL, ZA",-12.9833333,28.65,1270.1,1/2/2017,65.1,5,10010,,999.9,,78.8,*,66.2,*,7,,99.99, ,9999.9,0,999.9,,999.9,0,75.2,5,5.8,5,5.1,5
67561099999,"NDOLA SIMON MWANSA KAWEPEWE INTERNATIONAL, ZA",-12.9833333,28.65,1270.1,1/3/2017,64.2,8,0,,999.9,,80.6,*,64.4,*,6,,0,G,9999.9,0,999.9,,999.9,0,75.3,8,7.4,8,1.1,8
67561099999,"NDOLA SIMON MWANSA KAWEPEWE INTERNATIONAL, ZA",-12.9833333,28.65,1270.1,1/4/2017,64.9,11,10000,,999.9,,80.6,*,66.2,*,8.9,,99.99, ,9999.9,0,999.9,,999.9,0,75.7,11,6.2,11,6.6,11
67561099999,"NDOLA SIMON MWANSA KAWEPEWE INTERNATIONAL, ZA",-12.9833333,28.65,1270.1,1/5/2017,66.5,7,10010,,999.9,,81.3, ,69.8,*,5.1,,99.99, ,9999.9,0,999.9,,999.9,0,71.8,7,6.2,7,4,7
67561099999,"NDOLA SIMON MWANSA KAWEPEWE INTERNATIONAL, ZA",-12.9833333,28.65,1270.1,1/7/2017,65.1,8,0,,999.9,,80.6,*,66.2,*,6,,0,I,9999.9,0,999.9,,999.9,0,77,8,6.2,6,4.4,8
67561099999,"NDOLA SIMON MWANSA KAWEPEWE INTERNATIONAL, ZA",-12.9833333,28.65,1270.1,1/8/2017,67,7,10010,,999.9,,80.6,*,69.8,*,4.1,,99.99, ,9999.9,0,999.9,,999.9,0,74.9,7,6.1,7,2.5,7
67561099999,"NDOLA SIMON MWANSA KAWEPEWE INTERNATIONAL, ZA",-12.9833333,28.65,1270.1,1/9/2017,64.2,10,10000,,999.9,,81, ,64.4,*,7,,0.08,G,9999.9,0,999.9,,999.9,0,71.9,10,7.1,10,3.8,10
67561099999,"NDOLA SIMON MWANSA KAWEPEWE INTERNATIONAL, ZA",-12.9833333,28.65,1270.1,1/10/2017,65.7,11,10010,,999.9,,82.4,*,66.2,*,8.9,,0,G,9999.9,0,999.9,,999.9,0,74.4,11,7.3,10,5.3,11
67561099999,"NDOLA SIMON MWANSA KAWEPEWE INTERNATIONAL, ZA",-12.9833333,28.65,1270.1,1/11/2017,67,7,110010,,999.9,,83.3, ,68,*,9.9,,0.2,G,9999.9,0,999.9,,999.9,0,71.8,7,6.9,7,2.9,7
67561099999,"NDOLA SIMON MWANSA KAWEPEWE INTERNATIONAL, ZA",-12.9833333,28.65,1270.1,1/12/2017,66.6,6,10010,,999.9,,70.5,*,68,*,8.9,,0,G,9999.9,0,999.9,,999.9,0,69.6,6,5.2,6,3.3,6
67561099999,"NDOLA SIMON MWANSA KAWEPEWE INTERNATIONAL, ZA",-12.9833333,28.65,1270.1,1/13/2017,66.5,7,0,,999.9,,78.8,*,65.7,*,8.9,,0.47,G,9999.9,0,999.9,,999.9,0,74.1,7,6.2,7,5.7,7
67561099999,"NDOLA SIMON MWANSA KAWEPEWE INTERNATIONAL, ZA",-12.9833333,28.65,1270.1,1/14/2017,65.8,8,10010,,999.9,,78.8,*,68,*,8.9,,0,G,9999.9,0,999.9,,999.9,0,73.6,8,6.2,8,5.4,8
67561099999,"NDOLA SIMON MWANSA KAWEPEWE INTERNATIONAL, ZA",-12.9833333,28.65,1270.1,1/15/2017,65.8,9,10010,,999.9,,78.8,*,66.2,*,15,,99.99, ,9999.9,0,999.9,,999.9,0,73.4,9,6,8,7.8,9
67561099999,"NDOLA SIMON MWANSA KAWEPEWE INTERNATIONAL, ZA",-12.9833333,28.65,1270.1,1/17/2017,65.3,5,0,,999.9,,77,*,64.4,*,6,,0.08,G,9999.9,0,999.9,,999.9,0,72,5,6.2,4,4.2,5
67561099999,"NDOLA SIMON MWANSA KAWEPEWE INTERNATIONAL, ZA",-12.9833333,28.65,1270.1,1/18/2017,64.4,10,10000,,999.9,,82, ,64.4,*,9.9,,0.87,G,9999.9,0,999.9,,999.9,0,72.4,10,6.1,10,6.5,10
67561099999,"NDOLA SIMON MWANSA KAWEPEWE INTERNATIONAL, ZA",-12.9833333,28.65,1270.1,1/20/2017,63.4,7,10010,,999.9,,78.8,*,69.8,*,14,,99.99, ,9999.9,0,999.9,,999.9,0,74.4,7,6.2,4,7,7
67561099999,"NDOLA SIMON MWANSA KAWEPEWE INTERNATIONAL, ZA",-12.9833333,28.65,1270.1,1/21/2017,64.1,12,10000,,999.9,,82.4,*,64.4,*,8.9,,0.24,G,9999.9,0,999.9,,999.9,0,76.5,12,7.6,9,6.2,12
67561099999,"NDOLA SIMON MWANSA KAWEPEWE INTERNATIONAL, ZA",-12.9833333,28.65,1270.1,1/22/2017,63.2,6,10010,,999.9,,75.2,*,62.6,*,8,,0,G,9999.9,0,999.9,,999.9,0,66.5,6,5.7,6,5.2,6
67561099999,"NDOLA SIMON MWANSA KAWEPEWE INTERNATIONAL, ZA",-12.9833333,28.65,1270.1,1/24/2017,65.1,5,0,,999.9,,80.6,*,73.4,*,11.1,,0,I,9999.9,0,999.9,,999.9,0,78.4,5,6.2,5,3.2,5
67561099999,"NDOLA SIMON MWANSA KAWEPEWE INTERNATIONAL, ZA",-12.9833333,28.65,1270.1,1/25/2017,65.3,6,10000,,999.9,,75.2,*,64.4,*,8,,99.99, ,9999.9,0,999.9,,999.9,0,71,6,6.2,6,5.8,6
67561099999,"NDOLA SIMON MWANSA KAWEPEWE INTERNATIONAL, ZA",-12.9833333,28.65,1270.1,1/26/2017,66.5,4,10,,999.9,,75.2, ,68.9,*,5.1,,0,G,9999.9,0,999.9,,999.9,0,73.6,4,6.2,4,1.3,4
67561099999,"NDOLA SIMON MWANSA KAWEPEWE INTERNATIONAL, ZA",-12.9833333,28.65,1270.1,1/28/2017,63.1,9,10000,,999.9,,83.5, ,62.6,*,6,,0.91,G,9999.9,0,999.9,,999.9,0,70.5,9,6.2,6,3,9
67561099999,"NDOLA SIMON MWANSA KAWEPEWE INTERNATIONAL, ZA",-12.9833333,28.65,1270.1,1/29/2017,65.7,4,100000,,999.9,,86,*,69.3,*,5.1,,0,G,9999.9,0,999.9,,999.9,0,80.6,4,8.5,4,4.8,4
67561099999,"NDOLA SIMON MWANSA KAWEPEWE INTERNATIONAL, ZA",-12.9833333,28.65,1270.1,1/31/2017,66.5,6,10010,,999.9,,77,*,66.2,*,6,,0.24,G,9999.9,0,999.9,,999.9,0,71.5,6,9.3,6,3.7,6
67561099999,"NDOLA SIMON MWANSA KAWEPEWE INTERNATIONAL, ZA",-12.9833333,28.65,1270.1,2/1/2017,65.9,6,10,,999.9,,77,*,66.2,*,6,,0,G,9999.9,0,999.9,,999.9,0,72.5,6,6.2,6,4.9,6
67561099999,"NDOLA SIMON MWANSA KAWEPEWE INTERNATIONAL, ZA",-12.9833333,28.65,1270.1,2/2/2017,64.8,7,0,,999.9,,78.8,*,68,*,12,,0,I,9999.9,0,999.9,,999.9,0,73.2,7,7.5,7,4.9,7
67561099999,"NDOLA SIMON MWANSA KAWEPEWE INTERNATIONAL, ZA",-12.9833333,28.65,1270.1,2/3/2017,65.8,4,0,,999.9,,75.2,*,73.4,*,5.1,,0,I,9999.9,0,999.9,,999.9,0,73.8,4,6.2,4,4,4
67561099999,"NDOLA SIMON MWANSA KAWEPEWE INTERNATIONAL, ZA",-12.9833333,28.65,1270.1,2/4/2017,67.5,7,10010,,999.9,,71.6,*,68,*,6,,99.99, ,9999.9,0,999.9,,999.9,0,70.1,7,5.7,7,3.4,7
67561099999,"NDOLA SIMON MWANSA KAWEPEWE INTERNATIONAL, ZA",-12.9833333,28.65,1270.1,2/5/2017,65.5,10,0,,999.9,,75.2,*,68,*,9.9,,0,I,9999.9,0,999.9,,999.9,0,72.3,10,6.2,10,6.8,10
67561099999,"NDOLA SIMON MWANSA KAWEPEWE INTERNATIONAL, ZA",-12.9833333,28.65,1270.1,2/6/2017,66,6,100000,,999.9,,84.2,*,66.2,*,6,,0,G,9999.9,0,999.9,,999.9,0,76.1,6,6,6,3.3,6
67561099999,"NDOLA SIMON MWANSA KAWEPEWE INTERNATIONAL, ZA",-12.9833333,28.65,1270.1,2/7/2017,66.8,10,0,,999.9,,84, ,66.2,*,6,,0,I,9999.9,0,999.9,,999.9,0,74.7,10,6.8,10,3.7,10
67561099999,"NDOLA SIMON MWANSA KAWEPEWE INTERNATIONAL, ZA",-12.9833333,28.65,1270.1,2/8/2017,67,7,10010,,999.9,,78.8,*,66.2,*,13,,99.99, ,9999.9,0,999.9,,999.9,0,71.9,7,5.8,7,4.2,7
67561099999,"NDOLA SIMON MWANSA KAWEPEWE INTERNATIONAL, ZA",-12.9833333,28.65,1270.1,2/9/2017,67.1,8,10,,999.9,,82.4,*,66.2,*,7,,2.99,G,9999.9,0,999.9,,999.9,0,76.8,8,7,8,3.9,8
67561099999,"NDOLA SIMON MWANSA KAWEPEWE INTERNATIONAL, ZA",-12.9833333,28.65,1270.1,2/10/2017,66.8,11,10010,,999.9,,83.5, ,68.7,*,8,,0.24,G,9999.9,0,999.9,,999.9,0,76.4,11,7.3,11,4.8,11
67561099999,"NDOLA SIMON MWANSA KAWEPEWE INTERNATIONAL, ZA",-12.9833333,28.65,1270.1,2/11/2017,66.5,7,10,,999.9,,82.4,*,71.6,*,7,,0,G,9999.9,0,999.9,,999.9,0,75.5,7,6.2,7,3.9,7
67561099999,"NDOLA SIMON MWANSA KAWEPEWE INTERNATIONAL, ZA",-12.9833333,28.65,1270.1,2/12/2017,66.6,10,10010,,999.9,,80.6,*,68,*,7,,99.99, ,9999.9,0,999.9,,999.9,0,73.9,10,6.2,10,3.5,10
67561099999,"NDOLA SIMON MWANSA KAWEPEWE INTERNATIONAL, ZA",-12.9833333,28.65,1270.1,2/13/2017,66.4,10,10000,,999.9,,84.2,*,64.4,*,8,,99.99, ,9999.9,0,999.9,,999.9,0,77,10,6.1,10,4.9,10
67561099999,"NDOLA SIMON MWANSA KAWEPEWE INTERNATIONAL, ZA",-12.9833333,28.65,1270.1,2/14/2017,66.6,10,0,,999.9,,86,*,66.2,*,4.1,,0,I,9999.9,0,999.9,,999.9,0,78.1,10,6.2,8,2.5,10
67561099999,"NDOLA SIMON MWANSA KAWEPEWE INTERNATIONAL, ZA",-12.9833333,28.65,1270.1,2/15/2017,66.4,11,10010,,999.9,,88, ,64, ,8,,0.75,G,9999.9,0,999.9,,999.9,0,76,11,7.1,10,2.8,11
67561099999,"NDOLA SIMON MWANSA KAWEPEWE INTERNATIONAL, ZA",-12.9833333,28.65,1270.1,2/16/2017,65,7,0,,999.9,,84, ,63.7, ,9.9,,0,G,9999.9,0,999.9,,999.9,0,74.2,7,6.2,7,7.3,7
67561099999,"NDOLA SIMON MWANSA KAWEPEWE INTERNATIONAL, ZA",-12.9833333,28.65,1270.1,2/17/2017,63.3,10,0,,999.9,,77.4, ,63.3, ,8,,0.08,G,9999.9,0,999.9,,999.9,0,74,10,8.4,10,5,10
67561099999,"NDOLA SIMON MWANSA KAWEPEWE INTERNATIONAL, ZA",-12.9833333,28.65,1270.1,2/18/2017,62.5,12,10010,,999.9,,84.2,*,64.4,*,8.9,,0,G,9999.9,0,999.9,,999.9,0,75.7,12,6,9,3.7,12
67561099999,"NDOLA SIMON MWANSA KAWEPEWE INTERNATIONAL, ZA",-12.9833333,28.65,1270.1,2/19/2017,64.6,9,10010,,999.9,,82.4,*,66.2,*,7,,99.99, ,9999.9,0,999.9,,999.9,0,73.4,9,6.2,7,3.1,9
67561099999,"NDOLA SIMON MWANSA KAWEPEWE INTERNATIONAL, ZA",-12.9833333,28.65,1270.1,2/20/2017,65.2,7,10,,999.9,,85.3, ,63.5, ,8.9,,0.04,G,9999.9,0,999.9,,999.9,0,75.5,7,6.2,7,3.6,7
67561099999,"NDOLA SIMON MWANSA KAWEPEWE INTERNATIONAL, ZA",-12.9833333,28.65,1270.1,2/21/2017,63.9,7,10000,,999.9,,75.2,*,64.4,*,11.1,,0,G,9999.9,0,999.9,,999.9,0,70.1,7,6.2,7,7.3,7
67561099999,"NDOLA SIMON MWANSA KAWEPEWE INTERNATIONAL, ZA",-12.9833333,28.65,1270.1,2/22/2017,64.6,10,10,,999.9,,80.6,*,63.5, ,14,,0.08,G,9999.9,0,999.9,,999.9,0,75.4,10,6.2,10,6.2,10
67561099999,"NDOLA SIMON MWANSA KAWEPEWE INTERNATIONAL, ZA",-12.9833333,28.65,1270.1,2/23/2017,65.2,12,10010,,999.9,,81.3, ,64.2, ,7,,0.04,G,9999.9,0,999.9,,999.9,0,69.4,12,6.2,12,4,12
67561099999,"NDOLA SIMON MWANSA KAWEPEWE INTERNATIONAL, ZA",-12.9833333,28.65,1270.1,2/24/2017,65.1,10,10010,,999.9,,82.4,*,68,*,8,,0,G,9999.9,0,999.9,,999.9,0,75.2,10,5.9,10,4.4,10
67561099999,"NDOLA SIMON MWANSA KAWEPEWE INTERNATIONAL, ZA",-12.9833333,28.65,1270.1,2/25/2017,66.8,9,110010,,999.9,,82.2, ,63.3, ,6,,99.99, ,9999.9,0,999.9,,999.9,0,72.2,9,6.8,9,3.7,9
67561099999,"NDOLA SIMON MWANSA KAWEPEWE INTERNATIONAL, ZA",-12.9833333,28.65,1270.1,2/26/2017,64.4,4,0,,999.9,,71.6,*,68,*,8.9,,0,I,9999.9,0,999.9,,999.9,0,69.8,4,6.2,4,5.2,4
67561099999,"NDOLA SIMON MWANSA KAWEPEWE INTERNATIONAL, ZA",-12.9833333,28.65,1270.1,2/27/2017,65.7,5,100000,,999.9,,78.8,*,63.3, ,6,,0,G,9999.9,0,999.9,,999.9,0,74.4,5,6.2,5,4.8,5
67561099999,"NDOLA SIMON MWANSA KAWEPEWE INTERNATIONAL, ZA",-12.9833333,28.65,1270.1,3/2/2017,65.5,11,10010,,999.9,,79.5,*,63.1, ,8,,0.31,G,9999.9,0,999.9,,999.9,0,71.1,12,6.9,12,4.5,11
67561099999,"NDOLA SIMON MWANSA KAWEPEWE INTERNATIONAL, ZA",-12.9833333,28.65,1270.1,3/3/2017,64.7,10,10000,,999.9,,81.5, ,63.1, ,8.9,,1.18,G,9999.9,0,999.9,,999.9,0,71.9,10,5.9,10,6.6,10
67561099999,"NDOLA SIMON MWANSA KAWEPEWE INTERNATIONAL, ZA",-12.9833333,28.65,1270.1,3/4/2017,65.8,9,0,,999.9,,80.6,*,68,*,11.1,,0,G,9999.9,0,999.9,,999.9,0,75.4,9,6.2,9,6.8,9
67561099999,"NDOLA SIMON MWANSA KAWEPEWE INTERNATIONAL, ZA",-12.9833333,28.65,1270.1,3/5/2017,66.4,10,10,,999.9,,80.6,*,68,*,8,,0,I,9999.9,0,999.9,,999.9,0,74.7,10,6.2,10,5.5,10
67561099999,"NDOLA SIMON MWANSA KAWEPEWE INTERNATIONAL, ZA",-12.9833333,28.65,1270.1,3/6/2017,66.4,11,100000,,999.9,,80.2, ,64.2, ,7,,0,G,9999.9,0,999.9,,999.9,0,75.2,11,6.9,11,4.4,11
67561099999,"NDOLA SIMON MWANSA KAWEPEWE INTERNATIONAL, ZA",-12.9833333,28.65,1270.1,3/7/2017,64.2,9,0,,999.9,,78.8,*,68,*,6,,0,I,9999.9,0,999.9,,999.9,0,73.8,9,6.2,9,4.3,9
67561099999,"NDOLA SIMON MWANSA KAWEPEWE INTERNATIONAL, ZA",-12.9833333,28.65,1270.1,3/9/2017,66.2,10,10010,,999.9,,80.6,*,66.2,*,8.9,,99.99, ,9999.9,0,999.9,,999.9,0,72.1,10,6,10,4.4,10
67561099999,"NDOLA SIMON MWANSA KAWEPEWE INTERNATIONAL, ZA",-12.9833333,28.65,1270.1,3/10/2017,64.9,7,10000,,999.9,,75.2,*,64.4,*,8,,99.99, ,9999.9,0,999.9,,999.9,0,70.1,7,6.2,7,5.2,7
67561099999,"NDOLA SIMON MWANSA KAWEPEWE INTERNATIONAL, ZA",-12.9833333,28.65,1270.1,3/11/2017,64.7,7,10000,,999.9,,77,*,66.2,*,6,,99.99, ,9999.9,0,999.9,,999.9,0,72.1,7,6.2,7,3.6,7
67561099999,"NDOLA SIMON MWANSA KAWEPEWE INTERNATIONAL, ZA",-12.9833333,28.65,1270.1,3/12/2017,66.2,7,10,,999.9,,80.6,*,64.4,*,7,,0,I,9999.9,0,999.9,,999.9,0,73.1,7,6.2,7,3.1,7
67561099999,"NDOLA SIMON MWANSA KAWEPEWE INTERNATIONAL, ZA",-12.9833333,28.65,1270.1,3/14/2017,59.2,7,0,,999.9,,79.5, ,55.2, ,9.9,,0,I,9999.9,0,999.9,,999.9,0,69.1,7,8.1,5,5.4,7
67561099999,"NDOLA SIMON MWANSA KAWEPEWE INTERNATIONAL, ZA",-12.9833333,28.65,1270.1,3/15/2017,60.8,12,0,,999.9,,80.6,*,54.9, ,7,,0,I,9999.9,0,999.9,,999.9,0,74.6,12,7.1,7,3.1,12
67561099999,"NDOLA SIMON MWANSA KAWEPEWE INTERNATIONAL, ZA",-12.9833333,28.65,1270.1,3/16/2017,61.5,9,0,,999.9,,82.4,*,59, ,7,,0,I,9999.9,0,999.9,,999.9,0,77.2,9,6,5,3.9,9
67561099999,"NDOLA SIMON MWANSA KAWEPEWE INTERNATIONAL, ZA",-12.9833333,28.65,1270.1,3/18/2017,59.1,12,0,,999.9,,78.8,*,55.4,*,9.9,,0,I,9999.9,0,999.9,,999.9,0,71.6,12,6.2,9,4.8,12
67561099999,"NDOLA SIMON MWANSA KAWEPEWE INTERNATIONAL, ZA",-12.9833333,28.65,1270.1,3/19/2017,59.2,12,0,,999.9,,80.6,*,64.4,*,14,,0,I,9999.9,0,999.9,,999.9,0,76.4,12,6.2,7,7.5,12
67561099999,"NDOLA SIMON MWANSA KAWEPEWE INTERNATIONAL, ZA",-12.9833333,28.65,1270.1,3/20/2017,62.4,8,0,,999.9,,82.8, ,62.8, ,11.1,,0,I,9999.9,0,999.9,,999.9,0,72.5,8,7.5,7,7.8,8
67561099999,"NDOLA SIMON MWANSA KAWEPEWE INTERNATIONAL, ZA",-12.9833333,28.65,1270.1,3/21/2017,63.9,10,10000,,999.9,,78.8,*,60.8, ,9.9,,0,G,9999.9,0,999.9,,999.9,0,73.3,10,6.5,10,5.6,10
67561099999,"NDOLA SIMON MWANSA KAWEPEWE INTERNATIONAL, ZA",-12.9833333,28.65,1270.1,3/22/2017,64.5,13,0,,999.9,,84.2,*,62.6,*,9.9,,0,I,9999.9,0,999.9,,999.9,0,77.1,13,6.2,12,5.8,13
67561099999,"NDOLA SIMON MWANSA KAWEPEWE INTERNATIONAL, ZA",-12.9833333,28.65,1270.1,3/23/2017,65.2,11,0,,999.9,,82.4,*,66.2,*,8,,0,I,9999.9,0,999.9,,999.9,0,75.4,11,6.2,9,4.5,11
67561099999,"NDOLA SIMON MWANSA KAWEPEWE INTERNATIONAL, ZA",-12.9833333,28.65,1270.1,3/24/2017,64.3,8,0,,999.9,,82.6, ,66.2,*,8.9,,0,I,9999.9,0,999.9,,999.9,0,71.2,8,6.2,8,6,8
67561099999,"NDOLA SIMON MWANSA KAWEPEWE INTERNATIONAL, ZA",-12.9833333,28.65,1270.1,3/26/2017,65.8,8,10010,,999.9,,77,*,68,*,11.1,,99.99, ,9999.9,0,999.9,,999.9,0,73.2,8,6.2,8,5.1,8
67561099999,"NDOLA SIMON MWANSA KAWEPEWE INTERNATIONAL, ZA",-12.9833333,28.65,1270.1,3/27/2017,63.8,10,100000,,999.9,,79.5, ,60.8, ,9.9,,0.28,G,9999.9,0,999.9,,999.9,0,72.4,10,7.1,10,6.7,10
67561099999,"NDOLA SIMON MWANSA KAWEPEWE INTERNATIONAL, ZA",-12.9833333,28.65,1270.1,3/28/2017,64.3,9,10010,,999.9,,80.6,*,61, ,13,,0.04,G,9999.9,0,999.9,,999.9,0,73.3,9,6.8,9,9,9
67561099999,"NDOLA SIMON MWANSA KAWEPEWE INTERNATIONAL, ZA",-12.9833333,28.65,1270.1,4/12/2017,61.7,8,0,,999.9,,82.4,*,73.4,*,11.1,,0,G,9999.9,0,999.9,,999.9,0,79,8,6.2,8,6.3,8
67561099999,"NDOLA SIMON MWANSA KAWEPEWE INTERNATIONAL, ZA",-12.9833333,28.65,1270.1,4/13/2017,63,7,0,,999.9,,84.2,*,58.5, ,8,,0,I,9999.9,0,999.9,,999.9,0,77.3,7,6.2,6,5.1,7
67561099999,"NDOLA SIMON MWANSA KAWEPEWE INTERNATIONAL, ZA",-12.9833333,28.65,1270.1,4/14/2017,64.4,11,10,,999.9,,84.4, ,59.7, ,9.9,,0,I,9999.9,0,999.9,,999.9,0,78.4,11,7.2,9,5.6,11
67561099999,"NDOLA SIMON MWANSA KAWEPEWE INTERNATIONAL, ZA",-12.9833333,28.65,1270.1,4/15/2017,64.2,9,0,,999.9,,84.2,*,66.2,*,8.9,,0,I,9999.9,0,999.9,,999.9,0,73,9,6.2,5,5.1,9
67561099999,"NDOLA SIMON MWANSA KAWEPEWE INTERNATIONAL, ZA",-12.9833333,28.65,1270.1,4/17/2017,62.8,8,10000,,999.9,,78.8,*,64.4,*,7,,99.99, ,9999.9,0,999.9,,999.9,0,72.1,8,6.2,8,4.6,8
67561099999,"NDOLA SIMON MWANSA KAWEPEWE INTERNATIONAL, ZA",-12.9833333,28.65,1270.1,4/18/2017,62.7,6,0,,999.9,,79.9, ,61.7, ,4.1,,1.46,G,9999.9,0,999.9,,999.9,0,69.4,6,6.2,6,1.8,6
67561099999,"NDOLA SIMON MWANSA KAWEPEWE INTERNATIONAL, ZA",-12.9833333,28.65,1270.1,4/19/2017,64.1,12,10,,999.9,,78.8, ,59.4, ,7,,0,G,9999.9,0,999.9,,999.9,0,73.7,12,7.8,12,4.1,12
67561099999,"NDOLA SIMON MWANSA KAWEPEWE INTERNATIONAL, ZA",-12.9833333,28.65,1270.1,4/20/2017,65.5,6,10000,,999.9,,79.7, ,64.4, ,6,,0,G,9999.9,0,999.9,,999.9,0,68.3,6,7.5,5,2.8,6
67561099999,"NDOLA SIMON MWANSA KAWEPEWE INTERNATIONAL, ZA",-12.9833333,28.65,1270.1,4/21/2017,64.6,10,0,,17.1,,79.7, ,63.5, ,9.9,,0.04,G,9999.9,0,999.9,,999.9,0,71.1,10,7.1,10,6.1,10
67561099999,"NDOLA SIMON MWANSA KAWEPEWE INTERNATIONAL, ZA",-12.9833333,28.65,1270.1,4/22/2017,63.5,14,0,,999.9,,75.2,*,64.4,*,15,,0,G,9999.9,0,999.9,,999.9,0,70.1,14,6.2,7,6.5,14
67561099999,"NDOLA SIMON MWANSA KAWEPEWE INTERNATIONAL, ZA",-12.9833333,28.65,1270.1,4/23/2017,62.9,13,0,,999.9,,80.6,*,61, ,11.1,,0,I,9999.9,0,999.9,,999.9,0,73.3,13,6.1,11,5.2,13
67561099999,"NDOLA SIMON MWANSA KAWEPEWE INTERNATIONAL, ZA",-12.9833333,28.65,1270.1,4/25/2017,65.5,9,110010,,999.9,,80.2, ,62.2, ,8,,0.31,G,9999.9,0,999.9,,999.9,0,71.2,9,6.1,9,4.9,9
67561099999,"NDOLA SIMON MWANSA KAWEPEWE INTERNATIONAL, ZA",-12.9833333,28.65,1270.1,4/26/2017,62.7,14,0,,999.9,,78.6, ,62.1, ,8.9,,0.16,G,9999.9,0,999.9,,999.9,0,67.8,14,6.2,11,5.7,14
67561099999,"NDOLA SIMON MWANSA KAWEPEWE INTERNATIONAL, ZA",-12.9833333,28.65,1270.1,4/27/2017,59.8,16,0,,999.9,,69.8,*,60.8,*,9.9,,0,G,9999.9,0,999.9,,999.9,0,65.7,16,6.9,14,5.8,16
67561099999,"NDOLA SIMON MWANSA KAWEPEWE INTERNATIONAL, ZA",-12.9833333,28.65,1270.1,4/29/2017,56.4,11,0,,999.9,,77,*,55.4,*,12,,0,I,9999.9,0,999.9,,999.9,0,71.6,11,6.2,7,5.8,11
67561099999,"NDOLA SIMON MWANSA KAWEPEWE INTERNATIONAL, ZA",-12.9833333,28.65,1270.1,4/30/2017,56.6,17,0,,999.9,,77,*,59,*,11.1,,0,I,9999.9,0,999.9,,999.9,0,70.8,17,7.6,9,4.2,17
67561099999,"NDOLA SIMON MWANSA KAWEPEWE INTERNATIONAL, ZA",-12.9833333,28.65,1270.1,5/1/2017,58.4,14,0,,999.9,,78.8,*,60.8,*,9.9,,0,I,9999.9,0,999.9,,999.9,0,71,14,7.5,10,5,14
67561099999,"NDOLA SIMON MWANSA KAWEPEWE INTERNATIONAL, ZA",-12.9833333,28.65,1270.1,5/2/2017,55.8,5,0,,999.9,,69.8,*,55.4,*,7,,0,I,9999.9,0,999.9,,999.9,0,63.7,5,999.9,0,3.6,5
67561099999,"NDOLA SIMON MWANSA KAWEPEWE INTERNATIONAL, ZA",-12.9833333,28.65,1270.1,5/3/2017,57.7,12,0,,999.9,,77,*,57.2,*,14,,0,I,9999.9,0,999.9,,999.9,0,69.3,12,6.2,7,5.8,12
67561099999,"NDOLA SIMON MWANSA KAWEPEWE INTERNATIONAL, ZA",-12.9833333,28.65,1270.1,5/4/2017,59.9,14,0,,999.9,,80.6,*,54.3, ,12,,0,I,9999.9,0,999.9,,999.9,0,70.8,14,6.1,7,5.3,14
67561099999,"NDOLA SIMON MWANSA KAWEPEWE INTERNATIONAL, ZA",-12.9833333,28.65,1270.1,5/5/2017,59.4,10,100000,,999.9,,80.6,*,55.2, ,8.9,,0,I,9999.9,0,999.9,,999.9,0,70.2,10,7,8,4.8,10
67561099999,"NDOLA SIMON MWANSA KAWEPEWE INTERNATIONAL, ZA",-12.9833333,28.65,1270.1,5/6/2017,59.9,6,0,,999.9,,71.6,*,59,*,8,,0,I,9999.9,0,999.9,,999.9,0,66.5,6,999.9,0,4.2,6
67561099999,"NDOLA SIMON MWANSA KAWEPEWE INTERNATIONAL, ZA",-12.9833333,28.65,1270.1,5/7/2017,61.5,11,10000,,999.9,,82.4,*,57.2,*,12,,99.99, ,9999.9,0,999.9,,999.9,0,73.1,11,6.2,8,6.4,11
67561099999,"NDOLA SIMON MWANSA KAWEPEWE INTERNATIONAL, ZA",-12.9833333,28.65,1270.1,5/8/2017,64.3,11,10010,,999.9,,82.4, ,58.5, ,11.1,,0,G,9999.9,0,999.9,,999.9,0,68.5,11,7,7,4.6,11
67561099999,"NDOLA SIMON MWANSA KAWEPEWE INTERNATIONAL, ZA",-12.9833333,28.65,1270.1,5/9/2017,60.3,15,0,,999.9,,78.8,*,60.8,*,14,,0,I,9999.9,0,999.9,,999.9,0,70.9,15,6.5,12,5.9,15
67561099999,"NDOLA SIMON MWANSA KAWEPEWE INTERNATIONAL, ZA",-12.9833333,28.65,1270.1,5/10/2017,57.2,6,0,,999.9,,66.2,*,59,*,7,,0,I,9999.9,0,999.9,,999.9,0,63.2,6,999.9,0,5.5,6
67561099999,"NDOLA SIMON MWANSA KAWEPEWE INTERNATIONAL, ZA",-12.9833333,28.65,1270.1,5/12/2017,61.7,4,0,,999.9,,68,*,62.6,*,999.9,,0,I,9999.9,0,999.9,,999.9,0,65.8,4,999.9,0,0,4
67561099999,"NDOLA SIMON MWANSA KAWEPEWE INTERNATIONAL, ZA",-12.9833333,28.65,1270.1,5/13/2017,60.8,15,0,,999.9,,80.6,*,59,*,12,,0,I,9999.9,0,999.9,,999.9,0,72.1,15,6.2,10,4,15
67561099999,"NDOLA SIMON MWANSA KAWEPEWE INTERNATIONAL, ZA",-12.9833333,28.65,1270.1,5/14/2017,60.8,4,0,,999.9,,69.8,*,59,*,6,,0,I,9999.9,0,999.9,,999.9,0,64.8,4,999.9,0,4,4
67561099999,"NDOLA SIMON MWANSA KAWEPEWE INTERNATIONAL, ZA",-12.9833333,28.65,1270.1,5/15/2017,60.5,7,0,,999.9,,80.6,*,64.4,*,9.9,,0,I,9999.9,0,999.9,,999.9,0,74.7,7,6.2,6,5.7,7
67561099999,"NDOLA SIMON MWANSA KAWEPEWE INTERNATIONAL, ZA",-12.9833333,28.65,1270.1,5/16/2017,60.3,9,0,,999.9,,81.7, ,58.1, ,9.9,,0,I,9999.9,0,999.9,,999.9,0,71.7,9,6.2,7,5.7,9
67561099999,"NDOLA SIMON MWANSA KAWEPEWE INTERNATIONAL, ZA",-12.9833333,28.65,1270.1,5/17/2017,57,16,0,,999.9,,81.5, ,55.8, ,12,,0,I,9999.9,0,999.9,,999.9,0,71.4,16,6.1,9,5.4,16
67561099999,"NDOLA SIMON MWANSA KAWEPEWE INTERNATIONAL, ZA",-12.9833333,28.65,1270.1,5/18/2017,58.5,4,0,,999.9,,71.6,*,62.6,*,6,,0,I,9999.9,0,999.9,,999.9,0,64.4,4,999.9,0,2.5,4
67561099999,"NDOLA SIMON MWANSA KAWEPEWE INTERNATIONAL, ZA",-12.9833333,28.65,1270.1,5/19/2017,56.8,11,0,,999.9,,81.7, ,55, ,9.9,,0,I,9999.9,0,999.9,,999.9,0,73.7,11,6.1,8,6,11
67561099999,"NDOLA SIMON MWANSA KAWEPEWE INTERNATIONAL, ZA",-12.9833333,28.65,1270.1,5/20/2017,56,16,0,,999.9,,78.8,*,57.2,*,13,,0,I,9999.9,0,999.9,,999.9,0,67.9,16,6.1,6,5.1,16
67561099999,"NDOLA SIMON MWANSA KAWEPEWE INTERNATIONAL, ZA",-12.9833333,28.65,1270.1,5/21/2017,55.5,14,0,,999.9,,80.6,*,53.6,*,12,,0,I,9999.9,0,999.9,,999.9,0,70.1,14,6.1,8,6,14
67561099999,"NDOLA SIMON MWANSA KAWEPEWE INTERNATIONAL, ZA",-12.9833333,28.65,1270.1,5/23/2017,56.6,10,0,,999.9,,80.6, ,54.1, ,9.9,,0,I,9999.9,0,999.9,,999.9,0,70.5,10,5.9,7,5,10
67561099999,"NDOLA SIMON MWANSA KAWEPEWE INTERNATIONAL, ZA",-12.9833333,28.65,1270.1,5/25/2017,56.6,10,100000,,999.9,,82.2, ,52.7, ,8,,0,I,9999.9,0,999.9,,999.9,0,69.4,10,5.5,5,4.1,10
67561099999,"NDOLA SIMON MWANSA KAWEPEWE INTERNATIONAL, ZA",-12.9833333,28.65,1270.1,5/26/2017,56.3,4,0,,999.9,,68,*,59,*,5.1,,0,I,9999.9,0,999.9,,999.9,0,64.4,4,999.9,0,2,4
67561099999,"NDOLA SIMON MWANSA KAWEPEWE INTERNATIONAL, ZM",-12.96179,28.51624,1309,2/18/2025,66.8,4,10000,,999.9,,84.2,*,68.7,*,8,,99.99, ,9999.9,0,999.9,,999.9,0,76.5,4,17.9,4,5.8,4
67561099999,"NDOLA SIMON MWANSA KAWEPEWE INTERNATIONAL, ZM",-12.96179,28.51624,1309,2/20/2025,66.7,4,10000,,999.9,,79.5,*,67.1,*,8.9,,0.79,G,9999.9,0,999.9,,999.9,0,73.5,4,12.9,4,8.4,4
